SensorIndex_1,AccelX_1,AccelY_1,AccelZ_1,GyroX_1,GyroY_1,GyroZ_1,MagX_1,MagY_1,MagZ_1,Quat1_1,Quat2_1,Quat3_1,Quat4_1,Sampletime_1,Package_1
0,0.03999999910593033,-0.07999999821186066,9.699999809265137,0.0625,-0.125,0.0625,30.6875,-31.25,-20.0625,-0.3962460458278656,-0.004760812036693096,0.007141217589378357,-0.9181042313575745,19640,1
0,0.03999999910593033,-0.07000000029802322,9.739999771118164,0.125,0.0625,0,30.6875,-31.25,-20.0625,-0.3962460458278656,-0.004760812036693096,0.007141217589378357,-0.9181042313575745,19650,2
0,0.05999999865889549,-0.07999999821186066,9.739999771118164,0.0625,0,0.125,29.875,-32.375,-20.0625,-0.3962460458278656,-0.004760812036693096,0.007141217589378357,-0.9181042313575745,19660,3
0,0.05999999865889549,-0.07000000029802322,9.729999542236328,0.0625,-0.25,-0.0625,29.875,-32.375,-20.0625,-0.3962460458278656,-0.004760812036693096,0.007141217589378357,-0.9181042313575745,19670,4
0,0.03999999910593033,-0.10000000149011612,9.710000038146973,-0.125,-0.1875,0.0625,29.875,-32.375,-20.0625,-0.3962460458278656,-0.004760812036693096,0.007141217589378357,-0.9181042313575745,19680,5
0,0.05000000074505806,-0.05999999865889549,9.710000038146973,0.125,-0.125,0,29.875,-32.375,-20.0625,-0.3962460458278656,-0.004760812036693096,0.007141217589378357,-0.9181042313575745,19690,6
0,0.03999999910593033,-0.07999999821186066,9.729999542236328,0,-0.1875,0,29.875,-32.375,-20.0625,-0.3962460458278656,-0.004760812036693096,0.007141217589378357,-0.9181042313575745,19700,7
0,0.05999999865889549,-0.09000000357627869,9.760000228881836,0.0625,0,0.125,29.1875,-30.1875,-19.5625,-0.3962460458278656,-0.004760812036693096,0.007141217589378357,-0.9181042313575745,19710,8
0,0.03999999910593033,-0.07000000029802322,9.770000457763672,0,-0.1875,0.0625,29.1875,-30.1875,-19.5625,-0.3962460458278656,-0.004760812036693096,0.007141217589378357,-0.9181042313575745,19720,9
0,0.05999999865889549,-0.09000000357627869,9.720000267028809,0.0625,0,0.0625,29.1875,-30.1875,-19.5625,-0.3962460458278656,-0.004760812036693096,0.007141217589378357,-0.9181042313575745,19730,10
0,0.05000000074505806,-0.07999999821186066,9.729999542236328,0.0625,-0.0625,0,29.1875,-30.1875,-19.5625,-0.3962460458278656,-0.004760812036693096,0.007141217589378357,-0.9181042313575745,19740,11
0,0.05999999865889549,-0.07999999821186066,9.739999771118164,0,-0.125,0.0625,29.1875,-30.1875,-19.5625,-0.3962460458278656,-0.004760812036693096,0.007141217589378357,-0.9181042313575745,19750,12
0,0.05000000074505806,-0.07999999821186066,9.739999771118164,0.0625,-0.125,0.0625,29.5,-27.1875,-18.0625,-0.3962460458278656,-0.004760812036693096,0.007141217589378357,-0.9181042313575745,19760,13
0,0.07000000029802322,-0.09000000357627869,9.739999771118164,0.0625,0.0625,0.125,29.5,-27.1875,-18.0625,-0.3962460458278656,-0.004760812036693096,0.007141217589378357,-0.9181042313575745,19770,14
0,0.05000000074505806,-0.07000000029802322,9.699999809265137,0.1875,-0.0625,0,29.5,-27.1875,-18.0625,-0.3962460458278656,-0.004760812036693096,0.007141217589378357,-0.9181042313575745,19780,15
0,0.03999999910593033,-0.09000000357627869,9.699999809265137,-0.0625,-0.125,-0.0625,29.5,-27.1875,-18.0625,-0.3962460458278656,-0.004760812036693096,0.007141217589378357,-0.9181042313575745,19790,16
0,0.05999999865889549,-0.09000000357627869,9.739999771118164,0,-0.0625,0.0625,29.5,-27.1875,-18.0625,-0.3962460458278656,-0.004760812036693096,0.007141217589378357,-0.9181042313575745,19800,17
0,0.05999999865889549,-0.09000000357627869,9.75,0,-0.0625,0,29.1875,-28.6875,-18.5,-0.3962460458278656,-0.004760812036693096,0.007141217589378357,-0.9181042313575745,19810,18
0,0.05999999865889549,-0.05999999865889549,9.729999542236328,-0.1875,0.0625,-0.0625,29.1875,-28.6875,-18.5,-0.3962460458278656,-0.004760812036693096,0.007141217589378357,-0.9181042313575745,19820,19
0,0.05999999865889549,-0.07999999821186066,9.729999542236328,0,-0.0625,0,29.1875,-28.6875,-18.5,-0.3962460458278656,-0.004760812036693096,0.007141217589378357,-0.9181042313575745,19830,20
0,0.03999999910593033,-0.07000000029802322,9.729999542236328,-0.0625,-0.0625,0,29.1875,-28.6875,-18.5,-0.3962460458278656,-0.004760812036693096,0.007141217589378357,-0.9181042313575745,19840,21
0,0.03999999910593033,-0.09000000357627869,9.739999771118164,-0.0625,-0.1875,-0.0625,29.1875,-28.6875,-18.5,-0.3962460458278656,-0.004760812036693096,0.007141217589378357,-0.9181042313575745,19850,22
0,0.05999999865889549,-0.07999999821186066,9.760000228881836,0.0625,0.125,0,29.1875,-30.1875,-19.25,-0.3962460458278656,-0.004760812036693096,0.007141217589378357,-0.9181042313575745,19860,23
0,0.05999999865889549,-0.09000000357627869,9.720000267028809,0.125,0.0625,0.0625,29.1875,-30.1875,-19.25,-0.3962460458278656,-0.004760812036693096,0.007141217589378357,-0.9181042313575745,19870,24
0,0.05000000074505806,-0.10000000149011612,9.710000038146973,0,-0.0625,0,29.1875,-30.1875,-19.25,-0.3962460458278656,-0.004760812036693096,0.007141217589378357,-0.9181042313575745,19880,25
0,0.03999999910593033,-0.10000000149011612,9.720000267028809,-0.0625,-0.0625,-0.0625,29.1875,-30.1875,-19.25,-0.3962460458278656,-0.004760812036693096,0.007141217589378357,-0.9181042313575745,19890,26
0,0.03999999910593033,-0.07000000029802322,9.739999771118164,0.0625,-0.25,0.0625,29.1875,-30.1875,-19.25,-0.3962460458278656,-0.004760812036693096,0.007141217589378357,-0.9181042313575745,19900,27
0,0.05000000074505806,-0.07000000029802322,9.739999771118164,0.125,0,0.125,29.5,-23.75,-20.0625,-0.3962460458278656,-0.004760812036693096,0.007141217589378357,-0.9181042313575745,19910,28
0,0.05000000074505806,-0.09000000357627869,9.720000267028809,0.125,-0.25,0.0625,29.5,-23.75,-20.0625,-0.3962460458278656,-0.004760812036693096,0.007141217589378357,-0.9181042313575745,19920,29
0,0.05999999865889549,-0.09000000357627869,9.75,0,-0.25,0.125,29.5,-23.75,-20.0625,-0.3962460458278656,-0.004760812036693096,0.007141217589378357,-0.9181042313575745,19930,30
0,0.03999999910593033,-0.07000000029802322,9.720000267028809,0,-0.1875,-0.0625,29.5,-23.75,-20.0625,-0.3962460458278656,-0.004760812036693096,0.007141217589378357,-0.9181042313575745,19940,31
0,0.05000000074505806,-0.09000000357627869,9.760000228881836,0.0625,0.0625,0.0625,29.5,-23.75,-20.0625,-0.3962460458278656,-0.004760812036693096,0.007141217589378357,-0.9181042313575745,19950,32
0,0.05999999865889549,-0.07999999821186066,9.720000267028809,0.1875,-0.0625,0,30.6875,-28.25,-18.875,-0.3962460458278656,-0.004760812036693096,0.007141217589378357,-0.9181042313575745,19960,33
0,0.05999999865889549,-0.10000000149011612,9.739999771118164,0.0625,0.0625,0.0625,30.6875,-28.25,-18.875,-0.3962460458278656,-0.004760812036693096,0.007141217589378357,-0.9181042313575745,19970,34
0,0.03999999910593033,-0.07999999821186066,9.739999771118164,-0.125,-0.0625,0,30.6875,-28.25,-18.875,-0.3962460458278656,-0.004760812036693096,0.007141217589378357,-0.9181042313575745,19980,35
0,0.05999999865889549,-0.05999999865889549,9.75,0.0625,0.0625,0,30.6875,-28.25,-18.875,-0.3962460458278656,-0.004760812036693096,0.007141217589378357,-0.9181042313575745,19990,36
0,0.07000000029802322,-0.09000000357627869,9.729999542236328,0.125,-0.3125,0.0625,30.6875,-28.25,-18.875,-0.3962460458278656,-0.004760812036693096,0.007141217589378357,-0.9181042313575745,20000,37
0,0.07000000029802322,-0.07000000029802322,9.760000228881836,0.0625,-0.125,0,29.875,-28.25,-18.5,-0.3962460458278656,-0.004760812036693096,0.007141217589378357,-0.9181042313575745,20010,38
0,0.03999999910593033,-0.07000000029802322,9.739999771118164,0.0625,-0.1875,0,29.875,-28.25,-18.5,-0.3962460458278656,-0.004760812036693096,0.007141217589378357,-0.9181042313575745,20020,39
0,0.05999999865889549,-0.05000000074505806,9.729999542236328,0.0625,0.125,0,29.875,-28.25,-18.5,-0.3962460458278656,-0.004760812036693096,0.007141217589378357,-0.9181042313575745,20030,40
0,0.05000000074505806,-0.09000000357627869,9.720000267028809,-0.0625,-0.0625,0,29.875,-28.25,-18.5,-0.3962460458278656,-0.004760812036693096,0.007141217589378357,-0.9181042313575745,20040,41
0,0.029999999329447746,-0.05999999865889549,9.720000267028809,0.0625,0,0,29.875,-28.25,-18.5,-0.3962460458278656,-0.004760812036693096,0.007141217589378357,-0.9181042313575745,20050,42
0,0.029999999329447746,-0.07000000029802322,9.760000228881836,0.125,0.125,-0.0625,29.5,-27.5,-18.75,-0.3962460458278656,-0.004760812036693096,0.007141217589378357,-0.9181042313575745,20061,43
0,0.029999999329447746,-0.09000000357627869,9.760000228881836,0,0,-0.125,29.5,-27.5,-18.75,-0.3962460458278656,-0.004760812036693096,0.007141217589378357,-0.9181042313575745,20071,44
0,0.03999999910593033,-0.05000000074505806,9.729999542236328,0.0625,-0.125,-0.0625,29.5,-27.5,-18.75,-0.3962460458278656,-0.004760812036693096,0.007141217589378357,-0.9181042313575745,20081,45
0,0.03999999910593033,-0.07999999821186066,9.729999542236328,0,0.0625,0.125,29.5,-27.5,-18.75,-0.3962460458278656,-0.004760812036693096,0.007141217589378357,-0.9181042313575745,20090,46
0,0.03999999910593033,-0.09000000357627869,9.75,-0.0625,-0.125,0.0625,29.5,-27.5,-18.75,-0.3962460458278656,-0.004760812036693096,0.007141217589378357,-0.9181042313575745,20100,47
0,0.05000000074505806,-0.09000000357627869,9.75,0,-0.125,0,31.375,-28.25,-18.875,-0.3962460458278656,-0.004760812036693096,0.007141217589378357,-0.9181042313575745,20111,48
0,0.03999999910593033,-0.07999999821186066,9.729999542236328,-0.125,-0.0625,0.125,31.375,-28.25,-18.875,-0.3962460458278656,-0.004760812036693096,0.007141217589378357,-0.9181042313575745,20120,49
0,0.07000000029802322,-0.07999999821186066,9.729999542236328,0,-0.0625,0,31.375,-28.25,-18.875,-0.3962460458278656,-0.004760812036693096,0.007141217589378357,-0.9181042313575745,20130,50
0,0.07000000029802322,-0.07999999821186066,9.720000267028809,0,-0.125,0,31.375,-28.25,-18.875,-0.3962460458278656,-0.004760812036693096,0.007141217589378357,-0.9181042313575745,20140,51
0,0.05000000074505806,-0.09000000357627869,9.729999542236328,0,-0.0625,0,31.375,-28.25,-18.875,-0.3962460458278656,-0.004760812036693096,0.007141217589378357,-0.9181042313575745,20150,52
0,0.03999999910593033,-0.09000000357627869,9.720000267028809,0,0.25,0,29.5,-18.5,-19.25,-0.3962460458278656,-0.004760812036693096,0.007141217589378357,-0.9181042313575745,20161,53
0,0.05000000074505806,-0.07000000029802322,9.729999542236328,0,0,0,29.5,-18.5,-19.25,-0.3962460458278656,-0.004760812036693096,0.007141217589378357,-0.9181042313575745,20171,54
0,0.05999999865889549,-0.05999999865889549,9.699999809265137,0,0.0625,0,29.5,-18.5,-19.25,-0.3962460458278656,-0.004760812036693096,0.007141217589378357,-0.9181042313575745,20181,55
0,0.05999999865889549,-0.10000000149011612,9.729999542236328,0.0625,0.0625,0.0625,29.5,-18.5,-19.25,-0.3962460458278656,-0.004760812036693096,0.007141217589378357,-0.9181042313575745,20190,56
0,0.05000000074505806,-0.07999999821186066,9.760000228881836,0.1875,-0.125,0.125,29.5,-18.5,-19.25,-0.3962460458278656,-0.004760812036693096,0.007141217589378357,-0.9181042313575745,20200,57
0,0.05000000074505806,-0.10000000149011612,9.760000228881836,0.125,-0.0625,0.125,29.875,-26.375,-20.0625,-0.3962460458278656,-0.004760812036693096,0.007141217589378357,-0.9181042313575745,20211,58
0,0.03999999910593033,-0.09000000357627869,9.75,-0.0625,0.125,0,29.875,-26.375,-20.0625,-0.3962460458278656,-0.004760812036693096,0.007141217589378357,-0.9181042313575745,20221,59
0,0.05000000074505806,-0.03999999910593033,9.710000038146973,0.125,0.1875,-0.0625,29.875,-26.375,-20.0625,-0.3962460458278656,-0.004760812036693096,0.007141217589378357,-0.9181042313575745,20231,60
0,0.029999999329447746,-0.07000000029802322,9.710000038146973,0.0625,-0.1875,0,29.875,-26.375,-20.0625,-0.3962460458278656,-0.004760812036693096,0.007141217589378357,-0.9181042313575745,20241,61
0,0.029999999329447746,-0.09000000357627869,9.739999771118164,0.0625,-0.0625,0.0625,29.875,-26.375,-20.0625,-0.3962460458278656,-0.004760812036693096,0.007141217589378357,-0.9181042313575745,20250,62
0,0.03999999910593033,-0.05999999865889549,9.739999771118164,-0.125,-0.0625,0.125,29.875,-27.5,-18.75,-0.3962460458278656,-0.004760812036693096,0.007141217589378357,-0.9181042313575745,20261,63
0,0.07000000029802322,-0.09000000357627869,9.699999809265137,0,-0.125,-0.0625,29.875,-27.5,-18.75,-0.3962460458278656,-0.004760812036693096,0.007141217589378357,-0.9181042313575745,20271,64
0,0.05000000074505806,-0.07999999821186066,9.710000038146973,0.0625,0,-0.0625,29.875,-27.5,-18.75,-0.3962460458278656,-0.004760812036693096,0.007141217589378357,-0.9181042313575745,20281,65
0,0.05000000074505806,-0.07999999821186066,9.760000228881836,0.0625,0,-0.0625,29.875,-27.5,-18.75,-0.3962460458278656,-0.004760812036693096,0.007141217589378357,-0.9181042313575745,20290,66
0,0.07000000029802322,-0.05999999865889549,9.760000228881836,-0.0625,-0.0625,0.0625,29.875,-27.5,-18.75,-0.3962460458278656,-0.004760812036693096,0.007141217589378357,-0.9181042313575745,20300,67
0,0.05999999865889549,-0.07000000029802322,9.720000267028809,-0.0625,-0.25,0,29.1875,-27.875,-19.5625,-0.3962460458278656,-0.004760812036693096,0.007141217589378357,-0.9181042313575745,20311,68
0,0.029999999329447746,-0.10000000149011612,9.739999771118164,0.125,-0.1875,0.0625,29.1875,-27.875,-19.5625,-0.3962460458278656,-0.004760812036693096,0.007141217589378357,-0.9181042313575745,20321,69
0,0.05000000074505806,-0.09000000357627869,9.710000038146973,0,-0.125,0,29.1875,-27.875,-19.5625,-0.3962460458278656,-0.004760812036693096,0.007141217589378357,-0.9181042313575745,20331,70
0,0.05999999865889549,-0.07000000029802322,9.729999542236328,0.125,-0.0625,0,29.1875,-27.875,-19.5625,-0.3962460458278656,-0.004760812036693096,0.007141217589378357,-0.9181042313575745,20341,71
0,0.07000000029802322,-0.07999999821186066,9.739999771118164,0,-0.1875,0.0625,29.1875,-27.875,-19.5625,-0.3962460458278656,-0.004760812036693096,0.007141217589378357,-0.9181042313575745,20350,72
0,0.05000000074505806,-0.09000000357627869,9.75,0.125,-0.25,0.0625,30.6875,-17.375,-18.0625,-0.3962460458278656,-0.004760812036693096,0.007141217589378357,-0.9181042313575745,20361,73
0,0.05999999865889549,-0.09000000357627869,9.739999771118164,-0.0625,0.1875,0,30.6875,-17.375,-18.0625,-0.3962460458278656,-0.004760812036693096,0.007141217589378357,-0.9181042313575745,20371,74
0,0.05999999865889549,-0.07000000029802322,9.710000038146973,0,-0.0625,0,30.6875,-17.375,-18.0625,-0.3962460458278656,-0.004760812036693096,0.007141217589378357,-0.9181042313575745,20381,75
0,0.05999999865889549,-0.07000000029802322,9.739999771118164,-0.0625,-0.0625,0,30.6875,-17.375,-18.0625,-0.3962460458278656,-0.004760812036693096,0.007141217589378357,-0.9181042313575745,20390,76
0,0.05999999865889549,-0.07000000029802322,9.720000267028809,0,-0.125,0.0625,30.6875,-17.375,-18.0625,-0.3962460458278656,-0.004760812036693096,0.007141217589378357,-0.9181042313575745,20400,77
0,0.05000000074505806,-0.05999999865889549,9.729999542236328,0,-0.125,-0.0625,30.25,-30.1875,-19.25,-0.3962460458278656,-0.004760812036693096,0.007141217589378357,-0.9181042313575745,20411,78
0,0.03999999910593033,-0.07000000029802322,9.729999542236328,0.125,-0.0625,0.1875,30.25,-30.1875,-19.25,-0.3962460458278656,-0.004760812036693096,0.007141217589378357,-0.9181042313575745,20421,79
0,0.05000000074505806,-0.07000000029802322,9.729999542236328,-0.0625,0.0625,0.0625,30.25,-30.1875,-19.25,-0.3962460458278656,-0.004760812036693096,0.007141217589378357,-0.9181042313575745,20431,80
0,0.05000000074505806,-0.10000000149011612,9.710000038146973,0.125,0.0625,0,30.25,-30.1875,-19.25,-0.3962460458278656,-0.004760812036693096,0.007141217589378357,-0.9181042313575745,20441,81
0,0.05000000074505806,-0.07999999821186066,9.720000267028809,-0.125,-0.0625,0,30.25,-30.1875,-19.25,-0.3962460458278656,-0.004760812036693096,0.007141217589378357,-0.9181042313575745,20450,82
0,0.05999999865889549,-0.09000000357627869,9.789999961853027,0.0625,0.0625,-0.0625,30.25,-30.5,-18.0625,-0.3962460458278656,-0.004760812036693096,0.007141217589378357,-0.9181042313575745,20461,83
0,0.05000000074505806,-0.07000000029802322,9.739999771118164,0,0.1875,-0.0625,30.25,-30.5,-18.0625,-0.3962460458278656,-0.004760812036693096,0.007141217589378357,-0.9181042313575745,20471,84
0,0.05000000074505806,-0.09000000357627869,9.739999771118164,0,0,0.0625,30.25,-30.5,-18.0625,-0.3962460458278656,-0.004760812036693096,0.007141217589378357,-0.9181042313575745,20481,85
0,0.03999999910593033,-0.09000000357627869,9.760000228881836,0,0,0.0625,30.25,-30.5,-18.0625,-0.3962460458278656,-0.004760812036693096,0.007141217589378357,-0.9181042313575745,20491,86
0,0.05000000074505806,-0.07999999821186066,9.729999542236328,0.0625,-0.0625,0.0625,30.25,-30.5,-18.0625,-0.3962460458278656,-0.004760812036693096,0.007141217589378357,-0.9181042313575745,20500,87
0,0.05000000074505806,-0.07999999821186066,9.739999771118164,-0.0625,0,0.0625,29.875,-28.25,-19.25,-0.3962460458278656,-0.004760812036693096,0.007141217589378357,-0.9181042313575745,20512,88
0,0.05000000074505806,-0.07999999821186066,9.760000228881836,0.0625,0,0.125,29.875,-28.25,-19.25,-0.3962460458278656,-0.004760812036693096,0.007141217589378357,-0.9181042313575745,20521,89
0,0.03999999910593033,-0.07999999821186066,9.739999771118164,0,0.0625,0.0625,29.875,-28.25,-19.25,-0.3962460458278656,-0.004760812036693096,0.007141217589378357,-0.9181042313575745,20532,90
0,0.05000000074505806,-0.07000000029802322,9.720000267028809,0,-0.125,0.125,29.875,-28.25,-19.25,-0.3962460458278656,-0.004760812036693096,0.007141217589378357,-0.9181042313575745,20542,91
0,0.03999999910593033,-0.07999999821186066,9.720000267028809,0,-0.1875,0.0625,29.875,-28.25,-19.25,-0.3962460458278656,-0.004760812036693096,0.007141217589378357,-0.9181042313575745,20550,92
0,0.03999999910593033,-0.07999999821186066,9.770000457763672,-0.125,-0.125,0.0625,29.875,-30.1875,-19.25,-0.3962460458278656,-0.004760812036693096,0.007141217589378357,-0.9181042313575745,20562,93
0,0.05999999865889549,-0.07000000029802322,9.720000267028809,0,-0.125,0,29.875,-30.1875,-19.25,-0.3962460458278656,-0.004760812036693096,0.007141217589378357,-0.9181042313575745,20572,94
0,0.05000000074505806,-0.07999999821186066,9.710000038146973,0,-0.25,0.0625,29.875,-30.1875,-19.25,-0.3962460458278656,-0.004760812036693096,0.007141217589378357,-0.9181042313575745,20582,95
0,0.07999999821186066,-0.07000000029802322,9.729999542236328,-0.0625,0,-0.0625,29.875,-30.1875,-19.25,-0.3962460458278656,-0.004760812036693096,0.007141217589378357,-0.9181042313575745,20591,96
0,0.05000000074505806,-0.07999999821186066,9.739999771118164,0,0,0,29.875,-30.1875,-19.25,-0.3962460458278656,-0.004760812036693096,0.007141217589378357,-0.9181042313575745,20600,97
0,0.05000000074505806,-0.10000000149011612,9.739999771118164,0.125,-0.0625,0.0625,29.875,-28.25,-17.5625,-0.3962460458278656,-0.004760812036693096,0.007141217589378357,-0.9181042313575745,20612,98
0,0.03999999910593033,-0.07000000029802322,9.710000038146973,-0.125,0.0625,-0.0625,29.875,-28.25,-17.5625,-0.3962460458278656,-0.004760812036693096,0.007141217589378357,-0.9181042313575745,20622,99
0,0.05000000074505806,-0.09000000357627869,9.710000038146973,-0.0625,-0.0625,0.1875,29.875,-28.25,-17.5625,-0.3962460458278656,-0.004760812036693096,0.007141217589378357,-0.9181042313575745,20632,100
0,0.05000000074505806,-0.10000000149011612,9.720000267028809,0.125,-0.4375,0.0625,29.875,-28.25,-17.5625,-0.3962460458278656,-0.004760812036693096,0.007141217589378357,-0.9181042313575745,20642,101
0,0.05999999865889549,-0.07999999821186066,9.739999771118164,-0.0625,-0.0625,0.0625,29.875,-28.25,-17.5625,-0.3962460458278656,-0.004760812036693096,0.007141217589378357,-0.9181042313575745,20650,102
0,0.05000000074505806,-0.09000000357627869,9.75,-0.0625,0.0625,-0.125,29.875,-24.875,-20.0625,-0.3962460458278656,-0.004760812036693096,0.007141217589378357,-0.9181042313575745,20662,103
0,0.05999999865889549,-0.07999999821186066,9.710000038146973,-0.0625,0.0625,0.125,29.875,-24.875,-20.0625,-0.3962460458278656,-0.004760812036693096,0.007141217589378357,-0.9181042313575745,20672,104
0,0.029999999329447746,-0.07000000029802322,9.710000038146973,0,0.0625,0,29.875,-24.875,-20.0625,-0.3962460458278656,-0.004760812036693096,0.007141217589378357,-0.9181042313575745,20682,105
0,0.05999999865889549,-0.09000000357627869,9.710000038146973,0,0.125,0,29.875,-24.875,-20.0625,-0.3962460458278656,-0.004760812036693096,0.007141217589378357,-0.9181042313575745,20691,106
0,0.05999999865889549,-0.07999999821186066,9.770000457763672,0.0625,-0.0625,0,29.875,-24.875,-20.0625,-0.3962460458278656,-0.004760812036693096,0.007141217589378357,-0.9181042313575745,20700,107
0,0.029999999329447746,-0.07999999821186066,9.75,0.0625,-0.125,0.0625,30.6875,-27.5,-18.5,-0.3962460458278656,-0.004760812036693096,0.007141217589378357,-0.9181042313575745,20712,108
0,0.05000000074505806,-0.07999999821186066,9.760000228881836,0.125,-0.125,0,30.6875,-27.5,-18.5,-0.3962460458278656,-0.004760812036693096,0.007141217589378357,-0.9181042313575745,20722,109
0,0.029999999329447746,-0.09000000357627869,9.710000038146973,0,0.0625,0.0625,30.6875,-27.5,-18.5,-0.3962460458278656,-0.004760812036693096,0.007141217589378357,-0.9181042313575745,20732,110
0,0.05999999865889549,-0.09000000357627869,9.739999771118164,0,-0.125,0,30.6875,-27.5,-18.5,-0.3962460458278656,-0.004760812036693096,0.007141217589378357,-0.9181042313575745,20742,111
0,0.07000000029802322,-0.05999999865889549,9.739999771118164,0.125,0,-0.0625,30.6875,-27.5,-18.5,-0.3962460458278656,-0.004760812036693096,0.007141217589378357,-0.9181042313575745,20750,112
0,0.05999999865889549,-0.09000000357627869,9.75,0.0625,-0.125,0,29.875,-27.875,-20.5,-0.3962460458278656,-0.004760812036693096,0.007141217589378357,-0.9181042313575745,20762,113
0,0.05000000074505806,-0.07999999821186066,9.720000267028809,-0.0625,-0.0625,0,29.875,-27.875,-20.5,-0.3962460458278656,-0.004760812036693096,0.007141217589378357,-0.9181042313575745,20772,114
0,0.07000000029802322,-0.07000000029802322,9.710000038146973,0.0625,-0.0625,-0.0625,29.875,-27.875,-20.5,-0.3962460458278656,-0.004760812036693096,0.007141217589378357,-0.9181042313575745,20782,115
0,0.05999999865889549,-0.07999999821186066,9.729999542236328,0,-0.125,0,29.875,-27.875,-20.5,-0.3962460458278656,-0.004760812036693096,0.007141217589378357,-0.9181042313575745,20791,116
0,0.03999999910593033,-0.07999999821186066,9.760000228881836,-0.125,0.0625,-0.0625,29.875,-27.875,-20.5,-0.3962460458278656,-0.004760812036693096,0.007141217589378357,-0.9181042313575745,20800,117
0,0.03999999910593033,-0.10000000149011612,9.75,0,0,-0.0625,28.75,-27.1875,-19.5625,-0.3962460458278656,-0.004760812036693096,0.007141217589378357,-0.9181042313575745,20812,118
0,0.05000000074505806,-0.10000000149011612,9.720000267028809,0.125,-0.0625,0.0625,28.75,-27.1875,-19.5625,-0.3962460458278656,-0.004760812036693096,0.007141217589378357,-0.9181042313575745,20822,119
0,0.05000000074505806,-0.09000000357627869,9.670000076293945,-0.125,-0.0625,0.0625,28.75,-27.1875,-19.5625,-0.3962460458278656,-0.004760812036693096,0.007141217589378357,-0.9181042313575745,20832,120
0,0.05000000074505806,-0.05999999865889549,9.739999771118164,0.1875,-0.0625,0,28.75,-27.1875,-19.5625,-0.3962460458278656,-0.004760812036693096,0.007141217589378357,-0.9181042313575745,20842,121
0,0.019999999552965164,-0.07000000029802322,9.739999771118164,0.125,-0.0625,-0.125,28.75,-27.1875,-19.5625,-0.3962460458278656,-0.004760812036693096,0.007141217589378357,-0.9181042313575745,20850,122
0,0.05999999865889549,-0.09000000357627869,9.729999542236328,0.0625,-0.0625,0.0625,30.25,-26.75,-18.0625,-0.3962460458278656,-0.004760812036693096,0.007141217589378357,-0.9181042313575745,20862,123
0,0.03999999910593033,-0.07999999821186066,9.729999542236328,-0.0625,-0.0625,-0.125,30.25,-26.75,-18.0625,-0.3962460458278656,-0.004760812036693096,0.007141217589378357,-0.9181042313575745,20872,124
0,0.019999999552965164,-0.07000000029802322,9.699999809265137,0.0625,0,0,30.25,-26.75,-18.0625,-0.3962460458278656,-0.004760812036693096,0.007141217589378357,-0.9181042313575745,20882,125
0,0.05000000074505806,-0.07999999821186066,9.710000038146973,-0.0625,-0.0625,0.0625,30.25,-26.75,-18.0625,-0.3962460458278656,-0.004760812036693096,0.007141217589378357,-0.9181042313575745,20892,126
0,0.07999999821186066,-0.09000000357627869,9.760000228881836,-0.125,-0.0625,0,30.25,-26.75,-18.0625,-0.3962460458278656,-0.004760812036693096,0.007141217589378357,-0.9181042313575745,20900,127
0,0.05999999865889549,-0.09000000357627869,9.729999542236328,-0.0625,0.0625,0.0625,29.875,-27.5,-20.0625,-0.3962460458278656,-0.004760812036693096,0.007141217589378357,-0.9181042313575745,20912,128
0,0.05999999865889549,-0.07000000029802322,9.710000038146973,0,-0.125,0,29.875,-27.5,-20.0625,-0.3962460458278656,-0.004760812036693096,0.007141217589378357,-0.9181042313575745,20922,129
0,0.03999999910593033,-0.07000000029802322,9.720000267028809,0.125,-0.1875,0,29.875,-27.5,-20.0625,-0.3962460458278656,-0.004760812036693096,0.007141217589378357,-0.9181042313575745,20932,130
0,0.05000000074505806,-0.05999999865889549,9.720000267028809,-0.0625,0.0625,-0.0625,29.875,-27.5,-20.0625,-0.3962460458278656,-0.004760812036693096,0.007141217589378357,-0.9181042313575745,20942,131
0,0.03999999910593033,-0.09000000357627869,9.739999771118164,0.125,0,0,29.875,-27.5,-20.0625,-0.3962460458278656,-0.004760812036693096,0.007141217589378357,-0.9181042313575745,20950,132
0,0.07000000029802322,-0.07999999821186066,9.760000228881836,0.1875,-0.125,0.0625,30.6875,-27.875,-19.25,-0.3962460458278656,-0.004760812036693096,0.007141217589378357,-0.9181042313575745,20963,133
0,0.05000000074505806,-0.07000000029802322,9.729999542236328,-0.0625,-0.125,0.0625,30.6875,-27.875,-19.25,-0.3962460458278656,-0.004760812036693096,0.007141217589378357,-0.9181042313575745,20972,134
0,0.03999999910593033,-0.07999999821186066,9.760000228881836,0.0625,0,0.0625,30.6875,-27.875,-19.25,-0.3962460458278656,-0.004760812036693096,0.007141217589378357,-0.9181042313575745,20983,135
0,0.05999999865889549,-0.07999999821186066,9.729999542236328,0,0,0.0625,30.6875,-27.875,-19.25,-0.3962460458278656,-0.004760812036693096,0.007141217589378357,-0.9181042313575745,20992,136
0,0.05000000074505806,-0.07999999821186066,9.739999771118164,0,0,0,30.6875,-27.875,-19.25,-0.3962460458278656,-0.004760812036693096,0.007141217589378357,-0.9181042313575745,21000,137
0,0.05000000074505806,-0.07999999821186066,9.760000228881836,0,0.125,0.125,28.75,-28.25,-19.25,-0.3962460458278656,-0.004760812036693096,0.007141217589378357,-0.9181042313575745,21013,138
0,0.05000000074505806,-0.07000000029802322,9.75,0.0625,0.125,0,28.75,-28.25,-19.25,-0.3962460458278656,-0.004760812036693096,0.007141217589378357,-0.9181042313575745,21023,139
0,0.07000000029802322,-0.07999999821186066,9.710000038146973,0,-0.125,0.0625,28.75,-28.25,-19.25,-0.3962460458278656,-0.004760812036693096,0.007141217589378357,-0.9181042313575745,21033,140
0,0.03999999910593033,-0.10000000149011612,9.739999771118164,0.0625,-0.0625,-0.0625,28.75,-28.25,-19.25,-0.3962460458278656,-0.004760812036693096,0.007141217589378357,-0.9181042313575745,21043,141
0,0.07000000029802322,-0.10000000149011612,9.739999771118164,0.0625,-0.0625,0.0625,28.75,-28.25,-19.25,-0.3962460458278656,-0.004760812036693096,0.007141217589378357,-0.9181042313575745,21050,142
0,0.05000000074505806,-0.10000000149011612,9.75,0.125,-0.1875,0.125,29.875,-28.25,-19.5625,-0.3962460458278656,-0.004760812036693096,0.007141217589378357,-0.9181042313575745,21063,143
0,0.03999999910593033,-0.10999999940395355,9.729999542236328,-0.0625,0.0625,0,29.875,-28.25,-19.5625,-0.3962460458278656,-0.004760812036693096,0.007141217589378357,-0.9181042313575745,21073,144
0,0.05000000074505806,-0.07000000029802322,9.699999809265137,0,0,0,29.875,-28.25,-19.5625,-0.3962460458278656,-0.004760812036693096,0.007141217589378357,-0.9181042313575745,21083,145
0,0.03999999910593033,-0.07000000029802322,9.710000038146973,0.1875,0.0625,0.0625,29.875,-28.25,-19.5625,-0.3962460458278656,-0.004760812036693096,0.007141217589378357,-0.9181042313575745,21092,146
0,0.05999999865889549,-0.07999999821186066,9.720000267028809,0,0,0,29.875,-28.25,-19.5625,-0.3962460458278656,-0.004760812036693096,0.007141217589378357,-0.9181042313575745,21100,147
0,0.03999999910593033,-0.07999999821186066,9.739999771118164,0,0.0625,0.0625,29.1875,-28.25,-18.75,-0.3962460458278656,-0.004760812036693096,0.007141217589378357,-0.9181042313575745,21113,148
0,0.03999999910593033,-0.07999999821186066,9.760000228881836,-0.0625,-0.0625,0.0625,29.1875,-28.25,-18.75,-0.3962460458278656,-0.004760812036693096,0.007141217589378357,-0.9181042313575745,21123,149
0,0.05000000074505806,-0.10000000149011612,9.720000267028809,0,-0.3125,0.0625,29.1875,-28.25,-18.75,-0.3962460458278656,-0.004760812036693096,0.007141217589378357,-0.9181042313575745,21133,150
0,0.03999999910593033,-0.07999999821186066,9.739999771118164,0,-0.0625,0.1875,29.1875,-28.25,-18.75,-0.3962460458278656,-0.004760812036693096,0.007141217589378357,-0.9181042313575745,21143,151
0,0.05000000074505806,-0.07999999821186066,9.739999771118164,-0.1875,0.25,0,29.1875,-28.25,-18.75,-0.3962460458278656,-0.004760812036693096,0.007141217589378357,-0.9181042313575745,21150,152
0,0.05000000074505806,-0.10000000149011612,9.739999771118164,0.0625,0.1875,-0.0625,29.875,-28.6875,-18.5,-0.3962460458278656,-0.004760812036693096,0.007141217589378357,-0.9181042313575745,21163,153
0,0.05000000074505806,-0.07999999821186066,9.739999771118164,0.0625,0.25,-0.0625,29.875,-28.6875,-18.5,-0.3962460458278656,-0.004760812036693096,0.007141217589378357,-0.9181042313575745,21173,154
0,0.05000000074505806,-0.07999999821186066,9.729999542236328,0.0625,0.0625,0.0625,29.875,-28.6875,-18.5,-0.3962460458278656,-0.004760812036693096,0.007141217589378357,-0.9181042313575745,21183,155
0,0.05999999865889549,-0.07999999821186066,9.739999771118164,0,-0.25,0.0625,29.875,-28.6875,-18.5,-0.3962460458278656,-0.004760812036693096,0.007141217589378357,-0.9181042313575745,21192,156
0,0.05999999865889549,-0.07999999821186066,9.739999771118164,-0.125,-0.0625,0.0625,29.875,-28.6875,-18.5,-0.3962460458278656,-0.004760812036693096,0.007141217589378357,-0.9181042313575745,21200,157
0,0.03999999910593033,-0.09000000357627869,9.729999542236328,-0.0625,-0.0625,0,29.5,-28.6875,-19.25,-0.3962460458278656,-0.004760812036693096,0.007141217589378357,-0.9181042313575745,21213,158
0,0.05999999865889549,-0.07999999821186066,9.729999542236328,0.1875,-0.1875,0,29.5,-28.6875,-19.25,-0.3962460458278656,-0.004760812036693096,0.007141217589378357,-0.9181042313575745,21223,159
0,0.05999999865889549,-0.07999999821186066,9.720000267028809,0,-0.0625,-0.0625,29.5,-28.6875,-19.25,-0.3962460458278656,-0.004760812036693096,0.007141217589378357,-0.9181042313575745,21233,160
0,0.07000000029802322,-0.07999999821186066,9.720000267028809,-0.0625,0.125,-0.125,29.5,-28.6875,-19.25,-0.3962460458278656,-0.004760812036693096,0.007141217589378357,-0.9181042313575745,21243,161
0,0.07000000029802322,-0.09000000357627869,9.739999771118164,0.125,0,0,29.5,-28.6875,-19.25,-0.3962460458278656,-0.004760812036693096,0.007141217589378357,-0.9181042313575745,21250,162
0,0.03999999910593033,-0.09000000357627869,9.729999542236328,-0.125,0.125,-0.0625,29.875,-28.6875,-18.5,-0.3962460458278656,-0.004760812036693096,0.007141217589378357,-0.9181042313575745,21263,163
0,0.05999999865889549,-0.07999999821186066,9.739999771118164,0.0625,-0.1875,-0.125,29.875,-28.6875,-18.5,-0.3962460458278656,-0.004760812036693096,0.007141217589378357,-0.9181042313575745,21273,164
0,0.05000000074505806,-0.09000000357627869,9.720000267028809,0.1875,0,0.0625,29.875,-28.6875,-18.5,-0.3962460458278656,-0.004760812036693096,0.007141217589378357,-0.9181042313575745,21283,165
0,0.029999999329447746,-0.09000000357627869,9.729999542236328,0.0625,-0.25,0,29.875,-28.6875,-18.5,-0.3962460458278656,-0.004760812036693096,0.007141217589378357,-0.9181042313575745,21292,166
0,0.07000000029802322,-0.07999999821186066,9.75,-0.0625,0.0625,-0.125,29.875,-28.6875,-18.5,-0.3962460458278656,-0.004760812036693096,0.007141217589378357,-0.9181042313575745,21300,167
0,0.05999999865889549,-0.07999999821186066,9.760000228881836,0.125,-0.0625,-0.0625,30.25,-28.25,-19.25,-0.3962460458278656,-0.004760812036693096,0.007141217589378357,-0.9181042313575745,21313,168
0,0.05999999865889549,-0.09000000357627869,9.729999542236328,0.125,0.125,-0.0625,30.25,-28.25,-19.25,-0.3962460458278656,-0.004760812036693096,0.007141217589378357,-0.9181042313575745,21323,169
0,0.07000000029802322,-0.09000000357627869,9.699999809265137,0,-0.0625,0.0625,30.25,-28.25,-19.25,-0.3962460458278656,-0.004760812036693096,0.007141217589378357,-0.9181042313575745,21333,170
0,0.05000000074505806,-0.09000000357627869,9.729999542236328,0.125,-0.0625,-0.125,30.25,-28.25,-19.25,-0.3962460458278656,-0.004760812036693096,0.007141217589378357,-0.9181042313575745,21343,171
0,0.05000000074505806,-0.09000000357627869,9.729999542236328,0.125,-0.1875,-0.0625,30.25,-28.25,-19.25,-0.3962460458278656,-0.004760812036693096,0.007141217589378357,-0.9181042313575745,21350,172
0,0.05999999865889549,-0.07999999821186066,9.720000267028809,0.0625,0,-0.125,30.25,-27.875,-20.0625,-0.3962460458278656,-0.004760812036693096,0.007141217589378357,-0.9181042313575745,21363,173
0,0.05000000074505806,-0.09000000357627869,9.710000038146973,0.0625,0,-0.0625,30.25,-27.875,-20.0625,-0.3962460458278656,-0.004760812036693096,0.007141217589378357,-0.9181042313575745,21373,174
0,0.07000000029802322,-0.05999999865889549,9.729999542236328,0.125,-0.1875,0.0625,30.25,-27.875,-20.0625,-0.3962460458278656,-0.004760812036693096,0.007141217589378357,-0.9181042313575745,21383,175
0,0.03999999910593033,-0.07999999821186066,9.720000267028809,0,0,0,30.25,-27.875,-20.0625,-0.3962460458278656,-0.004760812036693096,0.007141217589378357,-0.9181042313575745,21393,176
0,0.07000000029802322,-0.07999999821186066,9.739999771118164,0,-0.0625,-0.0625,30.25,-27.875,-20.0625,-0.3962460458278656,-0.004760812036693096,0.007141217589378357,-0.9181042313575745,21400,177
0,0.05999999865889549,-0.07000000029802322,9.720000267028809,0,0.0625,-0.0625,29.5,-27.5,-19.25,-0.3962460458278656,-0.004760812036693096,0.007141217589378357,-0.9181042313575745,21413,178
0,0.03999999910593033,-0.05999999865889549,9.720000267028809,0.125,-0.125,0,29.5,-27.5,-19.25,-0.3962460458278656,-0.004760812036693096,0.007141217589378357,-0.9181042313575745,21423,179
0,0.05000000074505806,-0.07999999821186066,9.729999542236328,0.125,-0.125,0,29.5,-27.5,-19.25,-0.3962460458278656,-0.004760812036693096,0.007141217589378357,-0.9181042313575745,21433,180
0,0.05000000074505806,-0.07000000029802322,9.710000038146973,-0.1875,0,0,29.5,-27.5,-19.25,-0.3962460458278656,-0.004760812036693096,0.007141217589378357,-0.9181042313575745,21443,181
0,0.03999999910593033,-0.07999999821186066,9.75,0,0,0,29.5,-27.5,-19.25,-0.3962460458278656,-0.004760812036693096,0.007141217589378357,-0.9181042313575745,21450,182
0,0.05000000074505806,-0.07000000029802322,9.710000038146973,0.0625,-0.3125,-0.0625,30.25,-27.5,-18.75,-0.3962460458278656,-0.004760812036693096,0.007141217589378357,-0.9181042313575745,21463,183
0,0.05000000074505806,-0.07000000029802322,9.739999771118164,0.0625,0.125,-0.0625,30.25,-27.5,-18.75,-0.3962460458278656,-0.004760812036693096,0.007141217589378357,-0.9181042313575745,21473,184
0,0.03999999910593033,-0.05999999865889549,9.739999771118164,0.0625,0.25,0.125,30.25,-27.5,-18.75,-0.3962460458278656,-0.004760812036693096,0.007141217589378357,-0.9181042313575745,21483,185
0,0.05999999865889549,-0.09000000357627869,9.770000457763672,0.0625,0.25,0.125,30.25,-27.5,-18.75,-0.3962460458278656,-0.004760812036693096,0.007141217589378357,-0.9181042313575745,21493,186
0,0.03999999910593033,-0.07000000029802322,9.720000267028809,-0.0625,0.1875,-0.125,30.25,-27.5,-18.75,-0.3962460458278656,-0.004760812036693096,0.007141217589378357,-0.9181042313575745,21500,187
0,0.07000000029802322,-0.07000000029802322,9.75,0.0625,-0.0625,-0.0625,29.5,-28.25,-19.5625,-0.3962460458278656,-0.004760812036693096,0.007141217589378357,-0.9181042313575745,21513,188
0,0.05000000074505806,-0.09000000357627869,9.729999542236328,0.125,0.125,-0.0625,29.5,-28.25,-19.5625,-0.3962460458278656,-0.004760812036693096,0.007141217589378357,-0.9181042313575745,21523,189
0,0.05000000074505806,-0.10000000149011612,9.729999542236328,0.0625,-0.125,-0.0625,29.5,-28.25,-19.5625,-0.3962460458278656,-0.004760812036693096,0.007141217589378357,-0.9181042313575745,21533,190
0,0.05999999865889549,-0.07999999821186066,9.710000038146973,0,-0.25,0,29.5,-28.25,-19.5625,-0.3962460458278656,-0.004760812036693096,0.007141217589378357,-0.9181042313575745,21543,191
0,0.029999999329447746,-0.07999999821186066,9.720000267028809,0,-0.25,0,29.5,-28.25,-19.5625,-0.3962460458278656,-0.004760812036693096,0.007141217589378357,-0.9181042313575745,21550,192
0,0.05999999865889549,-0.07000000029802322,9.739999771118164,0,0.0625,-0.0625,29.875,-27.5,-19.25,-0.3962460458278656,-0.004760812036693096,0.007141217589378357,-0.9181042313575745,21563,193
0,0.03999999910593033,-0.07000000029802322,9.739999771118164,0,-0.125,-0.0625,29.875,-27.5,-19.25,-0.3962460458278656,-0.004760812036693096,0.007141217589378357,-0.9181042313575745,21573,194
0,0.09000000357627869,-0.07999999821186066,9.710000038146973,0,0.125,0,29.875,-27.5,-19.25,-0.3962460458278656,-0.004760812036693096,0.007141217589378357,-0.9181042313575745,21583,195
0,0.05999999865889549,-0.09000000357627869,9.710000038146973,0,0.125,0,29.875,-27.5,-19.25,-0.3962460458278656,-0.004760812036693096,0.007141217589378357,-0.9181042313575745,21593,196
0,0.05999999865889549,-0.07999999821186066,9.739999771118164,0.0625,-0.0625,-0.1875,29.875,-27.5,-19.25,-0.3962460458278656,-0.004760812036693096,0.007141217589378357,-0.9181042313575745,21600,197
0,0.05000000074505806,-0.07999999821186066,9.760000228881836,-0.0625,0,-0.125,29.5,-26,-18.5,-0.3962460458278656,-0.004760812036693096,0.007141217589378357,-0.9181042313575745,21613,198
0,0.05999999865889549,-0.07000000029802322,9.739999771118164,-0.0625,0.0625,-0.0625,29.5,-26,-18.5,-0.3962460458278656,-0.004760812036693096,0.007141217589378357,-0.9181042313575745,21623,199
0,0.07000000029802322,-0.07999999821186066,9.710000038146973,0,0.125,0,29.5,-26,-18.5,-0.3962460458278656,-0.004760812036693096,0.007141217589378357,-0.9181042313575745,21633,200
0,0.05999999865889549,-0.09000000357627869,9.729999542236328,0,0.375,-0.125,29.5,-26,-18.5,-0.3962460458278656,-0.004760812036693096,0.007141217589378357,-0.9181042313575745,21643,201
0,0.05999999865889549,-0.07999999821186066,9.729999542236328,0,0.375,-0.125,29.5,-26,-18.5,-0.3962460458278656,-0.004760812036693096,0.007141217589378357,-0.9181042313575745,21650,202
0,0.05999999865889549,-0.07000000029802322,9.720000267028809,0.0625,0,-0.125,30.6875,-27.875,-19.5625,-0.3962460458278656,-0.004760812036693096,0.007141217589378357,-0.9181042313575745,21663,203
0,0.05000000074505806,-0.07999999821186066,9.760000228881836,0,0,0,30.6875,-27.875,-19.5625,-0.3962460458278656,-0.004760812036693096,0.007141217589378357,-0.9181042313575745,21673,204
0,0.05999999865889549,-0.07000000029802322,9.680000305175781,-0.125,0.1875,-0.0625,30.6875,-27.875,-19.5625,-0.3962460458278656,-0.004760812036693096,0.007141217589378357,-0.9181042313575745,21683,205
0,0.05000000074505806,-0.07999999821186066,9.720000267028809,-0.0625,0.1875,-0.0625,30.6875,-27.875,-19.5625,-0.3962460458278656,-0.004760812036693096,0.007141217589378357,-0.9181042313575745,21693,206
0,0.05000000074505806,-0.09000000357627869,9.710000038146973,-0.0625,0.1875,-0.0625,30.6875,-27.875,-19.5625,-0.3962460458278656,-0.004760812036693096,0.007141217589378357,-0.9181042313575745,21700,207
0,0.05000000074505806,-0.09000000357627869,9.760000228881836,-0.125,-0.25,0.0625,29.875,-28.6875,-19.5625,-0.3962460458278656,-0.004760812036693096,0.007141217589378357,-0.9181042313575745,21713,208
0,0.05999999865889549,-0.09000000357627869,9.710000038146973,0.0625,-0.0625,-0.0625,29.875,-28.6875,-19.5625,-0.3962460458278656,-0.004760812036693096,0.007141217589378357,-0.9181042313575745,21723,209
0,0.05999999865889549,-0.09000000357627869,9.770000457763672,0,-0.125,0.0625,29.875,-28.6875,-19.5625,-0.3962460458278656,-0.004760812036693096,0.007141217589378357,-0.9181042313575745,21733,210
0,0.03999999910593033,-0.05999999865889549,9.720000267028809,0.125,-0.0625,0,29.875,-28.6875,-19.5625,-0.3962460458278656,-0.004760812036693096,0.007141217589378357,-0.9181042313575745,21743,211
0,0.05999999865889549,-0.07999999821186066,9.720000267028809,0.125,-0.0625,0,29.875,-28.6875,-19.5625,-0.3962460458278656,-0.004760812036693096,0.007141217589378357,-0.9181042313575745,21750,212
0,0.05000000074505806,-0.10000000149011612,9.699999809265137,0.1875,-0.1875,0,29.875,-27.875,-18.75,-0.3962460458278656,-0.004760812036693096,0.007141217589378357,-0.9181042313575745,21763,213
0,0.03999999910593033,-0.10000000149011612,9.739999771118164,0,-0.0625,0,29.875,-27.875,-18.75,-0.3962460458278656,-0.004760812036693096,0.007141217589378357,-0.9181042313575745,21773,214
0,0.05999999865889549,-0.05999999865889549,9.720000267028809,0,0,-0.125,29.875,-27.875,-18.75,-0.3962460458278656,-0.004760812036693096,0.007141217589378357,-0.9181042313575745,21783,215
0,0.07000000029802322,-0.09000000357627869,9.720000267028809,-0.0625,0.0625,-0.125,29.875,-27.875,-18.75,-0.3962460458278656,-0.004760812036693096,0.007141217589378357,-0.9181042313575745,21793,216
0,0.05999999865889549,-0.07999999821186066,9.729999542236328,-0.0625,0.0625,-0.125,29.875,-27.875,-18.75,-0.3962460458278656,-0.004760812036693096,0.007141217589378357,-0.9181042313575745,21800,217
0,0.05999999865889549,-0.07999999821186066,9.739999771118164,0.0625,0,0.0625,29.5,-29.375,-18.0625,-0.3962460458278656,-0.004760812036693096,0.007141217589378357,-0.9181042313575745,21813,218
0,0.05000000074505806,-0.07999999821186066,9.720000267028809,-0.0625,0.1875,-0.0625,29.5,-29.375,-18.0625,-0.3962460458278656,-0.004760812036693096,0.007141217589378357,-0.9181042313575745,21823,219
0,0.05999999865889549,-0.07000000029802322,9.729999542236328,-0.0625,0.0625,-0.0625,29.5,-29.375,-18.0625,-0.3962460458278656,-0.004760812036693096,0.007141217589378357,-0.9181042313575745,21833,220
0,0.029999999329447746,-0.05999999865889549,9.720000267028809,-0.125,0.0625,0.125,29.5,-29.375,-18.0625,-0.3962460458278656,-0.004760812036693096,0.007141217589378357,-0.9181042313575745,21843,221
0,0.05000000074505806,-0.05000000074505806,9.739999771118164,-0.125,0.0625,0.125,29.5,-29.375,-18.0625,-0.3962460458278656,-0.004760812036693096,0.007141217589378357,-0.9181042313575745,21851,222
0,0.05000000074505806,-0.07999999821186066,9.75,-0.0625,-0.0625,-0.0625,29.1875,-29.375,-18.0625,-0.3962460458278656,-0.004760812036693096,0.007141217589378357,-0.9181042313575745,21863,223
0,0.05000000074505806,-0.07999999821186066,9.720000267028809,-0.125,0,0,29.1875,-29.375,-18.0625,-0.3962460458278656,-0.004760812036693096,0.007141217589378357,-0.9181042313575745,21873,224
0,0.03999999910593033,-0.09000000357627869,9.739999771118164,0,0,-0.0625,29.1875,-29.375,-18.0625,-0.3962460458278656,-0.004760812036693096,0.007141217589378357,-0.9181042313575745,21883,225
0,0.07000000029802322,-0.10000000149011612,9.729999542236328,-0.0625,-0.0625,0,29.1875,-29.375,-18.0625,-0.3962460458278656,-0.004760812036693096,0.007141217589378357,-0.9181042313575745,21893,226
0,0.05999999865889549,-0.07999999821186066,9.739999771118164,-0.0625,-0.0625,0,29.1875,-29.375,-18.0625,-0.3962460458278656,-0.004760812036693096,0.007141217589378357,-0.9181042313575745,21901,227
0,0.03999999910593033,-0.07999999821186066,9.75,0.1875,0,0.0625,29.5,-27.875,-18.875,-0.3962460458278656,-0.004760812036693096,0.007141217589378357,-0.9181042313575745,21913,228
0,0.07000000029802322,-0.09000000357627869,9.720000267028809,0.0625,0.125,0.0625,29.5,-27.875,-18.875,-0.3962460458278656,-0.004760812036693096,0.007141217589378357,-0.9181042313575745,21923,229
0,0.05000000074505806,-0.09000000357627869,9.729999542236328,0,0.0625,-0.0625,29.5,-27.875,-18.875,-0.3962460458278656,-0.004760812036693096,0.007141217589378357,-0.9181042313575745,21933,230
0,0.05999999865889549,-0.07000000029802322,9.710000038146973,0,-0.0625,0.125,29.5,-27.875,-18.875,-0.3962460458278656,-0.004760812036693096,0.007141217589378357,-0.9181042313575745,21943,231
0,0.05000000074505806,-0.09000000357627869,9.75,0,-0.0625,0.125,29.5,-27.875,-18.875,-0.3962460458278656,-0.004760812036693096,0.007141217589378357,-0.9181042313575745,21951,232
0,0.03999999910593033,-0.07999999821186066,9.739999771118164,0.0625,-0.1875,0,29.875,-30.875,-18.875,-0.3962460458278656,-0.004760812036693096,0.007141217589378357,-0.9181042313575745,21963,233
0,0.07000000029802322,-0.07999999821186066,9.720000267028809,0,0.0625,0.0625,29.875,-30.875,-18.875,-0.3962460458278656,-0.004760812036693096,0.007141217589378357,-0.9181042313575745,21973,234
0,0.07000000029802322,-0.07000000029802322,9.720000267028809,0,-0.125,-0.0625,29.875,-30.875,-18.875,-0.3962460458278656,-0.004760812036693096,0.007141217589378357,-0.9181042313575745,21983,235
0,0.03999999910593033,-0.10000000149011612,9.75,0.0625,-0.125,0,29.875,-30.875,-18.875,-0.3962460458278656,-0.004760812036693096,0.007141217589378357,-0.9181042313575745,21993,236
0,0.07000000029802322,-0.09000000357627869,9.75,0.0625,-0.125,0,29.875,-30.875,-18.875,-0.3962460458278656,-0.004760812036693096,0.007141217589378357,-0.9181042313575745,22001,237
0,0.05000000074505806,-0.10000000149011612,9.729999542236328,-0.0625,0,0.0625,29.875,-30.1875,-18.5,-0.3962460458278656,-0.004760812036693096,0.007141217589378357,-0.9181042313575745,22013,238
0,0.05000000074505806,-0.07999999821186066,9.770000457763672,0.0625,-0.0625,0,29.875,-30.1875,-18.5,-0.3962460458278656,-0.004760812036693096,0.007141217589378357,-0.9181042313575745,22023,239
0,0.05000000074505806,-0.05000000074505806,9.710000038146973,0,0.1875,0,29.875,-30.1875,-18.5,-0.3962460458278656,-0.004760812036693096,0.007141217589378357,-0.9181042313575745,22033,240
0,0.05000000074505806,-0.05999999865889549,9.739999771118164,0,-0.125,0,29.875,-30.1875,-18.5,-0.3962460458278656,-0.004760812036693096,0.007141217589378357,-0.9181042313575745,22043,241
0,0.07000000029802322,-0.07000000029802322,9.75,0,-0.125,0,29.875,-30.1875,-18.5,-0.3962460458278656,-0.004760812036693096,0.007141217589378357,-0.9181042313575745,22051,242
0,0.05999999865889549,-0.07999999821186066,9.729999542236328,0.0625,-0.125,0.0625,28.75,-29.75,-18.875,-0.3962460458278656,-0.004760812036693096,0.007141217589378357,-0.9181042313575745,22063,243
0,0.07999999821186066,-0.07999999821186066,9.720000267028809,0,-0.0625,-0.125,28.75,-29.75,-18.875,-0.3962460458278656,-0.004760812036693096,0.007141217589378357,-0.9181042313575745,22073,244
0,0.07000000029802322,-0.07999999821186066,9.720000267028809,-0.0625,-0.0625,0,28.75,-29.75,-18.875,-0.3962460458278656,-0.004760812036693096,0.007141217589378357,-0.9181042313575745,22083,245
0,0.05000000074505806,-0.09000000357627869,9.760000228881836,0,-0.125,-0.0625,28.75,-29.75,-18.875,-0.3962460458278656,-0.004760812036693096,0.007141217589378357,-0.9181042313575745,22093,246
0,0.05000000074505806,-0.07999999821186066,9.75,0,-0.125,-0.0625,28.75,-29.75,-18.875,-0.3962460458278656,-0.004760812036693096,0.007141217589378357,-0.9181042313575745,22101,247
0,0.05999999865889549,-0.05999999865889549,9.6899995803833,0,0.0625,0,28.375,-28.6875,-20.0625,-0.3962460458278656,-0.004760812036693096,0.007141217589378357,-0.9181042313575745,22113,248
0,0.03999999910593033,-0.05999999865889549,9.739999771118164,0,0.125,-0.125,28.375,-28.6875,-20.0625,-0.3962460458278656,-0.004760812036693096,0.007141217589378357,-0.9181042313575745,22123,249
0,0.03999999910593033,-0.09000000357627869,9.710000038146973,0,0.1875,0,28.375,-28.6875,-20.0625,-0.3962460458278656,-0.004760812036693096,0.007141217589378357,-0.9181042313575745,22133,250
0,0.05000000074505806,-0.07999999821186066,9.710000038146973,0.0625,-0.25,0,28.375,-28.6875,-20.0625,-0.3962460458278656,-0.004760812036693096,0.007141217589378357,-0.9181042313575745,22143,251
0,0.05999999865889549,-0.07999999821186066,9.760000228881836,0.0625,-0.25,0,28.375,-28.6875,-20.0625,-0.3962460458278656,-0.004760812036693096,0.007141217589378357,-0.9181042313575745,22151,252
0,0.05999999865889549,-0.09000000357627869,9.720000267028809,-0.0625,0.25,-0.0625,30.6875,-28.6875,-18.75,-0.3962460458278656,-0.004760812036693096,0.007141217589378357,-0.9181042313575745,22162,253
0,0.05999999865889549,-0.07999999821186066,9.739999771118164,0,-0.0625,0.125,30.6875,-28.6875,-18.75,-0.3962460458278656,-0.004760812036693096,0.007141217589378357,-0.9181042313575745,22172,254
0,0.05999999865889549,-0.07999999821186066,9.75,-0.0625,0,0.125,30.6875,-28.6875,-18.75,-0.3962460458278656,-0.004760812036693096,0.007141217589378357,-0.9181042313575745,22182,255
0,0.05000000074505806,-0.07999999821186066,9.720000267028809,0,0,0,30.6875,-28.6875,-18.75,-0.3962460458278656,-0.004760812036693096,0.007141217589378357,-0.9181042313575745,22193,256
0,0.05999999865889549,-0.07999999821186066,9.75,0,0,0,30.6875,-28.6875,-18.75,-0.3962460458278656,-0.004760812036693096,0.007141217589378357,-0.9181042313575745,22201,257
0,0.05999999865889549,-0.05999999865889549,9.739999771118164,0.0625,0.125,0,30.25,-26.375,-19.5625,-0.3962460458278656,-0.004760812036693096,0.007141217589378357,-0.9181042313575745,22212,258
0,0.05999999865889549,-0.10000000149011612,9.739999771118164,0,0.25,-0.125,30.25,-26.375,-19.5625,-0.3962460458278656,-0.004760812036693096,0.007141217589378357,-0.9181042313575745,22222,259
0,0.03999999910593033,-0.07999999821186066,9.729999542236328,-0.0625,0.0625,0,30.25,-26.375,-19.5625,-0.3962460458278656,-0.004760812036693096,0.007141217589378357,-0.9181042313575745,22232,260
0,0.05000000074505806,-0.07000000029802322,9.739999771118164,0.0625,-0.0625,0.0625,30.25,-26.375,-19.5625,-0.3962460458278656,-0.004760812036693096,0.007141217589378357,-0.9181042313575745,22242,261
0,0.05000000074505806,-0.07000000029802322,9.760000228881836,0.0625,-0.0625,0.0625,30.25,-26.375,-19.5625,-0.3962460458278656,-0.004760812036693096,0.007141217589378357,-0.9181042313575745,22251,262
0,0.03999999910593033,-0.10000000149011612,9.729999542236328,-0.0625,0,0,30.25,-28.6875,-19.25,-0.3962460458278656,-0.004760812036693096,0.007141217589378357,-0.9181042313575745,22262,263
0,0.05000000074505806,-0.09000000357627869,9.739999771118164,0.0625,0,0,30.25,-28.6875,-19.25,-0.3962460458278656,-0.004760812036693096,0.007141217589378357,-0.9181042313575745,22272,264
0,0.05999999865889549,-0.07999999821186066,9.699999809265137,-0.0625,0.0625,-0.0625,30.25,-28.6875,-19.25,-0.3962460458278656,-0.004760812036693096,0.007141217589378357,-0.9181042313575745,22282,265
0,0.05000000074505806,-0.10000000149011612,9.720000267028809,-0.0625,-0.125,0.0625,30.25,-28.6875,-19.25,-0.3962460458278656,-0.004760812036693096,0.007141217589378357,-0.9181042313575745,22292,266
0,0.05000000074505806,-0.07999999821186066,9.75,-0.0625,-0.125,0.0625,30.25,-28.6875,-19.25,-0.3962460458278656,-0.004760812036693096,0.007141217589378357,-0.9181042313575745,22301,267
0,0.05000000074505806,-0.07000000029802322,9.75,0,0.0625,0,30.6875,-28.6875,-19.5625,-0.3962460458278656,-0.004760812036693096,0.007141217589378357,-0.9181042313575745,22312,268
0,0.05999999865889549,-0.09000000357627869,9.75,0,0,0,30.6875,-28.6875,-19.5625,-0.3962460458278656,-0.004760812036693096,0.007141217589378357,-0.9181042313575745,22322,269
0,0.07000000029802322,-0.09000000357627869,9.699999809265137,0,0,0,30.6875,-28.6875,-19.5625,-0.3962460458278656,-0.004760812036693096,0.007141217589378357,-0.9181042313575745,22332,270
0,0.03999999910593033,-0.07999999821186066,9.710000038146973,0.125,0,-0.0625,30.6875,-28.6875,-19.5625,-0.3962460458278656,-0.004760812036693096,0.007141217589378357,-0.9181042313575745,22342,271
0,0.029999999329447746,-0.09000000357627869,9.729999542236328,0.125,0,-0.0625,30.6875,-28.6875,-19.5625,-0.3962460458278656,-0.004760812036693096,0.007141217589378357,-0.9181042313575745,22351,272
0,0.05000000074505806,-0.10000000149011612,9.75,0,0,-0.125,29.1875,-27.875,-19.25,-0.3962460458278656,-0.004760812036693096,0.007141217589378357,-0.9181042313575745,22362,273
0,0.029999999329447746,-0.07000000029802322,9.739999771118164,0,0,-0.125,29.1875,-27.875,-19.25,-0.3962460458278656,-0.004760812036693096,0.007141217589378357,-0.9181042313575745,22372,274
0,0.05999999865889549,-0.07999999821186066,9.710000038146973,0.0625,-0.0625,0,29.1875,-27.875,-19.25,-0.3962460458278656,-0.004760812036693096,0.007141217589378357,-0.9181042313575745,22382,275
0,0.05999999865889549,-0.07999999821186066,9.699999809265137,0,-0.0625,0.0625,29.1875,-27.875,-19.25,-0.3962460458278656,-0.004760812036693096,0.007141217589378357,-0.9181042313575745,22392,276
0,0.05000000074505806,-0.09000000357627869,9.729999542236328,0.125,-0.0625,0.0625,29.1875,-27.875,-19.25,-0.3962460458278656,-0.004760812036693096,0.007141217589378357,-0.9181042313575745,22401,277
0,0.05999999865889549,-0.10000000149011612,9.710000038146973,0.125,-0.0625,0.0625,29.875,-30.1875,-18.75,-0.3962460458278656,-0.004760812036693096,0.007141217589378357,-0.9181042313575745,22412,278
0,0.05999999865889549,-0.07999999821186066,9.729999542236328,0.0625,-0.25,0.0625,29.875,-30.1875,-18.75,-0.3962460458278656,-0.004760812036693096,0.007141217589378357,-0.9181042313575745,22422,279
0,0.05000000074505806,-0.07999999821186066,9.720000267028809,0.0625,-0.3125,0,29.875,-30.1875,-18.75,-0.3962460458278656,-0.004760812036693096,0.007141217589378357,-0.9181042313575745,22432,280
0,0.03999999910593033,-0.09000000357627869,9.710000038146973,-0.125,0,0.0625,29.875,-30.1875,-18.75,-0.3962460458278656,-0.004760812036693096,0.007141217589378357,-0.9181042313575745,22442,281
0,0.07000000029802322,-0.07000000029802322,9.760000228881836,0,-0.125,0.125,29.875,-30.1875,-18.75,-0.3962460458278656,-0.004760812036693096,0.007141217589378357,-0.9181042313575745,22451,282
0,0.05999999865889549,-0.09000000357627869,9.760000228881836,0.0625,-0.125,0,29.875,-27.5,-18.5,-0.3962460458278656,-0.004760812036693096,0.007141217589378357,-0.9181042313575745,22462,283
0,0.05999999865889549,-0.10000000149011612,9.739999771118164,-0.0625,0.1875,0,29.875,-27.5,-18.5,-0.3962460458278656,-0.004760812036693096,0.007141217589378357,-0.9181042313575745,22472,284
0,0.03999999910593033,-0.07999999821186066,9.710000038146973,-0.0625,0.125,-0.0625,29.875,-27.5,-18.5,-0.3962460458278656,-0.004760812036693096,0.007141217589378357,-0.9181042313575745,22482,285
0,0.05000000074505806,-0.05999999865889549,9.729999542236328,-0.125,0.0625,0,29.875,-27.5,-18.5,-0.3962460458278656,-0.004760812036693096,0.007141217589378357,-0.9181042313575745,22492,286
0,0.03999999910593033,-0.07999999821186066,9.739999771118164,0,0.125,-0.0625,29.875,-27.5,-18.5,-0.3962460458278656,-0.004760812036693096,0.007141217589378357,-0.9181042313575745,22501,287
0,0.03999999910593033,-0.07000000029802322,9.760000228881836,0.0625,0.1875,0.0625,29.875,-30.875,-18.0625,-0.3962460458278656,-0.004760812036693096,0.007141217589378357,-0.9181042313575745,22512,288
0,0.05000000074505806,-0.09000000357627869,9.75,0.125,-0.0625,-0.125,29.875,-30.875,-18.0625,-0.3962460458278656,-0.004760812036693096,0.007141217589378357,-0.9181042313575745,22522,289
0,0.05999999865889549,-0.10000000149011612,9.699999809265137,-0.125,-0.0625,0.0625,29.875,-30.875,-18.0625,-0.3962460458278656,-0.004760812036693096,0.007141217589378357,-0.9181042313575745,22532,290
0,0.03999999910593033,-0.10000000149011612,9.720000267028809,0,-0.0625,-0.125,29.875,-30.875,-18.0625,-0.3962460458278656,-0.004760812036693096,0.007141217589378357,-0.9181042313575745,22542,291
0,0.05999999865889549,-0.07999999821186066,9.739999771118164,0,-0.0625,0.0625,29.875,-30.875,-18.0625,-0.3962460458278656,-0.004760812036693096,0.007141217589378357,-0.9181042313575745,22551,292
0,0.03999999910593033,-0.09000000357627869,9.75,0.1875,-0.0625,0,28.75,-30.875,-19.5625,-0.3962460458278656,-0.004760812036693096,0.007141217589378357,-0.9181042313575745,22562,293
0,0.05000000074505806,-0.07999999821186066,9.720000267028809,0,0.1875,0,28.75,-30.875,-19.5625,-0.3962460458278656,-0.004760812036693096,0.007141217589378357,-0.9181042313575745,22572,294
0,0.05999999865889549,-0.10000000149011612,9.710000038146973,0.0625,0,-0.0625,28.75,-30.875,-19.5625,-0.3962460458278656,-0.004760812036693096,0.007141217589378357,-0.9181042313575745,22582,295
0,0.03999999910593033,-0.07999999821186066,9.770000457763672,-0.0625,0.0625,0,28.75,-30.875,-19.5625,-0.3962460458278656,-0.004760812036693096,0.007141217589378357,-0.9181042313575745,22592,296
0,0.05000000074505806,-0.07999999821186066,9.729999542236328,0,-0.1875,0,28.75,-30.875,-19.5625,-0.3962460458278656,-0.004760812036693096,0.007141217589378357,-0.9181042313575745,22601,297
0,0.03999999910593033,-0.07999999821186066,9.75,0.125,0,0,29.5,-30.1875,-19.25,-0.3962460458278656,-0.004760812036693096,0.007141217589378357,-0.9181042313575745,22612,298
0,0.05999999865889549,-0.09000000357627869,9.760000228881836,0.125,0.0625,0.0625,29.5,-30.1875,-19.25,-0.3962460458278656,-0.004760812036693096,0.007141217589378357,-0.9181042313575745,22622,299
0,0.07000000029802322,-0.07999999821186066,9.739999771118164,0.125,0.125,0.0625,29.5,-30.1875,-19.25,-0.3962460458278656,-0.004760812036693096,0.007141217589378357,-0.9181042313575745,22632,300
0,0.05000000074505806,-0.10000000149011612,9.720000267028809,0.0625,0.125,-0.0625,29.5,-30.1875,-19.25,-0.3962460458278656,-0.004760812036693096,0.007141217589378357,-0.9181042313575745,22642,301
0,0.029999999329447746,-0.10000000149011612,9.75,-0.0625,0.125,0,29.5,-30.1875,-19.25,-0.3962460458278656,-0.004760812036693096,0.007141217589378357,-0.9181042313575745,22651,302
0,0.03999999910593033,-0.10000000149011612,9.760000228881836,0.0625,0,0,29.875,-30.5,-19.25,-0.3962460458278656,-0.004760812036693096,0.007141217589378357,-0.9181042313575745,22662,303
0,0.05000000074505806,-0.09000000357627869,9.739999771118164,0.125,0,0,29.875,-30.5,-19.25,-0.3962460458278656,-0.004760812036693096,0.007141217589378357,-0.9181042313575745,22672,304
0,0.029999999329447746,-0.10000000149011612,9.710000038146973,-0.1875,-0.0625,0.0625,29.875,-30.5,-19.25,-0.3962460458278656,-0.004760812036693096,0.007141217589378357,-0.9181042313575745,22682,305
0,0.05999999865889549,-0.07999999821186066,9.75,-0.0625,-0.125,-0.0625,29.875,-30.5,-19.25,-0.3962460458278656,-0.004760812036693096,0.007141217589378357,-0.9181042313575745,22692,306
0,0.07000000029802322,-0.09000000357627869,9.720000267028809,0.0625,0.0625,-0.0625,29.875,-30.5,-19.25,-0.3962460458278656,-0.004760812036693096,0.007141217589378357,-0.9181042313575745,22701,307
0,0.05999999865889549,-0.07999999821186066,9.720000267028809,0.125,0.0625,0.0625,29.875,-30.875,-19.5625,-0.3962460458278656,-0.004760812036693096,0.007141217589378357,-0.9181042313575745,22712,308
0,0.03999999910593033,-0.07999999821186066,9.75,0.1875,-0.0625,-0.0625,29.875,-30.875,-19.5625,-0.3962460458278656,-0.004760812036693096,0.007141217589378357,-0.9181042313575745,22722,309
0,0.03999999910593033,-0.07999999821186066,9.710000038146973,0.0625,-0.0625,0,29.875,-30.875,-19.5625,-0.3962460458278656,-0.004760812036693096,0.007141217589378357,-0.9181042313575745,22732,310
0,0.05000000074505806,-0.07000000029802322,9.729999542236328,-0.0625,0.0625,0.125,29.875,-30.875,-19.5625,-0.3962460458278656,-0.004760812036693096,0.007141217589378357,-0.9181042313575745,22742,311
0,0.05000000074505806,-0.07999999821186066,9.729999542236328,0,0,0,29.875,-30.875,-19.5625,-0.3962460458278656,-0.004760812036693096,0.007141217589378357,-0.9181042313575745,22751,312
0,0.05000000074505806,-0.07000000029802322,9.739999771118164,0.0625,0.0625,-0.0625,29.5,-29.375,-19.5625,-0.3962460458278656,-0.004760812036693096,0.007141217589378357,-0.9181042313575745,22762,313
0,0.03999999910593033,-0.05999999865889549,9.760000228881836,0,0.0625,-0.125,29.5,-29.375,-19.5625,-0.3962460458278656,-0.004760812036693096,0.007141217589378357,-0.9181042313575745,22772,314
0,0.05000000074505806,-0.07999999821186066,9.720000267028809,-0.0625,0,0.0625,29.5,-29.375,-19.5625,-0.3962460458278656,-0.004760812036693096,0.007141217589378357,-0.9181042313575745,22782,315
0,0.05999999865889549,-0.07999999821186066,9.710000038146973,-0.0625,-0.0625,-0.0625,29.5,-29.375,-19.5625,-0.3962460458278656,-0.004760812036693096,0.007141217589378357,-0.9181042313575745,22792,316
0,0.05999999865889549,-0.07000000029802322,9.739999771118164,0,-0.0625,0,29.5,-29.375,-19.5625,-0.3962460458278656,-0.004760812036693096,0.007141217589378357,-0.9181042313575745,22801,317
0,0.05000000074505806,-0.07999999821186066,9.729999542236328,-0.125,0.1875,-0.0625,29.875,-29.375,-19.25,-0.3962460458278656,-0.004760812036693096,0.007141217589378357,-0.9181042313575745,22812,318
0,0.03999999910593033,-0.07999999821186066,9.739999771118164,-0.0625,0.0625,0.0625,29.875,-29.375,-19.25,-0.3962460458278656,-0.004760812036693096,0.007141217589378357,-0.9181042313575745,22822,319
0,0.05999999865889549,-0.07999999821186066,9.710000038146973,0.125,-0.3125,0,29.875,-29.375,-19.25,-0.3962460458278656,-0.004760812036693096,0.007141217589378357,-0.9181042313575745,22832,320
0,0.03999999910593033,-0.07000000029802322,9.720000267028809,0,0,0,29.875,-29.375,-19.25,-0.3962460458278656,-0.004760812036693096,0.007141217589378357,-0.9181042313575745,22842,321
0,0.05999999865889549,-0.07999999821186066,9.720000267028809,0,0,0,29.875,-29.375,-19.25,-0.3962460458278656,-0.004760812036693096,0.007141217589378357,-0.9181042313575745,22851,322
0,0.05999999865889549,-0.09000000357627869,9.729999542236328,0,0,-0.0625,29.875,-29.375,-19.25,-0.3962460458278656,-0.004760812036693096,0.007141217589378357,-0.9181042313575745,22862,323
0,0.03999999910593033,-0.07000000029802322,9.699999809265137,0.0625,0.0625,0.0625,29.875,-29.375,-19.25,-0.3962460458278656,-0.004760812036693096,0.007141217589378357,-0.9181042313575745,22872,324
0,0.03999999910593033,-0.10000000149011612,9.720000267028809,-0.125,0.125,0.0625,29.875,-29.375,-19.25,-0.3962460458278656,-0.004760812036693096,0.007141217589378357,-0.9181042313575745,22882,325
0,0.05000000074505806,-0.07999999821186066,9.739999771118164,0,0,0.0625,29.875,-29.375,-19.25,-0.3962460458278656,-0.004760812036693096,0.007141217589378357,-0.9181042313575745,22892,326
0,0.019999999552965164,-0.09000000357627869,9.720000267028809,0.0625,-0.0625,0.0625,29.875,-29.375,-19.25,-0.3962460458278656,-0.004760812036693096,0.007141217589378357,-0.9181042313575745,22901,327
0,0.05999999865889549,-0.09000000357627869,9.760000228881836,0,-0.0625,0,30.6875,-28.25,-17.5625,-0.3962460458278656,-0.004760812036693096,0.007141217589378357,-0.9181042313575745,22912,328
0,0.03999999910593033,-0.07000000029802322,9.75,0,0.125,0,30.6875,-28.25,-17.5625,-0.3962460458278656,-0.004760812036693096,0.007141217589378357,-0.9181042313575745,22922,329
0,0.05000000074505806,-0.07999999821186066,9.739999771118164,-0.125,0.25,0,30.6875,-28.25,-17.5625,-0.3962460458278656,-0.004760812036693096,0.007141217589378357,-0.9181042313575745,22932,330
0,0.05000000074505806,-0.07000000029802322,9.729999542236328,0.0625,-0.0625,0.0625,30.6875,-28.25,-17.5625,-0.3962460458278656,-0.004760812036693096,0.007141217589378357,-0.9181042313575745,22942,331
0,0.029999999329447746,-0.03999999910593033,9.739999771118164,0.0625,-0.125,-0.125,28.375,-26.75,-18.5,-0.3962460458278656,-0.004760812036693096,0.007141217589378357,-0.9181042313575745,22951,332
0,0.03999999910593033,-0.05999999865889549,9.729999542236328,0.125,-0.0625,0.125,28.375,-26.75,-18.5,-0.3962460458278656,-0.004760812036693096,0.007141217589378357,-0.9181042313575745,22962,333
0,0.05999999865889549,-0.07000000029802322,9.720000267028809,-0.125,0.0625,0.0625,28.375,-26.75,-18.5,-0.3962460458278656,-0.004760812036693096,0.007141217589378357,-0.9181042313575745,22972,334
0,0.05000000074505806,-0.09000000357627869,9.720000267028809,0,0,0,28.375,-26.75,-18.5,-0.3962460458278656,-0.004760812036693096,0.007141217589378357,-0.9181042313575745,22982,335
0,0.03999999910593033,-0.07000000029802322,9.760000228881836,-0.0625,-0.0625,0,28.375,-26.75,-18.5,-0.3962460458278656,-0.004760812036693096,0.007141217589378357,-0.9181042313575745,22992,336
0,0.05999999865889549,-0.07999999821186066,9.729999542236328,-0.0625,-0.25,0,29.875,-29,-19.5625,-0.3962460458278656,-0.004760812036693096,0.007141217589378357,-0.9181042313575745,23001,337
0,0.05999999865889549,-0.07999999821186066,9.720000267028809,0,-0.0625,0,29.875,-29,-19.5625,-0.3962460458278656,-0.004760812036693096,0.007141217589378357,-0.9181042313575745,23012,338
0,0.05999999865889549,-0.07999999821186066,9.75,0.125,0,0,29.875,-29,-19.5625,-0.3962460458278656,-0.004760812036693096,0.007141217589378357,-0.9181042313575745,23022,339
0,0.05999999865889549,-0.07000000029802322,9.729999542236328,-0.0625,0.125,0,29.875,-29,-19.5625,-0.3962460458278656,-0.004760812036693096,0.007141217589378357,-0.9181042313575745,23032,340
0,0.05000000074505806,-0.10000000149011612,9.75,0.125,0,0,29.875,-29,-19.5625,-0.3962460458278656,-0.004760812036693096,0.007141217589378357,-0.9181042313575745,23042,341
0,0.03999999910593033,-0.07000000029802322,9.710000038146973,0,0,0,29.875,-28.6875,-19.25,-0.3962460458278656,-0.004760812036693096,0.007141217589378357,-0.9181042313575745,23051,342
0,0.05000000074505806,-0.07000000029802322,9.739999771118164,0,0.0625,-0.0625,29.875,-28.6875,-19.25,-0.3962460458278656,-0.004760812036693096,0.007141217589378357,-0.9181042313575745,23062,343
0,0.07000000029802322,-0.05999999865889549,9.729999542236328,-0.0625,0,-0.125,29.875,-28.6875,-19.25,-0.3962460458278656,-0.004760812036693096,0.007141217589378357,-0.9181042313575745,23071,344
0,0.05999999865889549,-0.10000000149011612,9.729999542236328,0.125,-0.25,0,29.875,-28.6875,-19.25,-0.3962460458278656,-0.004760812036693096,0.007141217589378357,-0.9181042313575745,23081,345
0,0.05999999865889549,-0.09000000357627869,9.720000267028809,-0.1875,-0.0625,-0.0625,29.875,-28.6875,-19.25,-0.3962460458278656,-0.004760812036693096,0.007141217589378357,-0.9181042313575745,23092,346
0,0.05000000074505806,-0.10000000149011612,9.739999771118164,0,-0.125,0.0625,29.875,-29,-18.5,-0.3962460458278656,-0.004760812036693096,0.007141217589378357,-0.9181042313575745,23101,347
0,0.05000000074505806,-0.05000000074505806,9.720000267028809,-0.125,0,-0.0625,29.875,-29,-18.5,-0.3962460458278656,-0.004760812036693096,0.007141217589378357,-0.9181042313575745,23111,348
0,0.05000000074505806,-0.09000000357627869,9.75,0,0.0625,0.0625,29.875,-29,-18.5,-0.3962460458278656,-0.004760812036693096,0.007141217589378357,-0.9181042313575745,23121,349
0,0.07000000029802322,-0.07999999821186066,9.720000267028809,0,-0.0625,0.125,29.875,-29,-18.5,-0.3962460458278656,-0.004760812036693096,0.007141217589378357,-0.9181042313575745,23131,350
0,0.05000000074505806,-0.09000000357627869,9.729999542236328,0.0625,0.125,0,29.875,-29,-18.5,-0.3962460458278656,-0.004760812036693096,0.007141217589378357,-0.9181042313575745,23142,351
0,0.05000000074505806,-0.05999999865889549,9.729999542236328,-0.0625,0.25,0.0625,29.875,-29.75,-17.5625,-0.3962460458278656,-0.004760812036693096,0.007141217589378357,-0.9181042313575745,23151,352
0,0.05000000074505806,-0.07999999821186066,9.760000228881836,0.125,0.0625,-0.125,29.875,-29.75,-17.5625,-0.3962460458278656,-0.004760812036693096,0.007141217589378357,-0.9181042313575745,23161,353
0,0.029999999329447746,-0.07000000029802322,9.739999771118164,0.125,-0.0625,0.125,29.875,-29.75,-17.5625,-0.3962460458278656,-0.004760812036693096,0.007141217589378357,-0.9181042313575745,23172,354
0,0.05000000074505806,-0.05999999865889549,9.710000038146973,0,-0.0625,0.0625,29.875,-29.75,-17.5625,-0.3962460458278656,-0.004760812036693096,0.007141217589378357,-0.9181042313575745,23181,355
0,0.07000000029802322,-0.07999999821186066,9.75,0.125,0,0,29.875,-29.75,-17.5625,-0.3962460458278656,-0.004760812036693096,0.007141217589378357,-0.9181042313575745,23192,356
0,0.03999999910593033,-0.07000000029802322,9.75,0.125,0,0,28.75,-29.75,-18.75,-0.3962460458278656,-0.004760812036693096,0.007141217589378357,-0.9181042313575745,23201,357
0,0.05000000074505806,-0.07999999821186066,9.729999542236328,-0.125,0.125,0.0625,28.75,-29.75,-18.75,-0.3962460458278656,-0.004760812036693096,0.007141217589378357,-0.9181042313575745,23211,358
0,0.05000000074505806,-0.07999999821186066,9.729999542236328,-0.0625,0.0625,-0.0625,28.75,-29.75,-18.75,-0.3962460458278656,-0.004760812036693096,0.007141217589378357,-0.9181042313575745,23221,359
0,0.029999999329447746,-0.07000000029802322,9.699999809265137,0.0625,0,0,28.75,-29.75,-18.75,-0.3962460458278656,-0.004760812036693096,0.007141217589378357,-0.9181042313575745,23231,360
0,0.05000000074505806,-0.09000000357627869,9.729999542236328,0.125,0.0625,0,28.75,-29.75,-18.75,-0.3962460458278656,-0.004760812036693096,0.007141217589378357,-0.9181042313575745,23242,361
0,0.05000000074505806,-0.10000000149011612,9.770000457763672,0.0625,0,0.0625,29.875,-30.1875,-18.5,-0.3962460458278656,-0.004760812036693096,0.007141217589378357,-0.9181042313575745,23251,362
0,0.05999999865889549,-0.07999999821186066,9.720000267028809,0.0625,0.125,-0.125,29.875,-30.1875,-18.5,-0.3962460458278656,-0.004760812036693096,0.007141217589378357,-0.9181042313575745,23261,363
0,0.029999999329447746,-0.07999999821186066,9.739999771118164,0.0625,0.125,0,29.875,-30.1875,-18.5,-0.3962460458278656,-0.004760812036693096,0.007141217589378357,-0.9181042313575745,23271,364
0,0.05999999865889549,-0.07000000029802322,9.699999809265137,0.125,0.1875,0,29.875,-30.1875,-18.5,-0.3962460458278656,-0.004760812036693096,0.007141217589378357,-0.9181042313575745,23281,365
0,0.05999999865889549,-0.07999999821186066,9.710000038146973,-0.0625,0,0.125,29.875,-30.1875,-18.5,-0.3962460458278656,-0.004760812036693096,0.007141217589378357,-0.9181042313575745,23292,366
0,0.03999999910593033,-0.09000000357627869,9.75,0,0.125,0,30.25,-30.5,-18.5,-0.3962460458278656,-0.004760812036693096,0.007141217589378357,-0.9181042313575745,23301,367
0,0.05000000074505806,-0.07000000029802322,9.75,0,0.0625,-0.0625,30.25,-30.5,-18.5,-0.3962460458278656,-0.004760812036693096,0.007141217589378357,-0.9181042313575745,23311,368
0,0.05000000074505806,-0.09000000357627869,9.739999771118164,-0.0625,-0.125,0.0625,30.25,-30.5,-18.5,-0.3962460458278656,-0.004760812036693096,0.007141217589378357,-0.9181042313575745,23321,369
0,0.05000000074505806,-0.05000000074505806,9.720000267028809,-0.125,0.0625,-0.0625,30.25,-30.5,-18.5,-0.3962460458278656,-0.004760812036693096,0.007141217589378357,-0.9181042313575745,23331,370
0,0.07000000029802322,-0.10000000149011612,9.739999771118164,0,-0.0625,0.125,30.25,-30.5,-18.5,-0.3962460458278656,-0.004760812036693096,0.007141217589378357,-0.9181042313575745,23341,371
0,0.07999999821186066,-0.07999999821186066,9.729999542236328,0,0,-0.0625,30.25,-29,-17.25,-0.3962460458278656,-0.004760812036693096,0.007141217589378357,-0.9181042313575745,23351,372
0,0.05000000074505806,-0.09000000357627869,9.739999771118164,0,-0.125,0.0625,30.25,-29,-17.25,-0.3962460458278656,-0.004760812036693096,0.007141217589378357,-0.9181042313575745,23361,373
0,0.03999999910593033,-0.09000000357627869,9.739999771118164,0.0625,-0.1875,0.125,30.25,-29,-17.25,-0.3962460458278656,-0.004760812036693096,0.007141217589378357,-0.9181042313575745,23371,374
0,0.07999999821186066,-0.07999999821186066,9.739999771118164,0.1875,-0.0625,0,30.25,-29,-17.25,-0.3962460458278656,-0.004760812036693096,0.007141217589378357,-0.9181042313575745,23381,375
0,0.05000000074505806,-0.07999999821186066,9.729999542236328,0.0625,0.1875,-0.0625,30.25,-29,-17.25,-0.3962460458278656,-0.004760812036693096,0.007141217589378357,-0.9181042313575745,23391,376
0,0.05000000074505806,-0.09000000357627869,9.729999542236328,0.125,-0.0625,-0.0625,29.1875,-30.1875,-18.0625,-0.3962460458278656,-0.004760812036693096,0.007141217589378357,-0.9181042313575745,23401,377
0,0.03999999910593033,-0.07000000029802322,9.75,-0.125,0.125,0,29.1875,-30.1875,-18.0625,-0.3962460458278656,-0.004760812036693096,0.007141217589378357,-0.9181042313575745,23411,378
0,0.07000000029802322,-0.07000000029802322,9.760000228881836,0,-0.0625,-0.0625,29.1875,-30.1875,-18.0625,-0.3962460458278656,-0.004760812036693096,0.007141217589378357,-0.9181042313575745,23421,379
0,0.05999999865889549,-0.10000000149011612,9.729999542236328,0,-0.1875,-0.125,29.1875,-30.1875,-18.0625,-0.3962460458278656,-0.004760812036693096,0.007141217589378357,-0.9181042313575745,23431,380
0,0.05000000074505806,-0.09000000357627869,9.779999732971191,0,-0.4375,0.0625,29.1875,-30.1875,-18.0625,-0.3962460458278656,-0.004760812036693096,0.007141217589378357,-0.9181042313575745,23441,381
0,0.05999999865889549,-0.07000000029802322,9.760000228881836,0.0625,-0.125,0.0625,29.5,-30.875,-18.5,-0.3962460458278656,-0.004760812036693096,0.007141217589378357,-0.9181042313575745,23451,382
0,0.07000000029802322,-0.09000000357627869,9.75,-0.0625,-0.125,0.0625,29.5,-30.875,-18.5,-0.3962460458278656,-0.004760812036693096,0.007141217589378357,-0.9181042313575745,23461,383
0,0.029999999329447746,-0.09000000357627869,9.75,0.125,0.0625,0,29.5,-30.875,-18.5,-0.3962460458278656,-0.004760812036693096,0.007141217589378357,-0.9181042313575745,23471,384
0,0.05999999865889549,-0.10000000149011612,9.729999542236328,0.0625,-0.0625,-0.0625,29.5,-30.875,-18.5,-0.3962460458278656,-0.004760812036693096,0.007141217589378357,-0.9181042313575745,23481,385
0,0.05000000074505806,-0.07000000029802322,9.770000457763672,0,0.0625,0,29.5,-30.875,-18.5,-0.3962460458278656,-0.004760812036693096,0.007141217589378357,-0.9181042313575745,23491,386
0,0.05999999865889549,-0.09000000357627869,9.739999771118164,0.0625,0.1875,0,29.875,-30.875,-18.875,-0.3962460458278656,-0.004760812036693096,0.007141217589378357,-0.9181042313575745,23501,387
0,0.05999999865889549,-0.10000000149011612,9.739999771118164,0,0,0,29.875,-30.875,-18.875,-0.3962460458278656,-0.004760812036693096,0.007141217589378357,-0.9181042313575745,23511,388
0,0.05000000074505806,-0.09000000357627869,9.739999771118164,-0.0625,0.0625,0.0625,29.875,-30.875,-18.875,-0.3962460458278656,-0.004760812036693096,0.007141217589378357,-0.9181042313575745,23521,389
0,0.03999999910593033,-0.05000000074505806,9.739999771118164,-0.0625,-0.125,0.0625,29.875,-30.875,-18.875,-0.3962460458278656,-0.004760812036693096,0.007141217589378357,-0.9181042313575745,23531,390
0,0.05999999865889549,-0.09000000357627869,9.760000228881836,0,0,0,29.875,-30.875,-18.875,-0.3962460458278656,-0.004760812036693096,0.007141217589378357,-0.9181042313575745,23541,391
0,0.05000000074505806,-0.07999999821186066,9.729999542236328,0.0625,-0.0625,0,31,-28.6875,-18.5,-0.3962460458278656,-0.004760812036693096,0.007141217589378357,-0.9181042313575745,23551,392
0,0.05999999865889549,-0.07000000029802322,9.770000457763672,0.1875,-0.0625,0,31,-28.6875,-18.5,-0.3962460458278656,-0.004760812036693096,0.007141217589378357,-0.9181042313575745,23561,393
0,0.05000000074505806,-0.09000000357627869,9.75,-0.0625,-0.125,0,31,-28.6875,-18.5,-0.3962460458278656,-0.004760812036693096,0.007141217589378357,-0.9181042313575745,23571,394
0,0.03999999910593033,-0.07999999821186066,9.75,0.0625,-0.3125,0,31,-28.6875,-18.5,-0.3962460458278656,-0.004760812036693096,0.007141217589378357,-0.9181042313575745,23581,395
0,0.03999999910593033,-0.07000000029802322,9.760000228881836,0.0625,-0.0625,0.125,31,-28.6875,-18.5,-0.3962460458278656,-0.004760812036693096,0.007141217589378357,-0.9181042313575745,23591,396
0,0.05000000074505806,-0.07000000029802322,9.739999771118164,0.0625,-0.0625,0.0625,29.875,-29,-18.5,-0.3962460458278656,-0.004760812036693096,0.007141217589378357,-0.9181042313575745,23601,397
0,0.03999999910593033,-0.07000000029802322,9.779999732971191,0.0625,-0.0625,-0.0625,29.875,-29,-18.5,-0.3962460458278656,-0.004760812036693096,0.007141217589378357,-0.9181042313575745,23611,398
0,0.03999999910593033,-0.07999999821186066,9.729999542236328,0,-0.125,0,29.875,-29,-18.5,-0.3962460458278656,-0.004760812036693096,0.007141217589378357,-0.9181042313575745,23621,399
0,0.05999999865889549,-0.07999999821186066,9.720000267028809,0.0625,-0.1875,0,29.875,-29,-18.5,-0.3962460458278656,-0.004760812036693096,0.007141217589378357,-0.9181042313575745,23631,400
0,0.07000000029802322,-0.07999999821186066,9.770000457763672,0,-0.125,0,29.875,-29,-18.5,-0.3962460458278656,-0.004760812036693096,0.007141217589378357,-0.9181042313575745,23641,401
0,0.05000000074505806,-0.07000000029802322,9.75,0.0625,-0.0625,0.0625,30.25,-29.375,-18.875,-0.3962460458278656,-0.004760812036693096,0.007141217589378357,-0.9181042313575745,23651,402
0,0.05000000074505806,-0.07999999821186066,9.75,0.0625,-0.125,0.0625,30.25,-29.375,-18.875,-0.3962460458278656,-0.004760812036693096,0.007141217589378357,-0.9181042313575745,23661,403
0,0.03999999910593033,-0.09000000357627869,9.739999771118164,0.0625,-0.125,0,30.25,-29.375,-18.875,-0.3962460458278656,-0.004760812036693096,0.007141217589378357,-0.9181042313575745,23671,404
0,0.05999999865889549,-0.10000000149011612,9.75,-0.125,0,0,30.25,-29.375,-18.875,-0.3962460458278656,-0.004760812036693096,0.007141217589378357,-0.9181042313575745,23681,405
0,0.05999999865889549,-0.09000000357627869,9.760000228881836,-0.0625,-0.1875,0.0625,30.25,-29.375,-18.875,-0.3962460458278656,-0.004760812036693096,0.007141217589378357,-0.9181042313575745,23691,406
0,0.05000000074505806,-0.05999999865889549,9.760000228881836,-0.0625,0.0625,-0.0625,30.25,-29.375,-19.5625,-0.3962460458278656,-0.004760812036693096,0.007141217589378357,-0.9181042313575745,23701,407
0,0.03999999910593033,-0.05999999865889549,9.729999542236328,0.0625,0,0,30.25,-29.375,-19.5625,-0.3962460458278656,-0.004760812036693096,0.007141217589378357,-0.9181042313575745,23711,408
0,0.05999999865889549,-0.07000000029802322,9.710000038146973,0.125,-0.1875,0.125,30.25,-29.375,-19.5625,-0.3962460458278656,-0.004760812036693096,0.007141217589378357,-0.9181042313575745,23721,409
0,0.07000000029802322,-0.07000000029802322,9.75,0.0625,-0.0625,0,30.25,-29.375,-19.5625,-0.3962460458278656,-0.004760812036693096,0.007141217589378357,-0.9181042313575745,23731,410
0,0.05000000074505806,-0.05999999865889549,9.739999771118164,0.125,-0.25,0.125,30.25,-29.375,-19.5625,-0.3962460458278656,-0.004760812036693096,0.007141217589378357,-0.9181042313575745,23741,411
0,0.05000000074505806,-0.09000000357627869,9.75,0.0625,0,0,29.875,-28.6875,-18.75,-0.3962460458278656,-0.004760812036693096,0.007141217589378357,-0.9181042313575745,23751,412
0,0.05000000074505806,-0.09000000357627869,9.770000457763672,0.0625,-0.0625,0.0625,29.875,-28.6875,-18.75,-0.3962460458278656,-0.004760812036693096,0.007141217589378357,-0.9181042313575745,23761,413
0,0.05999999865889549,-0.09000000357627869,9.75,0.0625,-0.0625,-0.0625,29.875,-28.6875,-18.75,-0.3962460458278656,-0.004760812036693096,0.007141217589378357,-0.9181042313575745,23771,414
0,0.03999999910593033,-0.07000000029802322,9.729999542236328,0.0625,0,-0.0625,29.875,-28.6875,-18.75,-0.3962460458278656,-0.004760812036693096,0.007141217589378357,-0.9181042313575745,23781,415
0,0.05999999865889549,-0.07000000029802322,9.75,-0.125,0,0.0625,29.875,-28.6875,-18.75,-0.3962460458278656,-0.004760812036693096,0.007141217589378357,-0.9181042313575745,23791,416
0,0.05000000074505806,-0.07999999821186066,9.739999771118164,0.125,-0.125,0,29.875,-28.6875,-18.75,-0.3962460458278656,-0.004760812036693096,0.007141217589378357,-0.9181042313575745,23801,417
0,0.05000000074505806,-0.07000000029802322,9.75,0,-0.1875,0,29.875,-28.6875,-18.75,-0.3962460458278656,-0.004760812036693096,0.007141217589378357,-0.9181042313575745,23811,418
0,0.05999999865889549,-0.07999999821186066,9.720000267028809,0.0625,-0.125,0.0625,29.875,-28.6875,-18.75,-0.3962460458278656,-0.004760812036693096,0.007141217589378357,-0.9181042313575745,23821,419
0,0.05000000074505806,-0.07000000029802322,9.739999771118164,0.0625,-0.0625,0,29.875,-28.6875,-18.75,-0.3962460458278656,-0.004760812036693096,0.007141217589378357,-0.9181042313575745,23831,420
0,0.03999999910593033,-0.07999999821186066,9.75,0.0625,-0.0625,0,29.875,-28.6875,-18.75,-0.3962460458278656,-0.004760812036693096,0.007141217589378357,-0.9181042313575745,23841,421
0,0.07000000029802322,-0.07000000029802322,9.720000267028809,-0.0625,-0.0625,0.0625,29.5,-29,-17.5625,-0.3962460458278656,-0.004760812036693096,0.007141217589378357,-0.9181042313575745,23851,422
0,0.05999999865889549,-0.09000000357627869,9.760000228881836,-0.125,-0.125,0.0625,29.5,-29,-17.5625,-0.3962460458278656,-0.004760812036693096,0.007141217589378357,-0.9181042313575745,23861,423
0,0.05999999865889549,-0.10000000149011612,9.6899995803833,-0.0625,-0.125,0.0625,29.5,-29,-17.5625,-0.3962460458278656,-0.004760812036693096,0.007141217589378357,-0.9181042313575745,23871,424
0,0.05000000074505806,-0.09000000357627869,9.739999771118164,0,0,0,29.5,-29,-17.5625,-0.3962460458278656,-0.004760812036693096,0.007141217589378357,-0.9181042313575745,23881,425
0,0.03999999910593033,-0.07999999821186066,9.729999542236328,0,0.0625,-0.0625,29.5,-29,-17.5625,-0.3962460458278656,-0.004760812036693096,0.007141217589378357,-0.9181042313575745,23891,426
0,0.05000000074505806,-0.07999999821186066,9.75,0.125,0.125,0.125,30.25,-29.375,-18.75,-0.3962460458278656,-0.004760812036693096,0.007141217589378357,-0.9181042313575745,23901,427
0,0.05999999865889549,-0.10000000149011612,9.720000267028809,-0.0625,0.1875,0,30.25,-29.375,-18.75,-0.3962460458278656,-0.004760812036693096,0.007141217589378357,-0.9181042313575745,23911,428
0,0.029999999329447746,-0.05999999865889549,9.760000228881836,-0.125,0.1875,-0.0625,30.25,-29.375,-18.75,-0.3962460458278656,-0.004760812036693096,0.007141217589378357,-0.9181042313575745,23921,429
0,0.03999999910593033,-0.09000000357627869,9.729999542236328,-0.125,0.125,-0.0625,30.25,-29.375,-18.75,-0.3962460458278656,-0.004760812036693096,0.007141217589378357,-0.9181042313575745,23931,430
0,0.07999999821186066,-0.07999999821186066,9.760000228881836,-0.125,-0.0625,-0.0625,30.25,-29.375,-18.75,-0.3962460458278656,-0.004760812036693096,0.007141217589378357,-0.9181042313575745,23941,431
0,0.05000000074505806,-0.10000000149011612,9.75,-0.0625,-0.0625,0,29.1875,-30.875,-18.75,-0.3962460458278656,-0.004760812036693096,0.007141217589378357,-0.9181042313575745,23951,432
0,0.07000000029802322,-0.09000000357627869,9.739999771118164,-0.125,0.0625,0.0625,29.1875,-30.875,-18.75,-0.3962460458278656,-0.004760812036693096,0.007141217589378357,-0.9181042313575745,23961,433
0,0.07000000029802322,-0.07000000029802322,9.75,-0.25,0.0625,0,29.1875,-30.875,-18.75,-0.3962460458278656,-0.004760812036693096,0.007141217589378357,-0.9181042313575745,23971,434
0,0.05000000074505806,-0.09000000357627869,9.75,-0.0625,-0.125,-0.0625,29.1875,-30.875,-18.75,-0.3962460458278656,-0.004760812036693096,0.007141217589378357,-0.9181042313575745,23981,435
0,0.07000000029802322,-0.09000000357627869,9.75,-0.0625,-0.0625,0,29.1875,-30.875,-18.75,-0.3962460458278656,-0.004760812036693096,0.007141217589378357,-0.9181042313575745,23991,436
0,0.05999999865889549,-0.09000000357627869,9.729999542236328,-0.0625,-0.0625,0.0625,30.6875,-29.75,-18.75,-0.3962460458278656,-0.004760812036693096,0.007141217589378357,-0.9181042313575745,24001,437
0,0.05000000074505806,-0.07999999821186066,9.739999771118164,-0.0625,0.0625,-0.125,30.6875,-29.75,-18.75,-0.3962460458278656,-0.004760812036693096,0.007141217589378357,-0.9181042313575745,24011,438
0,0.03999999910593033,-0.09000000357627869,9.729999542236328,0,0.0625,0,30.6875,-29.75,-18.75,-0.3962460458278656,-0.004760812036693096,0.007141217589378357,-0.9181042313575745,24021,439
0,0.05000000074505806,-0.05999999865889549,9.75,-0.0625,-0.0625,0.0625,30.6875,-29.75,-18.75,-0.3962460458278656,-0.004760812036693096,0.007141217589378357,-0.9181042313575745,24031,440
0,0.05999999865889549,-0.09000000357627869,9.739999771118164,-0.125,0,0,30.6875,-29.75,-18.75,-0.3962460458278656,-0.004760812036693096,0.007141217589378357,-0.9181042313575745,24041,441
0,0.05999999865889549,-0.09000000357627869,9.739999771118164,-0.125,-0.0625,0,29.875,-29.375,-18.75,-0.3962460458278656,-0.004760812036693096,0.007141217589378357,-0.9181042313575745,24051,442
0,0.05999999865889549,-0.07999999821186066,9.729999542236328,-0.0625,0,-0.0625,29.875,-29.375,-18.75,-0.3962460458278656,-0.004760812036693096,0.007141217589378357,-0.9181042313575745,24061,443
0,0.05000000074505806,-0.07999999821186066,9.720000267028809,-0.0625,-0.0625,0,29.875,-29.375,-18.75,-0.3962460458278656,-0.004760812036693096,0.007141217589378357,-0.9181042313575745,24071,444
0,0.029999999329447746,-0.07000000029802322,9.720000267028809,0.0625,-0.0625,0,29.875,-29.375,-18.75,-0.3962460458278656,-0.004760812036693096,0.007141217589378357,-0.9181042313575745,24081,445
0,0.03999999910593033,-0.07999999821186066,9.770000457763672,0,-0.25,0.0625,29.875,-29.375,-18.75,-0.3962460458278656,-0.004760812036693096,0.007141217589378357,-0.9181042313575745,24091,446
0,0.05999999865889549,-0.07999999821186066,9.720000267028809,-0.0625,-0.1875,0.0625,29.5,-30.5,-18.5,-0.3962460458278656,-0.004760812036693096,0.007141217589378357,-0.9181042313575745,24101,447
0,0.05999999865889549,-0.07000000029802322,9.75,0,0.125,0.0625,29.5,-30.5,-18.5,-0.3962460458278656,-0.004760812036693096,0.007141217589378357,-0.9181042313575745,24111,448
0,0.07000000029802322,-0.05999999865889549,9.739999771118164,0,-0.0625,0,29.5,-30.5,-18.5,-0.3962460458278656,-0.004760812036693096,0.007141217589378357,-0.9181042313575745,24121,449
0,0.07000000029802322,-0.10000000149011612,9.739999771118164,-0.0625,0.125,0,29.5,-30.5,-18.5,-0.3962460458278656,-0.004760812036693096,0.007141217589378357,-0.9181042313575745,24131,450
0,0.05000000074505806,-0.09000000357627869,9.739999771118164,-0.0625,-0.1875,-0.0625,29.5,-30.5,-18.5,-0.3962460458278656,-0.004760812036693096,0.007141217589378357,-0.9181042313575745,24141,451
0,0.05999999865889549,-0.05000000074505806,9.779999732971191,0,-0.125,0,29.875,-30.5,-18.75,-0.3962460458278656,-0.004760812036693096,0.007141217589378357,-0.9181042313575745,24151,452
0,0.05000000074505806,-0.09000000357627869,9.75,-0.0625,0,-0.0625,29.875,-30.5,-18.75,-0.3962460458278656,-0.004760812036693096,0.007141217589378357,-0.9181042313575745,24161,453
0,0.029999999329447746,-0.07000000029802322,9.710000038146973,-0.25,-0.125,0,29.875,-30.5,-18.75,-0.3962460458278656,-0.004760812036693096,0.007141217589378357,-0.9181042313575745,24171,454
0,0.03999999910593033,-0.09000000357627869,9.729999542236328,-0.125,0.125,0,29.875,-30.5,-18.75,-0.3962460458278656,-0.004760812036693096,0.007141217589378357,-0.9181042313575745,24181,455
0,0.07999999821186066,-0.09000000357627869,9.729999542236328,0,-0.0625,0.125,29.875,-30.5,-18.75,-0.3962460458278656,-0.004760812036693096,0.007141217589378357,-0.9181042313575745,24191,456
0,0.05000000074505806,-0.10000000149011612,9.770000457763672,-0.0625,-0.1875,0.0625,29.5,-30.875,-18.5,-0.3962460458278656,-0.004760812036693096,0.007141217589378357,-0.9181042313575745,24201,457
0,0.05000000074505806,-0.07000000029802322,9.75,-0.125,-0.0625,-0.0625,29.5,-30.875,-18.5,-0.3962460458278656,-0.004760812036693096,0.007141217589378357,-0.9181042313575745,24211,458
0,0.07000000029802322,-0.09000000357627869,9.729999542236328,0.0625,-0.125,-0.0625,29.5,-30.875,-18.5,-0.3962460458278656,-0.004760812036693096,0.007141217589378357,-0.9181042313575745,24221,459
0,0.05000000074505806,-0.07999999821186066,9.760000228881836,0,-0.0625,0.0625,29.5,-30.875,-18.5,-0.3962460458278656,-0.004760812036693096,0.007141217589378357,-0.9181042313575745,24231,460
0,0.05999999865889549,-0.10000000149011612,9.760000228881836,0.0625,-0.125,0.125,29.5,-30.875,-18.5,-0.3962460458278656,-0.004760812036693096,0.007141217589378357,-0.9181042313575745,24241,461
0,0.05000000074505806,-0.07000000029802322,9.739999771118164,0,-0.1875,-0.0625,31,-29.375,-20.0625,-0.3962460458278656,-0.004760812036693096,0.007141217589378357,-0.9181042313575745,24251,462
0,0.05000000074505806,-0.07999999821186066,9.729999542236328,-0.0625,-0.125,0,31,-29.375,-20.0625,-0.3962460458278656,-0.004760812036693096,0.007141217589378357,-0.9181042313575745,24261,463
0,0.05999999865889549,-0.07000000029802322,9.739999771118164,-0.0625,-0.125,-0.0625,31,-29.375,-20.0625,-0.3962460458278656,-0.004760812036693096,0.007141217589378357,-0.9181042313575745,24271,464
0,0.05000000074505806,-0.09000000357627869,9.789999961853027,-0.1875,-0.25,0.0625,31,-29.375,-20.0625,-0.3962460458278656,-0.004760812036693096,0.007141217589378357,-0.9181042313575745,24280,465
0,0.07000000029802322,-0.07000000029802322,9.75,0.0625,0,-0.0625,31,-29.375,-20.0625,-0.3962460458278656,-0.004760812036693096,0.007141217589378357,-0.9181042313575745,24291,466
0,0.03999999910593033,-0.05999999865889549,9.770000457763672,-0.0625,0.125,0,28.75,-30.1875,-19.5625,-0.3962460458278656,-0.004760812036693096,0.007141217589378357,-0.9181042313575745,24300,467
0,0.05999999865889549,-0.10000000149011612,9.75,0,0,0,28.75,-30.1875,-19.5625,-0.3962460458278656,-0.004760812036693096,0.007141217589378357,-0.9181042313575745,24310,468
0,0.05999999865889549,-0.05000000074505806,9.739999771118164,0,-0.125,0.125,28.75,-30.1875,-19.5625,-0.3962460458278656,-0.004760812036693096,0.007141217589378357,-0.9181042313575745,24320,469
0,0.03999999910593033,-0.07000000029802322,9.779999732971191,-0.0625,-0.0625,0,28.75,-30.1875,-19.5625,-0.3962460458278656,-0.004760812036693096,0.007141217589378357,-0.9181042313575745,24330,470
0,0.03999999910593033,-0.05999999865889549,9.75,-0.0625,0.0625,-0.0625,28.75,-30.1875,-19.5625,-0.3962460458278656,-0.004760812036693096,0.007141217589378357,-0.9181042313575745,24341,471
0,0.05000000074505806,-0.09000000357627869,9.760000228881836,-0.125,0.0625,0,29.875,-26,-18.875,-0.3962460458278656,-0.004760812036693096,0.007141217589378357,-0.9181042313575745,24350,472
0,0.05999999865889549,-0.09000000357627869,9.75,0,0.125,0.0625,29.875,-26,-18.875,-0.3962460458278656,-0.004760812036693096,0.007141217589378357,-0.9181042313575745,24360,473
0,0.05999999865889549,-0.07999999821186066,9.720000267028809,-0.125,-0.0625,0,29.875,-26,-18.875,-0.3962460458278656,-0.004760812036693096,0.007141217589378357,-0.9181042313575745,24370,474
0,0.05000000074505806,-0.09000000357627869,9.760000228881836,0.1875,-0.125,0.0625,29.875,-26,-18.875,-0.3962460458278656,-0.004760812036693096,0.007141217589378357,-0.9181042313575745,24380,475
0,0.05999999865889549,-0.07000000029802322,9.739999771118164,-0.125,0,0,29.875,-26,-18.875,-0.3962460458278656,-0.004760812036693096,0.007141217589378357,-0.9181042313575745,24391,476
0,0.05000000074505806,-0.07000000029802322,9.779999732971191,0.0625,-0.25,0.125,29.5,-28.6875,-19.25,-0.3962460458278656,-0.004760812036693096,0.007141217589378357,-0.9181042313575745,24400,477
0,0.05000000074505806,-0.07999999821186066,9.770000457763672,0.0625,-0.125,0,29.5,-28.6875,-19.25,-0.3962460458278656,-0.004760812036693096,0.007141217589378357,-0.9181042313575745,24410,478
0,0.05999999865889549,-0.07000000029802322,9.760000228881836,0.125,-0.25,0,29.5,-28.6875,-19.25,-0.3962460458278656,-0.004760812036693096,0.007141217589378357,-0.9181042313575745,24420,479
0,0.05999999865889549,-0.07000000029802322,9.75,-0.0625,0.0625,-0.0625,29.5,-28.6875,-19.25,-0.3962460458278656,-0.004760812036693096,0.007141217589378357,-0.9181042313575745,24430,480
0,0.05999999865889549,-0.07999999821186066,9.779999732971191,-0.125,0,-0.0625,29.5,-28.6875,-19.25,-0.3962460458278656,-0.004760812036693096,0.007141217589378357,-0.9181042313575745,24440,481
0,0.05999999865889549,-0.07000000029802322,9.739999771118164,-0.125,-0.125,-0.125,29.5,-29,-19.25,-0.3962460458278656,-0.004760812036693096,0.007141217589378357,-0.9181042313575745,24450,482
0,0.05000000074505806,-0.09000000357627869,9.760000228881836,-0.125,-0.125,0.0625,29.5,-29,-19.25,-0.3962460458278656,-0.004760812036693096,0.007141217589378357,-0.9181042313575745,24460,483
0,0.05000000074505806,-0.07999999821186066,9.710000038146973,0,-0.0625,0,29.5,-29,-19.25,-0.3962460458278656,-0.004760812036693096,0.007141217589378357,-0.9181042313575745,24470,484
0,0.05000000074505806,-0.07999999821186066,9.760000228881836,0,-0.25,0.0625,29.5,-29,-19.25,-0.3962460458278656,-0.004760812036693096,0.007141217589378357,-0.9181042313575745,24480,485
0,0.05000000074505806,-0.07999999821186066,9.739999771118164,-0.125,-0.0625,-0.0625,29.5,-29,-19.25,-0.3962460458278656,-0.004760812036693096,0.007141217589378357,-0.9181042313575745,24491,486
0,0.05000000074505806,-0.07000000029802322,9.779999732971191,-0.125,-0.25,0,29.875,-27.5,-18.5,-0.3962460458278656,-0.004760812036693096,0.007141217589378357,-0.9181042313575745,24500,487
0,0.05999999865889549,-0.07999999821186066,9.729999542236328,0,0,0,29.875,-27.5,-18.5,-0.3962460458278656,-0.004760812036693096,0.007141217589378357,-0.9181042313575745,24510,488
0,0.03999999910593033,-0.07999999821186066,9.729999542236328,-0.0625,0.0625,0.0625,29.875,-27.5,-18.5,-0.3962460458278656,-0.004760812036693096,0.007141217589378357,-0.9181042313575745,24520,489
0,0.05000000074505806,-0.07000000029802322,9.75,-0.125,-0.1875,0.125,29.875,-27.5,-18.5,-0.3962460458278656,-0.004760812036693096,0.007141217589378357,-0.9181042313575745,24530,490
0,0.07000000029802322,-0.10000000149011612,9.729999542236328,-0.125,-0.0625,0.125,29.875,-27.5,-18.5,-0.3962460458278656,-0.004760812036693096,0.007141217589378357,-0.9181042313575745,24540,491
0,0.07000000029802322,-0.07999999821186066,9.720000267028809,-0.0625,0,0.0625,30.25,-29.375,-19.25,-0.3962460458278656,-0.004760812036693096,0.007141217589378357,-0.9181042313575745,24550,492
0,0.05000000074505806,-0.07999999821186066,9.710000038146973,-0.125,0,-0.0625,30.25,-29.375,-19.25,-0.3962460458278656,-0.004760812036693096,0.007141217589378357,-0.9181042313575745,24560,493
0,0.03999999910593033,-0.10000000149011612,9.720000267028809,-0.125,-0.0625,0,30.25,-29.375,-19.25,-0.3962460458278656,-0.004760812036693096,0.007141217589378357,-0.9181042313575745,24570,494
0,0.03999999910593033,-0.05999999865889549,9.739999771118164,-0.125,-0.1875,-0.0625,30.25,-29.375,-19.25,-0.3962460458278656,-0.004760812036693096,0.007141217589378357,-0.9181042313575745,24580,495
0,0.07000000029802322,-0.07999999821186066,9.760000228881836,-0.0625,-0.0625,-0.0625,30.25,-29.375,-19.25,-0.3962460458278656,-0.004760812036693096,0.007141217589378357,-0.9181042313575745,24590,496
0,0.03999999910593033,-0.05999999865889549,9.779999732971191,-0.0625,0,0.0625,29.5,-29,-19.25,-0.3962460458278656,-0.004760812036693096,0.007141217589378357,-0.9181042313575745,24600,497
0,0.05000000074505806,-0.07000000029802322,9.739999771118164,-0.0625,-0.0625,0,29.5,-29,-19.25,-0.3962460458278656,-0.004760812036693096,0.007141217589378357,-0.9181042313575745,24610,498
0,0.03999999910593033,-0.07000000029802322,9.739999771118164,-0.0625,0.0625,-0.0625,29.5,-29,-19.25,-0.3962460458278656,-0.004760812036693096,0.007141217589378357,-0.9181042313575745,24620,499
0,0.05999999865889549,-0.07999999821186066,9.75,-0.0625,0.125,0.0625,29.5,-29,-19.25,-0.3962460458278656,-0.004760812036693096,0.007141217589378357,-0.9181042313575745,24630,500
0,0.05000000074505806,-0.07999999821186066,9.729999542236328,-0.125,0.0625,0,29.5,-29,-19.25,-0.3962460458278656,-0.004760812036693096,0.007141217589378357,-0.9181042313575745,24640,501
0,0.03999999910593033,-0.07000000029802322,9.729999542236328,-0.0625,0.1875,0,29.875,-27.5,-20.0625,-0.3962460458278656,-0.004760812036693096,0.007141217589378357,-0.9181042313575745,24650,502
0,0.05999999865889549,-0.07000000029802322,9.760000228881836,-0.25,0.0625,-0.0625,29.875,-27.5,-20.0625,-0.3962460458278656,-0.004760812036693096,0.007141217589378357,-0.9181042313575745,24660,503
0,0.05000000074505806,-0.09000000357627869,9.720000267028809,0,0.125,0,29.875,-27.5,-20.0625,-0.3962460458278656,-0.004760812036693096,0.007141217589378357,-0.9181042313575745,24670,504
0,0.05999999865889549,-0.05999999865889549,9.75,-0.125,0.0625,0.0625,29.875,-27.5,-20.0625,-0.3962460458278656,-0.004760812036693096,0.007141217589378357,-0.9181042313575745,24680,505
0,0.05999999865889549,-0.07999999821186066,9.739999771118164,0,-0.25,0.125,29.875,-27.5,-20.0625,-0.3962460458278656,-0.004760812036693096,0.007141217589378357,-0.9181042313575745,24690,506
0,0.05999999865889549,-0.07000000029802322,9.75,-0.0625,-0.1875,0,29.875,-29,-19.5625,-0.3962460458278656,-0.004760812036693096,0.007141217589378357,-0.9181042313575745,24700,507
0,0.03999999910593033,-0.07000000029802322,9.770000457763672,0.0625,0,-0.0625,29.875,-29,-19.5625,-0.3962460458278656,-0.004760812036693096,0.007141217589378357,-0.9181042313575745,24710,508
0,0.03999999910593033,-0.07999999821186066,9.729999542236328,-0.0625,0,-0.0625,29.875,-29,-19.5625,-0.3962460458278656,-0.004760812036693096,0.007141217589378357,-0.9181042313575745,24720,509
0,0.07000000029802322,-0.10000000149011612,9.720000267028809,0,-0.1875,0,29.875,-29,-19.5625,-0.3962460458278656,-0.004760812036693096,0.007141217589378357,-0.9181042313575745,24730,510
0,0.03999999910593033,-0.05999999865889549,9.739999771118164,0.0625,-0.1875,-0.0625,29.875,-29,-19.5625,-0.3962460458278656,-0.004760812036693096,0.007141217589378357,-0.9181042313575745,24740,511
0,0.05000000074505806,-0.07999999821186066,9.710000038146973,-0.0625,0.125,0,29.1875,-30.1875,-19.5625,-0.3962460458278656,-0.004760812036693096,0.007141217589378357,-0.9181042313575745,24750,512
0,0.029999999329447746,-0.09000000357627869,9.729999542236328,-0.0625,0.125,-0.0625,29.1875,-30.1875,-19.5625,-0.3962460458278656,-0.004760812036693096,0.007141217589378357,-0.9181042313575745,24760,513
0,0.05999999865889549,-0.07000000029802322,9.75,-0.0625,0.0625,-0.0625,29.1875,-30.1875,-19.5625,-0.3962460458278656,-0.004760812036693096,0.007141217589378357,-0.9181042313575745,24770,514
0,0.05000000074505806,-0.09000000357627869,9.75,0,-0.0625,-0.0625,29.1875,-30.1875,-19.5625,-0.3962460458278656,-0.004760812036693096,0.007141217589378357,-0.9181042313575745,24780,515
0,0.07000000029802322,-0.05999999865889549,9.739999771118164,-0.0625,0,0,29.1875,-30.1875,-19.5625,-0.3962460458278656,-0.004760812036693096,0.007141217589378357,-0.9181042313575745,24790,516
0,0.05000000074505806,-0.10000000149011612,9.729999542236328,0,-0.0625,0,29.875,-29.375,-18.5,-0.3962460458278656,-0.004760812036693096,0.007141217589378357,-0.9181042313575745,24800,517
0,0.07000000029802322,-0.09000000357627869,9.760000228881836,-0.0625,-0.125,0.125,29.875,-29.375,-18.5,-0.3962460458278656,-0.004760812036693096,0.007141217589378357,-0.9181042313575745,24810,518
0,0.03999999910593033,-0.05999999865889549,9.770000457763672,-0.0625,0,0,29.875,-29.375,-18.5,-0.3962460458278656,-0.004760812036693096,0.007141217589378357,-0.9181042313575745,24820,519
0,0.05000000074505806,-0.07000000029802322,9.739999771118164,-0.0625,-0.0625,0,29.875,-29.375,-18.5,-0.3962460458278656,-0.004760812036693096,0.007141217589378357,-0.9181042313575745,24830,520
0,0.05999999865889549,-0.09000000357627869,9.75,-0.0625,-0.0625,0,29.875,-29.375,-18.5,-0.3962460458278656,-0.004760812036693096,0.007141217589378357,-0.9181042313575745,24840,521
0,0.05000000074505806,-0.07000000029802322,9.75,0,-0.0625,0.0625,29.875,-29.375,-19.25,-0.3962460458278656,-0.004760812036693096,0.007141217589378357,-0.9181042313575745,24850,522
0,0.05000000074505806,-0.07000000029802322,9.739999771118164,0.0625,-0.25,0.0625,29.875,-29.375,-19.25,-0.3962460458278656,-0.004760812036693096,0.007141217589378357,-0.9181042313575745,24860,523
0,0.05000000074505806,-0.07999999821186066,9.729999542236328,-0.125,0.0625,0.0625,29.875,-29.375,-19.25,-0.3962460458278656,-0.004760812036693096,0.007141217589378357,-0.9181042313575745,24870,524
0,0.03999999910593033,-0.07999999821186066,9.729999542236328,0.0625,0,0.0625,29.875,-29.375,-19.25,-0.3962460458278656,-0.004760812036693096,0.007141217589378357,-0.9181042313575745,24880,525
0,0.05999999865889549,-0.07999999821186066,9.779999732971191,0.0625,-0.0625,0,29.875,-29.375,-19.25,-0.3962460458278656,-0.004760812036693096,0.007141217589378357,-0.9181042313575745,24890,526
0,0.07000000029802322,-0.07999999821186066,9.760000228881836,0.0625,-0.0625,0,29.1875,-29.375,-18.875,-0.3962460458278656,-0.004760812036693096,0.007141217589378357,-0.9181042313575745,24900,527
0,0.05000000074505806,-0.07999999821186066,9.75,-0.0625,0,0,29.1875,-29.375,-18.875,-0.3962460458278656,-0.004760812036693096,0.007141217589378357,-0.9181042313575745,24910,528
0,0.05000000074505806,-0.07999999821186066,9.710000038146973,0.0625,-0.1875,-0.0625,29.1875,-29.375,-18.875,-0.3962460458278656,-0.004760812036693096,0.007141217589378357,-0.9181042313575745,24920,529
0,0.03999999910593033,-0.10999999940395355,9.729999542236328,-0.0625,0.0625,0.0625,29.1875,-29.375,-18.875,-0.3962460458278656,-0.004760812036693096,0.007141217589378357,-0.9181042313575745,24930,530
0,0.019999999552965164,-0.09000000357627869,9.739999771118164,-0.0625,-0.0625,0,29.1875,-29.375,-18.875,-0.3962460458278656,-0.004760812036693096,0.007141217589378357,-0.9181042313575745,24940,531
0,0.05999999865889549,-0.07999999821186066,9.760000228881836,-0.125,-0.125,0,29.875,-30.5,-18.875,-0.3962460458278656,-0.004760812036693096,0.007141217589378357,-0.9181042313575745,24950,532
0,0.029999999329447746,-0.07000000029802322,9.729999542236328,-0.0625,0.125,0,29.875,-30.5,-18.875,-0.3962460458278656,-0.004760812036693096,0.007141217589378357,-0.9181042313575745,24960,533
0,0.07000000029802322,-0.07999999821186066,9.710000038146973,-0.0625,-0.125,0,29.875,-30.5,-18.875,-0.3962460458278656,-0.004760812036693096,0.007141217589378357,-0.9181042313575745,24970,534
0,0.05000000074505806,-0.07999999821186066,9.720000267028809,-0.125,0,-0.0625,29.875,-30.5,-18.875,-0.3962460458278656,-0.004760812036693096,0.007141217589378357,-0.9181042313575745,24980,535
0,0.03999999910593033,-0.07000000029802322,9.739999771118164,-0.125,-0.125,-0.0625,29.875,-30.5,-18.875,-0.3962460458278656,-0.004760812036693096,0.007141217589378357,-0.9181042313575745,24990,536
0,0.05999999865889549,-0.07999999821186066,9.739999771118164,0,0.0625,0.0625,28.375,-28.6875,-19.5625,-0.3962460458278656,-0.004760812036693096,0.007141217589378357,-0.9181042313575745,25000,537
0,0.05000000074505806,-0.05999999865889549,9.739999771118164,0,0.0625,-0.0625,28.375,-28.6875,-19.5625,-0.3962460458278656,-0.004760812036693096,0.007141217589378357,-0.9181042313575745,25010,538
0,0.05000000074505806,-0.05999999865889549,9.729999542236328,0.125,0.0625,0.125,28.375,-28.6875,-19.5625,-0.3962460458278656,-0.004760812036693096,0.007141217589378357,-0.9181042313575745,25020,539
0,0.05999999865889549,-0.07000000029802322,9.739999771118164,0,0.125,0,28.375,-28.6875,-19.5625,-0.3962460458278656,-0.004760812036693096,0.007141217589378357,-0.9181042313575745,25030,540
0,0.05000000074505806,-0.09000000357627869,9.729999542236328,0.0625,-0.125,0,28.375,-28.6875,-19.5625,-0.3962460458278656,-0.004760812036693096,0.007141217589378357,-0.9181042313575745,25040,541
0,0.03999999910593033,-0.09000000357627869,9.760000228881836,0.0625,0.25,-0.0625,30.25,-28.6875,-18.875,-0.3962460458278656,-0.004760812036693096,0.007141217589378357,-0.9181042313575745,25050,542
0,0.03999999910593033,-0.09000000357627869,9.710000038146973,0.0625,0.125,-0.0625,30.25,-28.6875,-18.875,-0.3962460458278656,-0.004760812036693096,0.007141217589378357,-0.9181042313575745,25060,543
0,0.05000000074505806,-0.09000000357627869,9.739999771118164,0.0625,-0.0625,0,30.25,-28.6875,-18.875,-0.3962460458278656,-0.004760812036693096,0.007141217589378357,-0.9181042313575745,25070,544
0,0.029999999329447746,-0.07999999821186066,9.75,0,0.0625,0,30.25,-28.6875,-18.875,-0.3962460458278656,-0.004760812036693096,0.007141217589378357,-0.9181042313575745,25080,545
0,0.03999999910593033,-0.10000000149011612,9.789999961853027,0,0.0625,0,30.25,-28.6875,-18.875,-0.3962460458278656,-0.004760812036693096,0.007141217589378357,-0.9181042313575745,25090,546
0,0.03999999910593033,-0.07999999821186066,9.739999771118164,-0.0625,-0.125,-0.0625,30.25,-25.6875,-19.25,-0.3962460458278656,-0.004760812036693096,0.007141217589378357,-0.9181042313575745,25100,547
0,0.05000000074505806,-0.10000000149011612,9.75,0,-0.125,0,30.25,-25.6875,-19.25,-0.3962460458278656,-0.004760812036693096,0.007141217589378357,-0.9181042313575745,25110,548
0,0.05000000074505806,-0.10000000149011612,9.710000038146973,0.125,0,0.125,30.25,-25.6875,-19.25,-0.3962460458278656,-0.004760812036693096,0.007141217589378357,-0.9181042313575745,25120,549
0,0.07000000029802322,-0.07999999821186066,9.729999542236328,-0.125,-0.0625,-0.0625,30.25,-25.6875,-19.25,-0.3962460458278656,-0.004760812036693096,0.007141217589378357,-0.9181042313575745,25130,550
0,0.05999999865889549,-0.09000000357627869,9.75,0.0625,-0.3125,0.0625,30.25,-25.6875,-19.25,-0.3962460458278656,-0.004760812036693096,0.007141217589378357,-0.9181042313575745,25140,551
0,0.03999999910593033,-0.07999999821186066,9.760000228881836,0,-0.125,0,29.1875,-27.5,-19.5625,-0.3962460458278656,-0.004760812036693096,0.007141217589378357,-0.9181042313575745,25150,552
0,0.05999999865889549,-0.09000000357627869,9.729999542236328,0.0625,0,0,29.1875,-27.5,-19.5625,-0.3962460458278656,-0.004760812036693096,0.007141217589378357,-0.9181042313575745,25160,553
0,0.05999999865889549,-0.09000000357627869,9.720000267028809,0,0.0625,-0.0625,29.1875,-27.5,-19.5625,-0.3962460458278656,-0.004760812036693096,0.007141217589378357,-0.9181042313575745,25170,554
0,0.07000000029802322,-0.09000000357627869,9.729999542236328,-0.0625,0.0625,0,29.1875,-27.5,-19.5625,-0.3962460458278656,-0.004760812036693096,0.007141217589378357,-0.9181042313575745,25180,555
0,0.05000000074505806,-0.10000000149011612,9.739999771118164,-0.0625,0.1875,-0.125,29.1875,-27.5,-19.5625,-0.3962460458278656,-0.004760812036693096,0.007141217589378357,-0.9181042313575745,25190,556
0,0.029999999329447746,-0.07000000029802322,9.770000457763672,-0.0625,-0.125,0,29.875,-28.6875,-19.5625,-0.3962460458278656,-0.004760812036693096,0.007141217589378357,-0.9181042313575745,25200,557
0,0.07000000029802322,-0.07000000029802322,9.710000038146973,0,0,-0.125,29.875,-28.6875,-19.5625,-0.3962460458278656,-0.004760812036693096,0.007141217589378357,-0.9181042313575745,25210,558
0,0.05000000074505806,-0.07999999821186066,9.710000038146973,0,0,0.0625,29.875,-28.6875,-19.5625,-0.3962460458278656,-0.004760812036693096,0.007141217589378357,-0.9181042313575745,25220,559
0,0.05999999865889549,-0.07000000029802322,9.729999542236328,-0.0625,0.125,0.0625,29.875,-28.6875,-19.5625,-0.3962460458278656,-0.004760812036693096,0.007141217589378357,-0.9181042313575745,25230,560
0,0.05000000074505806,-0.07000000029802322,9.75,0.0625,-0.0625,-0.0625,29.875,-28.6875,-19.5625,-0.3962460458278656,-0.004760812036693096,0.007141217589378357,-0.9181042313575745,25240,561
0,0.05000000074505806,-0.09000000357627869,9.739999771118164,0.125,-0.125,0.0625,29.875,-26.75,-20.5,-0.3962460458278656,-0.004760812036693096,0.007141217589378357,-0.9181042313575745,25250,562
0,0.07000000029802322,-0.09000000357627869,9.739999771118164,0.1875,0,0,29.875,-26.75,-20.5,-0.3962460458278656,-0.004760812036693096,0.007141217589378357,-0.9181042313575745,25260,563
0,0.05000000074505806,-0.10000000149011612,9.739999771118164,0.125,0.125,0,29.875,-26.75,-20.5,-0.3962460458278656,-0.004760812036693096,0.007141217589378357,-0.9181042313575745,25270,564
0,0.03999999910593033,-0.07000000029802322,9.739999771118164,0,-0.0625,-0.0625,29.875,-26.75,-20.5,-0.3962460458278656,-0.004760812036693096,0.007141217589378357,-0.9181042313575745,25280,565
0,0.05000000074505806,-0.07999999821186066,9.75,-0.0625,0.1875,0,29.875,-26.75,-20.5,-0.3962460458278656,-0.004760812036693096,0.007141217589378357,-0.9181042313575745,25290,566
0,0.05999999865889549,-0.05999999865889549,9.75,-0.0625,0.1875,0.0625,29.5,-27.875,-18.75,-0.3962460458278656,-0.004760812036693096,0.007141217589378357,-0.9181042313575745,25300,567
0,0.05000000074505806,-0.07000000029802322,9.760000228881836,0,0.0625,-0.0625,29.5,-27.875,-18.75,-0.3962460458278656,-0.004760812036693096,0.007141217589378357,-0.9181042313575745,25310,568
0,0.05999999865889549,-0.07000000029802322,9.710000038146973,-0.125,0.125,0.0625,29.5,-27.875,-18.75,-0.3962460458278656,-0.004760812036693096,0.007141217589378357,-0.9181042313575745,25320,569
0,0.05000000074505806,-0.10000000149011612,9.729999542236328,0.0625,0,0,29.5,-27.875,-18.75,-0.3962460458278656,-0.004760812036693096,0.007141217589378357,-0.9181042313575745,25330,570
0,0.05000000074505806,-0.07999999821186066,9.760000228881836,0.0625,-0.0625,0.0625,29.5,-27.875,-18.75,-0.3962460458278656,-0.004760812036693096,0.007141217589378357,-0.9181042313575745,25340,571
0,0.019999999552965164,-0.07999999821186066,9.739999771118164,0.125,0,0.0625,29.875,-28.6875,-20.0625,-0.3962460458278656,-0.004760812036693096,0.007141217589378357,-0.9181042313575745,25350,572
0,0.03999999910593033,-0.10000000149011612,9.739999771118164,0,-0.0625,0,29.875,-28.6875,-20.0625,-0.3962460458278656,-0.004760812036693096,0.007141217589378357,-0.9181042313575745,25360,573
0,0.07999999821186066,-0.05000000074505806,9.729999542236328,-0.0625,0.0625,-0.0625,29.875,-28.6875,-20.0625,-0.3962460458278656,-0.004760812036693096,0.007141217589378357,-0.9181042313575745,25370,574
0,0.05999999865889549,-0.07999999821186066,9.739999771118164,0.125,0,0.0625,29.875,-28.6875,-20.0625,-0.3962460458278656,-0.004760812036693096,0.007141217589378357,-0.9181042313575745,25380,575
0,0.029999999329447746,-0.05000000074505806,9.729999542236328,0,-0.125,0,29.875,-28.6875,-20.0625,-0.3962460458278656,-0.004760812036693096,0.007141217589378357,-0.9181042313575745,25390,576
0,0.07999999821186066,-0.07000000029802322,9.760000228881836,-0.0625,0.3125,-0.0625,29.875,-28.25,-18.0625,-0.3962460458278656,-0.004760812036693096,0.007141217589378357,-0.9181042313575745,25400,577
0,0.05999999865889549,-0.07999999821186066,9.739999771118164,-0.0625,0,0,29.875,-28.25,-18.0625,-0.3962460458278656,-0.004760812036693096,0.007141217589378357,-0.9181042313575745,25410,578
0,0.03999999910593033,-0.09000000357627869,9.75,0.125,0,0,29.875,-28.25,-18.0625,-0.3962460458278656,-0.004760812036693096,0.007141217589378357,-0.9181042313575745,25420,579
0,0.05999999865889549,-0.07999999821186066,9.739999771118164,0.125,-0.0625,0,29.875,-28.25,-18.0625,-0.3962460458278656,-0.004760812036693096,0.007141217589378357,-0.9181042313575745,25430,580
0,0.05999999865889549,-0.07999999821186066,9.75,0,0.1875,0,29.875,-28.25,-18.0625,-0.3962460458278656,-0.004760812036693096,0.007141217589378357,-0.9181042313575745,25440,581
0,0.05999999865889549,-0.07999999821186066,9.75,0.1875,-0.25,0.1875,31,-24.875,-18.5,-0.3962460458278656,-0.004760812036693096,0.007141217589378357,-0.9181042313575745,25450,582
0,0.03999999910593033,-0.07000000029802322,9.739999771118164,0.1875,-0.25,0.1875,31,-24.875,-18.5,-0.3962460458278656,-0.004760812036693096,0.007141217589378357,-0.9181042313575745,25460,583
0,0.05000000074505806,-0.07999999821186066,9.729999542236328,-0.0625,0,0,31,-24.875,-18.5,-0.3962460458278656,-0.004760812036693096,0.007141217589378357,-0.9181042313575745,25470,584
0,0.05999999865889549,-0.07000000029802322,9.729999542236328,0,0,-0.125,31,-24.875,-18.5,-0.3962460458278656,-0.004760812036693096,0.007141217589378357,-0.9181042313575745,25480,585
0,0.05000000074505806,-0.07999999821186066,9.739999771118164,0,-0.0625,0,31,-24.875,-18.5,-0.3962460458278656,-0.004760812036693096,0.007141217589378357,-0.9181042313575745,25490,586
0,0.05000000074505806,-0.09000000357627869,9.770000457763672,0.125,-0.0625,0,29.875,-28.6875,-19.5625,-0.3962460458278656,-0.004760812036693096,0.007141217589378357,-0.9181042313575745,25500,587
0,0.05000000074505806,-0.09000000357627869,9.770000457763672,0.125,-0.0625,0,29.875,-28.6875,-19.5625,-0.3962460458278656,-0.004760812036693096,0.007141217589378357,-0.9181042313575745,25510,588
0,0.029999999329447746,-0.07000000029802322,9.760000228881836,-0.125,0.1875,0,29.875,-28.6875,-19.5625,-0.3962460458278656,-0.004760812036693096,0.007141217589378357,-0.9181042313575745,25520,589
0,0.05000000074505806,-0.05999999865889549,9.739999771118164,0,0.1875,-0.0625,29.875,-28.6875,-19.5625,-0.3962460458278656,-0.004760812036693096,0.007141217589378357,-0.9181042313575745,25530,590
0,0.03999999910593033,-0.07999999821186066,9.739999771118164,0.125,-0.1875,0,29.875,-28.6875,-19.5625,-0.3962460458278656,-0.004760812036693096,0.007141217589378357,-0.9181042313575745,25540,591
0,0.07999999821186066,-0.09000000357627869,9.75,0.0625,-0.125,0.0625,30.6875,-29.375,-19.5625,-0.3962460458278656,-0.004760812036693096,0.007141217589378357,-0.9181042313575745,25550,592
0,0.05000000074505806,-0.07999999821186066,9.770000457763672,0,0.0625,-0.0625,30.6875,-29.375,-19.5625,-0.3962460458278656,-0.004760812036693096,0.007141217589378357,-0.9181042313575745,25560,593
0,0.05999999865889549,-0.07999999821186066,9.729999542236328,0.0625,-0.0625,0.0625,30.6875,-29.375,-19.5625,-0.3962460458278656,-0.004760812036693096,0.007141217589378357,-0.9181042313575745,25570,594
0,0.05000000074505806,-0.07000000029802322,9.729999542236328,0.0625,0.1875,-0.125,30.6875,-29.375,-19.5625,-0.3962460458278656,-0.004760812036693096,0.007141217589378357,-0.9181042313575745,25580,595
0,0.05999999865889549,-0.09000000357627869,9.770000457763672,0,0.0625,0.125,30.6875,-29.375,-19.5625,-0.3962460458278656,-0.004760812036693096,0.007141217589378357,-0.9181042313575745,25590,596
0,0.03999999910593033,-0.07999999821186066,9.75,-0.0625,0.1875,0.0625,29.875,-29,-20.0625,-0.3962460458278656,-0.004760812036693096,0.007141217589378357,-0.9181042313575745,25600,597
0,0.03999999910593033,-0.09000000357627869,9.739999771118164,-0.0625,0.125,0.0625,29.875,-29,-20.0625,-0.3962460458278656,-0.004760812036693096,0.007141217589378357,-0.9181042313575745,25610,598
0,0.05999999865889549,-0.10000000149011612,9.729999542236328,0.0625,0,-0.0625,29.875,-29,-20.0625,-0.3962460458278656,-0.004760812036693096,0.007141217589378357,-0.9181042313575745,25620,599
0,0.05999999865889549,-0.07999999821186066,9.739999771118164,0.0625,0.0625,-0.125,29.875,-29,-20.0625,-0.3962460458278656,-0.004760812036693096,0.007141217589378357,-0.9181042313575745,25630,600
0,0.07999999821186066,-0.10000000149011612,9.739999771118164,-0.0625,-0.0625,0.0625,29.875,-29,-20.0625,-0.3962460458278656,-0.004760812036693096,0.007141217589378357,-0.9181042313575745,25640,601
0,0.03999999910593033,-0.07999999821186066,9.75,0.0625,0.0625,0,29.1875,-29.375,-18.875,-0.3962460458278656,-0.004760812036693096,0.007141217589378357,-0.9181042313575745,25650,602
0,0.03999999910593033,-0.07000000029802322,9.75,0,0.25,0,29.1875,-29.375,-18.875,-0.3962460458278656,-0.004760812036693096,0.007141217589378357,-0.9181042313575745,25660,603
0,0.05999999865889549,-0.07000000029802322,9.729999542236328,-0.0625,0.0625,-0.0625,29.1875,-29.375,-18.875,-0.3962460458278656,-0.004760812036693096,0.007141217589378357,-0.9181042313575745,25670,604
0,0.05000000074505806,-0.07999999821186066,9.75,0.0625,0.25,-0.0625,29.1875,-29.375,-18.875,-0.3962460458278656,-0.004760812036693096,0.007141217589378357,-0.9181042313575745,25680,605
0,0.03999999910593033,-0.07999999821186066,9.760000228881836,0.0625,0,0,29.1875,-29.375,-18.875,-0.3962460458278656,-0.004760812036693096,0.007141217589378357,-0.9181042313575745,25690,606
0,0.05000000074505806,-0.05999999865889549,9.75,0.0625,0.125,0.0625,30.25,-29,-20.0625,-0.3962460458278656,-0.004760812036693096,0.007141217589378357,-0.9181042313575745,25700,607
0,0.03999999910593033,-0.09000000357627869,9.770000457763672,0,0,0.0625,30.25,-29,-20.0625,-0.3962460458278656,-0.004760812036693096,0.007141217589378357,-0.9181042313575745,25710,608
0,0.05000000074505806,-0.09000000357627869,9.729999542236328,-0.0625,0.0625,-0.0625,30.25,-29,-20.0625,-0.3962460458278656,-0.004760812036693096,0.007141217589378357,-0.9181042313575745,25720,609
0,0.03999999910593033,-0.07999999821186066,9.729999542236328,0.125,0,0,30.25,-29,-20.0625,-0.3962460458278656,-0.004760812036693096,0.007141217589378357,-0.9181042313575745,25730,610
0,0.03999999910593033,-0.07999999821186066,9.75,-0.0625,0.1875,-0.125,30.25,-29,-20.0625,-0.3962460458278656,-0.004760812036693096,0.007141217589378357,-0.9181042313575745,25740,611
0,0.03999999910593033,-0.07000000029802322,9.75,0,0.0625,0.0625,30.25,-29,-19.25,-0.3962460458278656,-0.004760812036693096,0.007141217589378357,-0.9181042313575745,25750,612
0,0.03999999910593033,-0.10000000149011612,9.729999542236328,-0.0625,0.0625,0.0625,30.25,-29,-19.25,-0.3962460458278656,-0.004760812036693096,0.007141217589378357,-0.9181042313575745,25760,613
0,0.05999999865889549,-0.07000000029802322,9.729999542236328,0.0625,0.3125,-0.0625,30.25,-29,-19.25,-0.3962460458278656,-0.004760812036693096,0.007141217589378357,-0.9181042313575745,25770,614
0,0.05999999865889549,-0.05000000074505806,9.75,-0.0625,0.0625,0.0625,30.25,-29,-19.25,-0.3962460458278656,-0.004760812036693096,0.007141217589378357,-0.9181042313575745,25780,615
0,0.05000000074505806,-0.07000000029802322,9.760000228881836,0.125,-0.25,0.125,30.25,-29,-19.25,-0.3962460458278656,-0.004760812036693096,0.007141217589378357,-0.9181042313575745,25790,616
0,0.07000000029802322,-0.07000000029802322,9.720000267028809,0.125,0.0625,-0.0625,29.5,-27.875,-18.75,-0.3962460458278656,-0.004760812036693096,0.007141217589378357,-0.9181042313575745,25800,617
0,0.03999999910593033,-0.07000000029802322,9.739999771118164,0.125,0,0.125,29.5,-27.875,-18.75,-0.3962460458278656,-0.004760812036693096,0.007141217589378357,-0.9181042313575745,25810,618
0,0.07000000029802322,-0.07000000029802322,9.720000267028809,0,0,0.0625,29.5,-27.875,-18.75,-0.3962460458278656,-0.004760812036693096,0.007141217589378357,-0.9181042313575745,25820,619
0,0.03999999910593033,-0.07000000029802322,9.739999771118164,-0.0625,0.1875,0,29.5,-27.875,-18.75,-0.3962460458278656,-0.004760812036693096,0.007141217589378357,-0.9181042313575745,25830,620
0,0.05000000074505806,-0.07000000029802322,9.760000228881836,0.125,0.125,0.0625,29.5,-27.875,-18.75,-0.3962460458278656,-0.004760812036693096,0.007141217589378357,-0.9181042313575745,25840,621
0,0.05000000074505806,-0.09000000357627869,9.760000228881836,0.125,-0.0625,-0.0625,29.875,-27.1875,-19.5625,-0.3962460458278656,-0.004760812036693096,0.007141217589378357,-0.9181042313575745,25850,622
0,0.05999999865889549,-0.07999999821186066,9.739999771118164,0.0625,0.0625,0.0625,29.875,-27.1875,-19.5625,-0.3962460458278656,-0.004760812036693096,0.007141217589378357,-0.9181042313575745,25860,623
0,0.07999999821186066,-0.09000000357627869,9.720000267028809,0.0625,0.0625,0,29.875,-27.1875,-19.5625,-0.3962460458278656,-0.004760812036693096,0.007141217589378357,-0.9181042313575745,25870,624
0,0.03999999910593033,-0.07000000029802322,9.739999771118164,0.0625,0.0625,0,29.875,-27.1875,-19.5625,-0.3962460458278656,-0.004760812036693096,0.007141217589378357,-0.9181042313575745,25880,625
0,0.029999999329447746,-0.07999999821186066,9.729999542236328,-0.0625,0,0,29.875,-27.1875,-19.5625,-0.3962460458278656,-0.004760812036693096,0.007141217589378357,-0.9181042313575745,25890,626
0,0.05999999865889549,-0.10000000149011612,9.779999732971191,0.0625,0,0.0625,29.875,-25.6875,-18.5,-0.3962460458278656,-0.004760812036693096,0.007141217589378357,-0.9181042313575745,25900,627
0,0.03999999910593033,-0.07999999821186066,9.729999542236328,0,-0.25,0.0625,29.875,-25.6875,-18.5,-0.3962460458278656,-0.004760812036693096,0.007141217589378357,-0.9181042313575745,25910,628
0,0.03999999910593033,-0.07000000029802322,9.720000267028809,0.0625,0,-0.125,29.875,-25.6875,-18.5,-0.3962460458278656,-0.004760812036693096,0.007141217589378357,-0.9181042313575745,25920,629
0,0.07000000029802322,-0.09000000357627869,9.739999771118164,0.0625,-0.0625,0.0625,29.875,-25.6875,-18.5,-0.3962460458278656,-0.004760812036693096,0.007141217589378357,-0.9181042313575745,25930,630
0,0.05000000074505806,-0.07999999821186066,9.720000267028809,0.0625,-0.25,0.125,29.875,-25.6875,-18.5,-0.3962460458278656,-0.004760812036693096,0.007141217589378357,-0.9181042313575745,25940,631
0,0.07999999821186066,-0.10000000149011612,9.770000457763672,-0.0625,-0.0625,0,29.875,-27.1875,-19.25,-0.3962460458278656,-0.004760812036693096,0.007141217589378357,-0.9181042313575745,25950,632
0,0.029999999329447746,-0.09000000357627869,9.779999732971191,0.125,0.0625,-0.0625,29.875,-27.1875,-19.25,-0.3962460458278656,-0.004760812036693096,0.007141217589378357,-0.9181042313575745,25960,633
0,0.05000000074505806,-0.07999999821186066,9.710000038146973,0,-0.0625,0.0625,29.875,-27.1875,-19.25,-0.3962460458278656,-0.004760812036693096,0.007141217589378357,-0.9181042313575745,25970,634
0,0.05999999865889549,-0.09000000357627869,9.739999771118164,0.0625,-0.0625,0,29.875,-27.1875,-19.25,-0.3962460458278656,-0.004760812036693096,0.007141217589378357,-0.9181042313575745,25980,635
0,0.05999999865889549,-0.10000000149011612,9.770000457763672,0.0625,-0.25,0,29.875,-27.1875,-19.25,-0.3962460458278656,-0.004760812036693096,0.007141217589378357,-0.9181042313575745,25990,636
0,0.05999999865889549,-0.07000000029802322,9.760000228881836,0.0625,-0.0625,0,30.25,-27.1875,-20.75,-0.3962460458278656,-0.004760812036693096,0.007141217589378357,-0.9181042313575745,26001,637
0,0.05999999865889549,-0.07999999821186066,9.729999542236328,-0.125,-0.0625,0.0625,30.25,-27.1875,-20.75,-0.3962460458278656,-0.004760812036693096,0.007141217589378357,-0.9181042313575745,26011,638
0,0.05999999865889549,-0.07000000029802322,9.760000228881836,0.0625,-0.125,0.0625,30.25,-27.1875,-20.75,-0.3962460458278656,-0.004760812036693096,0.007141217589378357,-0.9181042313575745,26020,639
0,0.03999999910593033,-0.07000000029802322,9.760000228881836,0.125,0.125,0.0625,30.25,-27.1875,-20.75,-0.3962460458278656,-0.004760812036693096,0.007141217589378357,-0.9181042313575745,26031,640
0,0.05000000074505806,-0.09000000357627869,9.75,-0.0625,0.0625,0.125,30.25,-27.1875,-20.75,-0.3962460458278656,-0.004760812036693096,0.007141217589378357,-0.9181042313575745,26040,641
0,0.05999999865889549,-0.07000000029802322,9.75,0.125,-0.0625,0,29.875,-28.25,-18.75,-0.3962460458278656,-0.004760812036693096,0.007141217589378357,-0.9181042313575745,26051,642
0,0.03999999910593033,-0.07000000029802322,9.729999542236328,-0.0625,0,0,29.875,-28.25,-18.75,-0.3962460458278656,-0.004760812036693096,0.007141217589378357,-0.9181042313575745,26061,643
0,0.05999999865889549,-0.09000000357627869,9.710000038146973,-0.0625,0.125,0,29.875,-28.25,-18.75,-0.3962460458278656,-0.004760812036693096,0.007141217589378357,-0.9181042313575745,26071,644
0,0.03999999910593033,-0.10000000149011612,9.739999771118164,0,-0.1875,0.125,29.875,-28.25,-18.75,-0.3962460458278656,-0.004760812036693096,0.007141217589378357,-0.9181042313575745,26080,645
0,0.05999999865889549,-0.09000000357627869,9.75,0,-0.0625,-0.0625,29.875,-28.25,-18.75,-0.3962460458278656,-0.004760812036693096,0.007141217589378357,-0.9181042313575745,26090,646
0,0.03999999910593033,-0.09000000357627869,9.760000228881836,0.0625,0.1875,0,30.25,-27.875,-18.5,-0.3962460458278656,-0.004760812036693096,0.007141217589378357,-0.9181042313575745,26101,647
0,0.07000000029802322,-0.07999999821186066,9.739999771118164,0.1875,-0.0625,0.0625,30.25,-27.875,-18.5,-0.3962460458278656,-0.004760812036693096,0.007141217589378357,-0.9181042313575745,26111,648
0,0.05999999865889549,-0.10000000149011612,9.720000267028809,-0.0625,-0.0625,-0.0625,30.25,-27.875,-18.5,-0.3962460458278656,-0.004760812036693096,0.007141217589378357,-0.9181042313575745,26121,649
0,0.05999999865889549,-0.09000000357627869,9.729999542236328,0,0.3125,0,30.25,-27.875,-18.5,-0.3962460458278656,-0.004760812036693096,0.007141217589378357,-0.9181042313575745,26131,650
0,0.029999999329447746,-0.09000000357627869,9.770000457763672,0,0.1875,-0.0625,30.25,-27.875,-18.5,-0.3962460458278656,-0.004760812036693096,0.007141217589378357,-0.9181042313575745,26140,651
0,0.05999999865889549,-0.05999999865889549,9.739999771118164,0.0625,0,0.125,30.25,-27.5,-18.0625,-0.3962460458278656,-0.004760812036693096,0.007141217589378357,-0.9181042313575745,26151,652
0,0.05999999865889549,-0.07000000029802322,9.75,-0.0625,0.1875,-0.0625,30.25,-27.5,-18.0625,-0.3962460458278656,-0.004760812036693096,0.007141217589378357,-0.9181042313575745,26161,653
0,0.05000000074505806,-0.05999999865889549,9.739999771118164,-0.125,0.3125,0.0625,30.25,-27.5,-18.0625,-0.3962460458278656,-0.004760812036693096,0.007141217589378357,-0.9181042313575745,26171,654
0,0.03999999910593033,-0.09000000357627869,9.729999542236328,0,0.25,-0.0625,30.25,-27.5,-18.0625,-0.3962460458278656,-0.004760812036693096,0.007141217589378357,-0.9181042313575745,26180,655
0,0.05999999865889549,-0.09000000357627869,9.720000267028809,0.0625,0.1875,0,30.25,-27.5,-18.0625,-0.3962460458278656,-0.004760812036693096,0.007141217589378357,-0.9181042313575745,26190,656
0,0.03999999910593033,-0.07000000029802322,9.739999771118164,0.125,0,0.0625,30.25,-28.25,-19.25,-0.3962460458278656,-0.004760812036693096,0.007141217589378357,-0.9181042313575745,26201,657
0,0.03999999910593033,-0.09000000357627869,9.720000267028809,0.0625,0.0625,0.0625,30.25,-28.25,-19.25,-0.3962460458278656,-0.004760812036693096,0.007141217589378357,-0.9181042313575745,26211,658
0,0.05000000074505806,-0.07999999821186066,9.720000267028809,0,0.1875,0,30.25,-28.25,-19.25,-0.3962460458278656,-0.004760812036693096,0.007141217589378357,-0.9181042313575745,26221,659
0,0.05000000074505806,-0.07999999821186066,9.729999542236328,-0.0625,0.1875,0.0625,30.25,-28.25,-19.25,-0.3962460458278656,-0.004760812036693096,0.007141217589378357,-0.9181042313575745,26231,660
0,0.03999999910593033,-0.10000000149011612,9.770000457763672,-0.125,0.1875,0,30.25,-28.25,-19.25,-0.3962460458278656,-0.004760812036693096,0.007141217589378357,-0.9181042313575745,26240,661
0,0.07000000029802322,-0.07000000029802322,9.75,-0.0625,0.0625,0,30.25,-28.6875,-18.875,-0.3962460458278656,-0.004760812036693096,0.007141217589378357,-0.9181042313575745,26251,662
0,0.05999999865889549,-0.07000000029802322,9.720000267028809,-0.0625,0.0625,0.125,30.25,-28.6875,-18.875,-0.3962460458278656,-0.004760812036693096,0.007141217589378357,-0.9181042313575745,26261,663
0,0.05000000074505806,-0.10000000149011612,9.739999771118164,0.0625,0.0625,-0.0625,30.25,-28.6875,-18.875,-0.3962460458278656,-0.004760812036693096,0.007141217589378357,-0.9181042313575745,26271,664
0,0.05000000074505806,-0.10000000149011612,9.739999771118164,0.125,0.125,-0.0625,30.25,-28.6875,-18.875,-0.3962460458278656,-0.004760812036693096,0.007141217589378357,-0.9181042313575745,26280,665
0,0.05000000074505806,-0.07999999821186066,9.729999542236328,0.125,0,0,30.25,-28.6875,-18.875,-0.3962460458278656,-0.004760812036693096,0.007141217589378357,-0.9181042313575745,26290,666
0,0.03999999910593033,-0.09000000357627869,9.75,-0.1875,0.0625,0,29.1875,-29.375,-19.25,-0.3962460458278656,-0.004760812036693096,0.007141217589378357,-0.9181042313575745,26301,667
0,0.05000000074505806,-0.09000000357627869,9.739999771118164,-0.0625,0.125,-0.0625,29.1875,-29.375,-19.25,-0.3962460458278656,-0.004760812036693096,0.007141217589378357,-0.9181042313575745,26311,668
0,0.05999999865889549,-0.07999999821186066,9.770000457763672,-0.1875,0.25,-0.1875,29.1875,-29.375,-19.25,-0.3962460458278656,-0.004760812036693096,0.007141217589378357,-0.9181042313575745,26321,669
0,0.05999999865889549,-0.07000000029802322,9.739999771118164,0,0.1875,0,29.1875,-29.375,-19.25,-0.3962460458278656,-0.004760812036693096,0.007141217589378357,-0.9181042313575745,26331,670
0,0.05999999865889549,-0.09000000357627869,9.739999771118164,0,0.1875,0.125,29.1875,-29.375,-19.25,-0.3962460458278656,-0.004760812036693096,0.007141217589378357,-0.9181042313575745,26340,671
0,0.05999999865889549,-0.10000000149011612,9.779999732971191,0.0625,0.125,0,29.875,-29,-18.5,-0.3962460458278656,-0.004760812036693096,0.007141217589378357,-0.9181042313575745,26351,672
0,0.05000000074505806,-0.07999999821186066,9.729999542236328,0.0625,0.25,0.0625,29.875,-29,-18.5,-0.3962460458278656,-0.004760812036693096,0.007141217589378357,-0.9181042313575745,26361,673
0,0.05999999865889549,-0.07000000029802322,9.739999771118164,0.1875,0.0625,-0.0625,29.875,-29,-18.5,-0.3962460458278656,-0.004760812036693096,0.007141217589378357,-0.9181042313575745,26371,674
0,0.05000000074505806,-0.07999999821186066,9.720000267028809,0.1875,0.0625,0.125,29.875,-29,-18.5,-0.3962460458278656,-0.004760812036693096,0.007141217589378357,-0.9181042313575745,26381,675
0,0.03999999910593033,-0.05999999865889549,9.739999771118164,0.0625,0.125,0.125,29.875,-29,-18.5,-0.3962460458278656,-0.004760812036693096,0.007141217589378357,-0.9181042313575745,26390,676
0,0.05000000074505806,-0.07000000029802322,9.770000457763672,0.125,0.25,0,29.875,-27.5,-18.5,-0.3962460458278656,-0.004760812036693096,0.007141217589378357,-0.9181042313575745,26402,677
0,0.05999999865889549,-0.07000000029802322,9.760000228881836,0.0625,0.25,-0.0625,29.875,-27.5,-18.5,-0.3962460458278656,-0.004760812036693096,0.007141217589378357,-0.9181042313575745,26411,678
0,0.07000000029802322,-0.07999999821186066,9.729999542236328,-0.0625,0.0625,0.0625,29.875,-27.5,-18.5,-0.3962460458278656,-0.004760812036693096,0.007141217589378357,-0.9181042313575745,26421,679
0,0.05000000074505806,-0.05999999865889549,9.75,0.1875,0,0,29.875,-27.5,-18.5,-0.3962460458278656,-0.004760812036693096,0.007141217589378357,-0.9181042313575745,26432,680
0,0.03999999910593033,-0.05000000074505806,9.770000457763672,0.0625,0.1875,0.0625,29.875,-27.5,-18.5,-0.3962460458278656,-0.004760812036693096,0.007141217589378357,-0.9181042313575745,26440,681
0,0.05999999865889549,-0.07999999821186066,9.729999542236328,-0.0625,0.125,0,30.6875,-27.1875,-18.5,-0.3962460458278656,-0.004760812036693096,0.007141217589378357,-0.9181042313575745,26452,682
0,0.03999999910593033,-0.07999999821186066,9.720000267028809,0.125,0.0625,0,30.6875,-27.1875,-18.5,-0.3962460458278656,-0.004760812036693096,0.007141217589378357,-0.9181042313575745,26462,683
0,0.05999999865889549,-0.09000000357627869,9.739999771118164,0,0.3125,0.0625,30.6875,-27.1875,-18.5,-0.3962460458278656,-0.004760812036693096,0.007141217589378357,-0.9181042313575745,26472,684
0,0.05999999865889549,-0.07999999821186066,9.760000228881836,0.125,0.1875,0,30.6875,-27.1875,-18.5,-0.3962460458278656,-0.004760812036693096,0.007141217589378357,-0.9181042313575745,26481,685
0,0.03999999910593033,-0.07999999821186066,9.739999771118164,0.25,0.125,0.0625,30.6875,-27.1875,-18.5,-0.3962460458278656,-0.004760812036693096,0.007141217589378357,-0.9181042313575745,26490,686
0,0.05000000074505806,-0.07999999821186066,9.739999771118164,0.1875,-0.0625,0,30.25,-26.375,-18.875,-0.3962460458278656,-0.004760812036693096,0.007141217589378357,-0.9181042313575745,26502,687
0,0.07000000029802322,-0.07000000029802322,9.739999771118164,0.0625,0,0.125,30.25,-26.375,-18.875,-0.3962460458278656,-0.004760812036693096,0.007141217589378357,-0.9181042313575745,26512,688
0,0.05000000074505806,-0.07000000029802322,9.729999542236328,0.0625,0.125,0,30.25,-26.375,-18.875,-0.3962460458278656,-0.004760812036693096,0.007141217589378357,-0.9181042313575745,26522,689
0,0.07000000029802322,-0.07000000029802322,9.710000038146973,0.0625,0.1875,0,30.25,-26.375,-18.875,-0.3962460458278656,-0.004760812036693096,0.007141217589378357,-0.9181042313575745,26532,690
0,0.07000000029802322,-0.07999999821186066,9.729999542236328,-0.125,0.125,0,30.25,-26.375,-18.875,-0.3962460458278656,-0.004760812036693096,0.007141217589378357,-0.9181042313575745,26540,691
0,0.05999999865889549,-0.09000000357627869,9.739999771118164,0,0.125,0,29.875,-27.875,-19.25,-0.3962460458278656,-0.004760812036693096,0.007141217589378357,-0.9181042313575745,26552,692
0,0.05999999865889549,-0.07000000029802322,9.760000228881836,0.125,-0.0625,0,29.875,-27.875,-19.25,-0.3962460458278656,-0.004760812036693096,0.007141217589378357,-0.9181042313575745,26562,693
0,0.05000000074505806,-0.09000000357627869,9.729999542236328,0.0625,0,0,29.875,-27.875,-19.25,-0.3962460458278656,-0.004760812036693096,0.007141217589378357,-0.9181042313575745,26572,694
0,0.05999999865889549,-0.07999999821186066,9.720000267028809,0.0625,0,-0.0625,29.875,-27.875,-19.25,-0.3962460458278656,-0.004760812036693096,0.007141217589378357,-0.9181042313575745,26581,695
0,0.07000000029802322,-0.05000000074505806,9.760000228881836,-0.125,0,-0.0625,29.875,-27.875,-19.25,-0.3962460458278656,-0.004760812036693096,0.007141217589378357,-0.9181042313575745,26590,696
0,0.05000000074505806,-0.05999999865889549,9.75,0.0625,0.125,0.125,30.6875,-27.875,-20.0625,-0.3962460458278656,-0.004760812036693096,0.007141217589378357,-0.9181042313575745,26602,697
0,0.05000000074505806,-0.07999999821186066,9.729999542236328,-0.0625,-0.0625,-0.0625,30.6875,-27.875,-20.0625,-0.3962460458278656,-0.004760812036693096,0.007141217589378357,-0.9181042313575745,26612,698
0,0.03999999910593033,-0.07999999821186066,9.729999542236328,-0.0625,-0.125,0,30.6875,-27.875,-20.0625,-0.3962460458278656,-0.004760812036693096,0.007141217589378357,-0.9181042313575745,26622,699
0,0.03999999910593033,-0.07999999821186066,9.729999542236328,-0.0625,0.0625,-0.0625,30.6875,-27.875,-20.0625,-0.3962460458278656,-0.004760812036693096,0.007141217589378357,-0.9181042313575745,26632,700
0,0.05999999865889549,-0.07999999821186066,9.720000267028809,-0.0625,0.125,0,30.6875,-27.875,-20.0625,-0.3962460458278656,-0.004760812036693096,0.007141217589378357,-0.9181042313575745,26640,701
0,0.05999999865889549,-0.07999999821186066,9.729999542236328,-0.1875,0,0.0625,29.5,-27.1875,-19.25,-0.3962460458278656,-0.004760812036693096,0.007141217589378357,-0.9181042313575745,26652,702
0,0.05999999865889549,-0.09000000357627869,9.760000228881836,-0.125,-0.125,0,29.5,-27.1875,-19.25,-0.3962460458278656,-0.004760812036693096,0.007141217589378357,-0.9181042313575745,26662,703
0,0.05999999865889549,-0.07999999821186066,9.75,0,0.125,0,29.5,-27.1875,-19.25,-0.3962460458278656,-0.004760812036693096,0.007141217589378357,-0.9181042313575745,26672,704
0,0.05999999865889549,-0.10000000149011612,9.760000228881836,-0.125,-0.1875,0,29.5,-27.1875,-19.25,-0.3962460458278656,-0.004760812036693096,0.007141217589378357,-0.9181042313575745,26681,705
0,0.05000000074505806,-0.07000000029802322,9.739999771118164,0,0.0625,0.0625,29.5,-27.1875,-19.25,-0.3962460458278656,-0.004760812036693096,0.007141217589378357,-0.9181042313575745,26690,706
0,0.03999999910593033,-0.07999999821186066,9.739999771118164,-0.125,0,-0.0625,30.25,-27.5,-19.5625,-0.3962460458278656,-0.004760812036693096,0.007141217589378357,-0.9181042313575745,26702,707
0,0.05999999865889549,-0.07000000029802322,9.729999542236328,-0.0625,0,-0.0625,30.25,-27.5,-19.5625,-0.3962460458278656,-0.004760812036693096,0.007141217589378357,-0.9181042313575745,26712,708
0,0.05999999865889549,-0.07000000029802322,9.75,-0.0625,-0.0625,0.125,30.25,-27.5,-19.5625,-0.3962460458278656,-0.004760812036693096,0.007141217589378357,-0.9181042313575745,26722,709
0,0.05000000074505806,-0.10000000149011612,9.75,-0.0625,0.0625,0,30.25,-27.5,-19.5625,-0.3962460458278656,-0.004760812036693096,0.007141217589378357,-0.9181042313575745,26732,710
0,0.03999999910593033,-0.07999999821186066,9.739999771118164,-0.0625,0.0625,0,30.25,-27.5,-19.5625,-0.3962460458278656,-0.004760812036693096,0.007141217589378357,-0.9181042313575745,26740,711
0,0.07000000029802322,-0.07999999821186066,9.75,0,0.0625,0,30.6875,-27.1875,-19.25,-0.3962460458278656,-0.004760812036693096,0.007141217589378357,-0.9181042313575745,26752,712
0,0.05999999865889549,-0.07999999821186066,9.729999542236328,0,-0.0625,0,30.6875,-27.1875,-19.25,-0.3962460458278656,-0.004760812036693096,0.007141217589378357,-0.9181042313575745,26762,713
0,0.05000000074505806,-0.09000000357627869,9.75,0,0.0625,0,30.6875,-27.1875,-19.25,-0.3962460458278656,-0.004760812036693096,0.007141217589378357,-0.9181042313575745,26772,714
0,0.07000000029802322,-0.07999999821186066,9.710000038146973,-0.125,0.1875,0,30.6875,-27.1875,-19.25,-0.3962460458278656,-0.004760812036693096,0.007141217589378357,-0.9181042313575745,26781,715
0,0.05999999865889549,-0.07999999821186066,9.739999771118164,-0.125,-0.0625,0.0625,30.6875,-27.1875,-19.25,-0.3962460458278656,-0.004760812036693096,0.007141217589378357,-0.9181042313575745,26790,716
0,0.05000000074505806,-0.07999999821186066,9.739999771118164,-0.0625,0.125,0,29.875,-28.6875,-16.875,-0.3962460458278656,-0.004760812036693096,0.007141217589378357,-0.9181042313575745,26802,717
0,0.05000000074505806,-0.07999999821186066,9.720000267028809,0,0,-0.0625,29.875,-28.6875,-16.875,-0.3962460458278656,-0.004760812036693096,0.007141217589378357,-0.9181042313575745,26812,718
0,0.05000000074505806,-0.10000000149011612,9.720000267028809,0.0625,0.0625,0,29.875,-28.6875,-16.875,-0.3962460458278656,-0.004760812036693096,0.007141217589378357,-0.9181042313575745,26822,719
0,0.05999999865889549,-0.07000000029802322,9.720000267028809,-0.125,0.0625,0.0625,29.875,-28.6875,-16.875,-0.3962460458278656,-0.004760812036693096,0.007141217589378357,-0.9181042313575745,26832,720
0,0.05999999865889549,-0.07999999821186066,9.770000457763672,-0.0625,0.0625,-0.0625,29.875,-28.6875,-16.875,-0.3962460458278656,-0.004760812036693096,0.007141217589378357,-0.9181042313575745,26840,721
0,0.05999999865889549,-0.10000000149011612,9.770000457763672,0,-0.1875,0.0625,31,-27.875,-19.5625,-0.3962460458278656,-0.004760812036693096,0.007141217589378357,-0.9181042313575745,26853,722
0,0.03999999910593033,-0.07999999821186066,9.75,-0.0625,-0.0625,0,31,-27.875,-19.5625,-0.3962460458278656,-0.004760812036693096,0.007141217589378357,-0.9181042313575745,26863,723
0,0.029999999329447746,-0.07999999821186066,9.739999771118164,0,-0.0625,0.0625,31,-27.875,-19.5625,-0.3962460458278656,-0.004760812036693096,0.007141217589378357,-0.9181042313575745,26872,724
0,0.05999999865889549,-0.09000000357627869,9.720000267028809,-0.0625,0,0.0625,31,-27.875,-19.5625,-0.3962460458278656,-0.004760812036693096,0.007141217589378357,-0.9181042313575745,26882,725
0,0.03999999910593033,-0.10000000149011612,9.720000267028809,0,-0.0625,0.0625,31,-27.875,-19.5625,-0.3962460458278656,-0.004760812036693096,0.007141217589378357,-0.9181042313575745,26890,726
0,0.05000000074505806,-0.07000000029802322,9.739999771118164,0,-0.0625,0.0625,29.5,-27.875,-18.5,-0.3962460458278656,-0.004760812036693096,0.007141217589378357,-0.9181042313575745,26903,727
0,0.05000000074505806,-0.07999999821186066,9.739999771118164,-0.0625,-0.0625,0,29.5,-27.875,-18.5,-0.3962460458278656,-0.004760812036693096,0.007141217589378357,-0.9181042313575745,26913,728
0,0.05000000074505806,-0.07000000029802322,9.729999542236328,0,-0.1875,0.0625,29.5,-27.875,-18.5,-0.3962460458278656,-0.004760812036693096,0.007141217589378357,-0.9181042313575745,26923,729
0,0.05999999865889549,-0.07000000029802322,9.760000228881836,0.125,0,0.0625,29.5,-27.875,-18.5,-0.3962460458278656,-0.004760812036693096,0.007141217589378357,-0.9181042313575745,26933,730
0,0.05999999865889549,-0.07999999821186066,9.760000228881836,-0.125,-0.125,-0.0625,29.5,-27.875,-18.5,-0.3962460458278656,-0.004760812036693096,0.007141217589378357,-0.9181042313575745,26940,731
0,0.05999999865889549,-0.07000000029802322,9.760000228881836,0,0.0625,-0.0625,30.25,-29,-18.75,-0.3962460458278656,-0.004760812036693096,0.007141217589378357,-0.9181042313575745,26953,732
0,0.05999999865889549,-0.10999999940395355,9.75,-0.125,0.0625,0,30.25,-29,-18.75,-0.3962460458278656,-0.004760812036693096,0.007141217589378357,-0.9181042313575745,26963,733
0,0.07000000029802322,-0.07000000029802322,9.729999542236328,-0.125,-0.0625,-0.0625,30.25,-29,-18.75,-0.3962460458278656,-0.004760812036693096,0.007141217589378357,-0.9181042313575745,26973,734
0,0.05000000074505806,-0.07000000029802322,9.739999771118164,-0.0625,-0.0625,-0.125,30.25,-29,-18.75,-0.3962460458278656,-0.004760812036693096,0.007141217589378357,-0.9181042313575745,26982,735
0,0.05999999865889549,-0.07000000029802322,9.75,-0.0625,0.0625,0.125,30.25,-29,-18.75,-0.3962460458278656,-0.004760812036693096,0.007141217589378357,-0.9181042313575745,26990,736
0,0.05999999865889549,-0.10000000149011612,9.729999542236328,-0.125,0,-0.0625,30.6875,-29.375,-19.25,-0.3962460458278656,-0.004760812036693096,0.007141217589378357,-0.9181042313575745,27003,737
0,0.05999999865889549,-0.09000000357627869,9.739999771118164,-0.0625,0.25,-0.0625,30.6875,-29.375,-19.25,-0.3962460458278656,-0.004760812036693096,0.007141217589378357,-0.9181042313575745,27013,738
0,0.05999999865889549,-0.07000000029802322,9.729999542236328,0,0.125,-0.125,30.6875,-29.375,-19.25,-0.3962460458278656,-0.004760812036693096,0.007141217589378357,-0.9181042313575745,27023,739
0,0.03999999910593033,-0.09000000357627869,9.739999771118164,-0.0625,-0.1875,0.0625,30.6875,-29.375,-19.25,-0.3962460458278656,-0.004760812036693096,0.007141217589378357,-0.9181042313575745,27033,740
0,0.03999999910593033,-0.07000000029802322,9.720000267028809,0,-0.0625,0,30.6875,-29.375,-19.25,-0.3962460458278656,-0.004760812036693096,0.007141217589378357,-0.9181042313575745,27040,741
0,0.05000000074505806,-0.07999999821186066,9.739999771118164,-0.125,0.1875,-0.0625,29.5,-29,-19.25,-0.3962460458278656,-0.004760812036693096,0.007141217589378357,-0.9181042313575745,27053,742
0,0.05999999865889549,-0.10000000149011612,9.75,-0.125,-0.0625,0.0625,29.5,-29,-19.25,-0.3962460458278656,-0.004760812036693096,0.007141217589378357,-0.9181042313575745,27063,743
0,0.07000000029802322,-0.10000000149011612,9.720000267028809,0,-0.0625,0,29.5,-29,-19.25,-0.3962460458278656,-0.004760812036693096,0.007141217589378357,-0.9181042313575745,27073,744
0,0.05000000074505806,-0.07999999821186066,9.739999771118164,-0.0625,0.125,-0.0625,29.5,-29,-19.25,-0.3962460458278656,-0.004760812036693096,0.007141217589378357,-0.9181042313575745,27082,745
0,0.07000000029802322,-0.07000000029802322,9.739999771118164,0,0.0625,-0.0625,29.5,-29,-19.25,-0.3962460458278656,-0.004760812036693096,0.007141217589378357,-0.9181042313575745,27090,746
0,0.05000000074505806,-0.05999999865889549,9.75,-0.0625,0,-0.0625,30.25,-28.6875,-19.5625,-0.3962460458278656,-0.004760812036693096,0.007141217589378357,-0.9181042313575745,27103,747
0,0.05000000074505806,-0.07000000029802322,9.729999542236328,-0.0625,-0.1875,0.0625,30.25,-28.6875,-19.5625,-0.3962460458278656,-0.004760812036693096,0.007141217589378357,-0.9181042313575745,27113,748
0,0.05999999865889549,-0.07000000029802322,9.729999542236328,0.125,-0.0625,0,30.25,-28.6875,-19.5625,-0.3962460458278656,-0.004760812036693096,0.007141217589378357,-0.9181042313575745,27123,749
0,0.05999999865889549,-0.07999999821186066,9.739999771118164,0.0625,-0.0625,0,30.25,-28.6875,-19.5625,-0.3962460458278656,-0.004760812036693096,0.007141217589378357,-0.9181042313575745,27133,750
0,0.03999999910593033,-0.07000000029802322,9.739999771118164,0.1875,-0.0625,0.0625,30.25,-28.6875,-19.5625,-0.3962460458278656,-0.004760812036693096,0.007141217589378357,-0.9181042313575745,27140,751
0,0.05999999865889549,-0.07000000029802322,9.739999771118164,0.125,-0.125,0.0625,30.25,-29.375,-20.0625,-0.3962460458278656,-0.004760812036693096,0.007141217589378357,-0.9181042313575745,27153,752
0,0.05999999865889549,-0.05999999865889549,9.729999542236328,0.0625,0.125,0,30.25,-29.375,-20.0625,-0.3962460458278656,-0.004760812036693096,0.007141217589378357,-0.9181042313575745,27163,753
0,0.05000000074505806,-0.10000000149011612,9.699999809265137,0.125,-0.125,0,30.25,-29.375,-20.0625,-0.3962460458278656,-0.004760812036693096,0.007141217589378357,-0.9181042313575745,27173,754
0,0.07000000029802322,-0.07000000029802322,9.739999771118164,-0.125,0,0.0625,30.25,-29.375,-20.0625,-0.3962460458278656,-0.004760812036693096,0.007141217589378357,-0.9181042313575745,27182,755
0,0.05999999865889549,-0.07000000029802322,9.739999771118164,0,0.0625,0,30.25,-29.375,-20.0625,-0.3962460458278656,-0.004760812036693096,0.007141217589378357,-0.9181042313575745,27190,756
0,0.03999999910593033,-0.09000000357627869,9.760000228881836,0.1875,-0.1875,0.0625,30.25,-27.875,-20.0625,-0.3962460458278656,-0.004760812036693096,0.007141217589378357,-0.9181042313575745,27203,757
0,0.029999999329447746,-0.10999999940395355,9.75,0.1875,-0.0625,0.0625,30.25,-27.875,-20.0625,-0.3962460458278656,-0.004760812036693096,0.007141217589378357,-0.9181042313575745,27213,758
0,0.07000000029802322,-0.07000000029802322,9.729999542236328,0.0625,0,-0.0625,30.25,-27.875,-20.0625,-0.3962460458278656,-0.004760812036693096,0.007141217589378357,-0.9181042313575745,27223,759
0,0.03999999910593033,-0.07999999821186066,9.75,0.0625,-0.0625,0,30.25,-27.875,-20.0625,-0.3962460458278656,-0.004760812036693096,0.007141217589378357,-0.9181042313575745,27233,760
0,0.05000000074505806,-0.07999999821186066,9.739999771118164,0,-0.1875,0,30.25,-27.875,-20.0625,-0.3962460458278656,-0.004760812036693096,0.007141217589378357,-0.9181042313575745,27240,761
0,0.05999999865889549,-0.07999999821186066,9.779999732971191,0,-0.125,0.0625,29.875,-26.375,-19.25,-0.3962460458278656,-0.004760812036693096,0.007141217589378357,-0.9181042313575745,27253,762
0,0.05000000074505806,-0.07000000029802322,9.770000457763672,0.0625,-0.125,0.0625,29.875,-26.375,-19.25,-0.3962460458278656,-0.004760812036693096,0.007141217589378357,-0.9181042313575745,27263,763
0,0.05000000074505806,-0.05999999865889549,9.75,0,0,0,29.875,-26.375,-19.25,-0.3962460458278656,-0.004760812036693096,0.007141217589378357,-0.9181042313575745,27273,764
0,0.03999999910593033,-0.07999999821186066,9.75,0.0625,0.125,0,29.875,-26.375,-19.25,-0.3962460458278656,-0.004760812036693096,0.007141217589378357,-0.9181042313575745,27283,765
0,0.07000000029802322,-0.07999999821186066,9.75,-0.0625,-0.0625,0,29.875,-26.375,-19.25,-0.3962460458278656,-0.004760812036693096,0.007141217589378357,-0.9181042313575745,27290,766
0,0.05999999865889549,-0.07999999821186066,9.739999771118164,0.0625,0.3125,-0.125,29.1875,-28.25,-18.875,-0.3962460458278656,-0.004760812036693096,0.007141217589378357,-0.9181042313575745,27303,767
0,0.05000000074505806,-0.07000000029802322,9.75,0.0625,0.3125,-0.125,29.1875,-28.25,-18.875,-0.3962460458278656,-0.004760812036693096,0.007141217589378357,-0.9181042313575745,27313,768
0,0.03999999910593033,-0.05999999865889549,9.729999542236328,0,0,0,29.1875,-28.25,-18.875,-0.3962460458278656,-0.004760812036693096,0.007141217589378357,-0.9181042313575745,27323,769
0,0.05000000074505806,-0.07999999821186066,9.75,0,-0.0625,0.0625,29.1875,-28.25,-18.875,-0.3962460458278656,-0.004760812036693096,0.007141217589378357,-0.9181042313575745,27333,770
0,0.03999999910593033,-0.05000000074505806,9.75,0,-0.0625,0.0625,29.1875,-28.25,-18.875,-0.3962460458278656,-0.004760812036693096,0.007141217589378357,-0.9181042313575745,27340,771
0,0.05000000074505806,-0.07999999821186066,9.75,0.125,0.125,0,30.6875,-27.5,-18.875,-0.3962460458278656,-0.004760812036693096,0.007141217589378357,-0.9181042313575745,27353,772
0,0.05000000074505806,-0.07999999821186066,9.75,0,-0.0625,0.125,30.6875,-27.5,-18.875,-0.3962460458278656,-0.004760812036693096,0.007141217589378357,-0.9181042313575745,27363,773
0,0.05999999865889549,-0.07000000029802322,9.710000038146973,0.0625,0.0625,-0.0625,30.6875,-27.5,-18.875,-0.3962460458278656,-0.004760812036693096,0.007141217589378357,-0.9181042313575745,27373,774
0,0.05999999865889549,-0.10000000149011612,9.739999771118164,0.0625,0.0625,-0.0625,30.6875,-27.5,-18.875,-0.3962460458278656,-0.004760812036693096,0.007141217589378357,-0.9181042313575745,27383,775
0,0.07000000029802322,-0.10000000149011612,9.739999771118164,0,0.125,-0.0625,30.6875,-27.5,-18.875,-0.3962460458278656,-0.004760812036693096,0.007141217589378357,-0.9181042313575745,27390,776
0,0.029999999329447746,-0.07000000029802322,9.729999542236328,0,0.25,-0.0625,28.75,-29.375,-19.25,-0.3962460458278656,-0.004760812036693096,0.007141217589378357,-0.9181042313575745,27403,777
0,0.05999999865889549,-0.07000000029802322,9.739999771118164,0,0,0,28.75,-29.375,-19.25,-0.3962460458278656,-0.004760812036693096,0.007141217589378357,-0.9181042313575745,27413,778
0,0.05000000074505806,-0.09000000357627869,9.739999771118164,-0.125,-0.1875,0.125,28.75,-29.375,-19.25,-0.3962460458278656,-0.004760812036693096,0.007141217589378357,-0.9181042313575745,27423,779
0,0.05000000074505806,-0.07999999821186066,9.760000228881836,-0.0625,0,-0.125,28.75,-29.375,-19.25,-0.3962460458278656,-0.004760812036693096,0.007141217589378357,-0.9181042313575745,27433,780
0,0.05000000074505806,-0.09000000357627869,9.75,-0.0625,0,-0.125,28.75,-29.375,-19.25,-0.3962460458278656,-0.004760812036693096,0.007141217589378357,-0.9181042313575745,27440,781
0,0.05000000074505806,-0.07000000029802322,9.770000457763672,0.0625,-0.25,0.0625,30.25,-28.25,-19.25,-0.3962460458278656,-0.004760812036693096,0.007141217589378357,-0.9181042313575745,27453,782
0,0.05000000074505806,-0.07999999821186066,9.770000457763672,-0.0625,0.0625,-0.0625,30.25,-28.25,-19.25,-0.3962460458278656,-0.004760812036693096,0.007141217589378357,-0.9181042313575745,27463,783
0,0.05999999865889549,-0.07999999821186066,9.710000038146973,-0.1875,0.1875,0,30.25,-28.25,-19.25,-0.3962460458278656,-0.004760812036693096,0.007141217589378357,-0.9181042313575745,27473,784
0,0.03999999910593033,-0.07000000029802322,9.729999542236328,-0.1875,0.1875,0,30.25,-28.25,-19.25,-0.3962460458278656,-0.004760812036693096,0.007141217589378357,-0.9181042313575745,27483,785
0,0.05999999865889549,-0.09000000357627869,9.739999771118164,0.0625,-0.0625,0,30.25,-28.25,-19.25,-0.3962460458278656,-0.004760812036693096,0.007141217589378357,-0.9181042313575745,27490,786
0,0.05999999865889549,-0.09000000357627869,9.75,-0.0625,0.0625,0.0625,29.875,-29,-19.25,-0.3962460458278656,-0.004760812036693096,0.007141217589378357,-0.9181042313575745,27503,787
0,0.05999999865889549,-0.07000000029802322,9.739999771118164,0,0.0625,0.0625,29.875,-29,-19.25,-0.3962460458278656,-0.004760812036693096,0.007141217589378357,-0.9181042313575745,27513,788
0,0.05000000074505806,-0.10999999940395355,9.710000038146973,0.0625,-0.125,-0.0625,29.875,-29,-19.25,-0.3962460458278656,-0.004760812036693096,0.007141217589378357,-0.9181042313575745,27523,789
0,0.05999999865889549,-0.05999999865889549,9.760000228881836,0.125,-0.1875,0.0625,29.875,-29,-19.25,-0.3962460458278656,-0.004760812036693096,0.007141217589378357,-0.9181042313575745,27533,790
0,0.05999999865889549,-0.09000000357627869,9.75,0.125,-0.1875,0.0625,29.875,-29,-19.25,-0.3962460458278656,-0.004760812036693096,0.007141217589378357,-0.9181042313575745,27540,791
0,0.05999999865889549,-0.10000000149011612,9.770000457763672,0.125,0.0625,0.0625,29.5,-28.25,-19.5625,-0.3962460458278656,-0.004760812036693096,0.007141217589378357,-0.9181042313575745,27553,792
0,0.05000000074505806,-0.10000000149011612,9.760000228881836,0.0625,0,0,29.5,-28.25,-19.5625,-0.3962460458278656,-0.004760812036693096,0.007141217589378357,-0.9181042313575745,27563,793
0,0.05999999865889549,-0.05999999865889549,9.720000267028809,0,-0.125,0.0625,29.5,-28.25,-19.5625,-0.3962460458278656,-0.004760812036693096,0.007141217589378357,-0.9181042313575745,27573,794
0,0.05999999865889549,-0.09000000357627869,9.710000038146973,0.0625,-0.1875,-0.0625,29.5,-28.25,-19.5625,-0.3962460458278656,-0.004760812036693096,0.007141217589378357,-0.9181042313575745,27583,795
0,0.07000000029802322,-0.07999999821186066,9.75,0.0625,-0.1875,-0.0625,29.5,-28.25,-19.5625,-0.3962460458278656,-0.004760812036693096,0.007141217589378357,-0.9181042313575745,27590,796
0,0.029999999329447746,-0.09000000357627869,9.760000228881836,0.0625,-0.125,-0.125,29.875,-30.875,-18.5,-0.3962460458278656,-0.004760812036693096,0.007141217589378357,-0.9181042313575745,27603,797
0,0.05000000074505806,-0.09000000357627869,9.739999771118164,-0.125,0.125,0,29.875,-30.875,-18.5,-0.3962460458278656,-0.004760812036693096,0.007141217589378357,-0.9181042313575745,27613,798
0,0.05999999865889549,-0.07999999821186066,9.739999771118164,0,-0.0625,0.0625,29.875,-30.875,-18.5,-0.3962460458278656,-0.004760812036693096,0.007141217589378357,-0.9181042313575745,27623,799
0,0.05999999865889549,-0.07000000029802322,9.710000038146973,-0.0625,0,0.0625,29.875,-30.875,-18.5,-0.3962460458278656,-0.004760812036693096,0.007141217589378357,-0.9181042313575745,27633,800
0,0.05999999865889549,-0.07999999821186066,9.739999771118164,-0.0625,0,0.0625,29.875,-30.875,-18.5,-0.3962460458278656,-0.004760812036693096,0.007141217589378357,-0.9181042313575745,27640,801
0,0.05000000074505806,-0.09000000357627869,9.770000457763672,0,0.1875,0.0625,30.25,-30.1875,-18.75,-0.3962460458278656,-0.004760812036693096,0.007141217589378357,-0.9181042313575745,27653,802
0,0.05000000074505806,-0.07999999821186066,9.75,0.0625,0.0625,0.0625,30.25,-30.1875,-18.75,-0.3962460458278656,-0.004760812036693096,0.007141217589378357,-0.9181042313575745,27663,803
0,0.03999999910593033,-0.07000000029802322,9.729999542236328,0,0,-0.125,30.25,-30.1875,-18.75,-0.3962460458278656,-0.004760812036693096,0.007141217589378357,-0.9181042313575745,27673,804
0,0.07000000029802322,-0.07000000029802322,9.75,0,-0.125,0,30.25,-30.1875,-18.75,-0.3962460458278656,-0.004760812036693096,0.007141217589378357,-0.9181042313575745,27683,805
0,0.05000000074505806,-0.07000000029802322,9.75,0,-0.125,0,30.25,-30.1875,-18.75,-0.3962460458278656,-0.004760812036693096,0.007141217589378357,-0.9181042313575745,27691,806
0,0.05000000074505806,-0.09000000357627869,9.729999542236328,-0.0625,0,0.0625,30.25,-30.1875,-19.25,-0.3962460458278656,-0.004760812036693096,0.007141217589378357,-0.9181042313575745,27703,807
0,0.03999999910593033,-0.09000000357627869,9.770000457763672,0,0.1875,0,30.25,-30.1875,-19.25,-0.3962460458278656,-0.004760812036693096,0.007141217589378357,-0.9181042313575745,27713,808
0,0.03999999910593033,-0.09000000357627869,9.729999542236328,0.0625,-0.125,0,30.25,-30.1875,-19.25,-0.3962460458278656,-0.004760812036693096,0.007141217589378357,-0.9181042313575745,27723,809
0,0.03999999910593033,-0.09000000357627869,9.739999771118164,0,-0.0625,0.0625,30.25,-30.1875,-19.25,-0.3962460458278656,-0.004760812036693096,0.007141217589378357,-0.9181042313575745,27733,810
0,0.07000000029802322,-0.07000000029802322,9.729999542236328,0,-0.0625,0.0625,30.25,-30.1875,-19.25,-0.3962460458278656,-0.004760812036693096,0.007141217589378357,-0.9181042313575745,27741,811
0,0.05000000074505806,-0.07999999821186066,9.75,-0.0625,0.1875,0.0625,30.25,-30.1875,-18.0625,-0.3962460458278656,-0.004760812036693096,0.007141217589378357,-0.9181042313575745,27753,812
0,0.03999999910593033,-0.07999999821186066,9.729999542236328,0.0625,-0.25,-0.0625,30.25,-30.1875,-18.0625,-0.3962460458278656,-0.004760812036693096,0.007141217589378357,-0.9181042313575745,27763,813
0,0.03999999910593033,-0.09000000357627869,9.739999771118164,0.125,-0.0625,0.0625,30.25,-30.1875,-18.0625,-0.3962460458278656,-0.004760812036693096,0.007141217589378357,-0.9181042313575745,27773,814
0,0.019999999552965164,-0.07000000029802322,9.75,0,-0.0625,0,30.25,-30.1875,-18.0625,-0.3962460458278656,-0.004760812036693096,0.007141217589378357,-0.9181042313575745,27783,815
0,0.07000000029802322,-0.07999999821186066,9.75,0,-0.0625,0,30.25,-30.1875,-18.0625,-0.3962460458278656,-0.004760812036693096,0.007141217589378357,-0.9181042313575745,27791,816
0,0.05999999865889549,-0.07000000029802322,9.75,0.0625,0.0625,0,29.875,-27.5,-18.875,-0.3962460458278656,-0.004760812036693096,0.007141217589378357,-0.9181042313575745,27803,817
0,0.05000000074505806,-0.07999999821186066,9.779999732971191,-0.0625,-0.125,-0.0625,29.875,-27.5,-18.875,-0.3962460458278656,-0.004760812036693096,0.007141217589378357,-0.9181042313575745,27813,818
0,0.03999999910593033,-0.07999999821186066,9.720000267028809,0.0625,0.0625,-0.0625,29.875,-27.5,-18.875,-0.3962460458278656,-0.004760812036693096,0.007141217589378357,-0.9181042313575745,27823,819
0,0.03999999910593033,-0.07000000029802322,9.75,0.125,-0.0625,0.0625,29.875,-27.5,-18.875,-0.3962460458278656,-0.004760812036693096,0.007141217589378357,-0.9181042313575745,27833,820
0,0.05999999865889549,-0.09000000357627869,9.729999542236328,0.125,-0.0625,0.0625,29.875,-27.5,-18.875,-0.3962460458278656,-0.004760812036693096,0.007141217589378357,-0.9181042313575745,27841,821
0,0.05000000074505806,-0.09000000357627869,9.739999771118164,-0.0625,0.1875,-0.0625,29.1875,-29,-18.5,-0.3962460458278656,-0.004760812036693096,0.007141217589378357,-0.9181042313575745,27853,822
0,0.05999999865889549,-0.07999999821186066,9.75,0.1875,-0.1875,-0.125,29.1875,-29,-18.5,-0.3962460458278656,-0.004760812036693096,0.007141217589378357,-0.9181042313575745,27863,823
0,0.03999999910593033,-0.05999999865889549,9.720000267028809,0.125,0,0.0625,29.1875,-29,-18.5,-0.3962460458278656,-0.004760812036693096,0.007141217589378357,-0.9181042313575745,27873,824
0,0.03999999910593033,-0.09000000357627869,9.75,0.0625,-0.0625,0.0625,29.1875,-29,-18.5,-0.3962460458278656,-0.004760812036693096,0.007141217589378357,-0.9181042313575745,27883,825
0,0.07000000029802322,-0.05999999865889549,9.739999771118164,0.0625,-0.0625,0.0625,29.1875,-29,-18.5,-0.3962460458278656,-0.004760812036693096,0.007141217589378357,-0.9181042313575745,27890,826
0,0.07999999821186066,-0.07000000029802322,9.729999542236328,-0.0625,0.1875,-0.125,29.5,-30.5,-19.25,-0.3962460458278656,-0.004760812036693096,0.007141217589378357,-0.9181042313575745,27903,827
0,0.07000000029802322,-0.05999999865889549,9.760000228881836,-0.0625,0,0.0625,29.5,-30.5,-19.25,-0.3962460458278656,-0.004760812036693096,0.007141217589378357,-0.9181042313575745,27913,828
0,0.07000000029802322,-0.07999999821186066,9.75,0,0.0625,-0.0625,29.5,-30.5,-19.25,-0.3962460458278656,-0.004760812036693096,0.007141217589378357,-0.9181042313575745,27923,829
0,0.03999999910593033,-0.07999999821186066,9.739999771118164,0,-0.1875,0.0625,29.5,-30.5,-19.25,-0.3962460458278656,-0.004760812036693096,0.007141217589378357,-0.9181042313575745,27933,830
0,0.05000000074505806,-0.07000000029802322,9.739999771118164,0,-0.1875,0.0625,29.5,-30.5,-19.25,-0.3962460458278656,-0.004760812036693096,0.007141217589378357,-0.9181042313575745,27941,831
0,0.05000000074505806,-0.07999999821186066,9.739999771118164,-0.125,0.0625,-0.0625,29.1875,-29,-20.0625,-0.3962460458278656,-0.004760812036693096,0.007141217589378357,-0.9181042313575745,27953,832
0,0.05000000074505806,-0.07000000029802322,9.729999542236328,-0.125,0,0.125,29.1875,-29,-20.0625,-0.3962460458278656,-0.004760812036693096,0.007141217589378357,-0.9181042313575745,27962,833
0,0.05000000074505806,-0.07000000029802322,9.75,0.1875,-0.1875,0,29.1875,-29,-20.0625,-0.3962460458278656,-0.004760812036693096,0.007141217589378357,-0.9181042313575745,27973,834
0,0.03999999910593033,-0.07999999821186066,9.739999771118164,0,0,0,29.1875,-29,-20.0625,-0.3962460458278656,-0.004760812036693096,0.007141217589378357,-0.9181042313575745,27983,835
0,0.07999999821186066,-0.07999999821186066,9.739999771118164,0,0,0,29.1875,-29,-20.0625,-0.3962460458278656,-0.004760812036693096,0.007141217589378357,-0.9181042313575745,27991,836
0,0.05000000074505806,-0.07999999821186066,9.75,-0.0625,-0.0625,0,29.875,-28.6875,-18.875,-0.3962460458278656,-0.004760812036693096,0.007141217589378357,-0.9181042313575745,28003,837
0,0.05999999865889549,-0.07999999821186066,9.789999961853027,-0.0625,0,0,29.875,-28.6875,-18.875,-0.3962460458278656,-0.004760812036693096,0.007141217589378357,-0.9181042313575745,28013,838
0,0.05000000074505806,-0.07999999821186066,9.739999771118164,-0.125,0.125,0,29.875,-28.6875,-18.875,-0.3962460458278656,-0.004760812036693096,0.007141217589378357,-0.9181042313575745,28023,839
0,0.05999999865889549,-0.09000000357627869,9.720000267028809,0,0,0.0625,29.875,-28.6875,-18.875,-0.3962460458278656,-0.004760812036693096,0.007141217589378357,-0.9181042313575745,28033,840
0,0.05000000074505806,-0.10000000149011612,9.720000267028809,0,0,0.0625,29.875,-28.6875,-18.875,-0.3962460458278656,-0.004760812036693096,0.007141217589378357,-0.9181042313575745,28041,841
0,0.07000000029802322,-0.09000000357627869,9.720000267028809,-0.1875,0.0625,0.0625,30.6875,-28.25,-19.5625,-0.3962460458278656,-0.004760812036693096,0.007141217589378357,-0.9181042313575745,28053,842
0,0.05999999865889549,-0.07000000029802322,9.75,-0.125,0,0.0625,30.6875,-28.25,-19.5625,-0.3962460458278656,-0.004760812036693096,0.007141217589378357,-0.9181042313575745,28063,843
0,0.05000000074505806,-0.07999999821186066,9.720000267028809,-0.125,0.125,-0.0625,30.6875,-28.25,-19.5625,-0.3962460458278656,-0.004760812036693096,0.007141217589378357,-0.9181042313575745,28073,844
0,0.05999999865889549,-0.05999999865889549,9.770000457763672,0,-0.1875,0,30.6875,-28.25,-19.5625,-0.3962460458278656,-0.004760812036693096,0.007141217589378357,-0.9181042313575745,28083,845
0,0.07000000029802322,-0.07999999821186066,9.760000228881836,0,-0.1875,0,30.6875,-28.25,-19.5625,-0.3962460458278656,-0.004760812036693096,0.007141217589378357,-0.9181042313575745,28091,846
0,0.05000000074505806,-0.07000000029802322,9.760000228881836,-0.125,0,-0.0625,29.5,-28.6875,-18.75,-0.3962460458278656,-0.004760812036693096,0.007141217589378357,-0.9181042313575745,28102,847
0,0.05000000074505806,-0.07999999821186066,9.739999771118164,-0.125,0.0625,-0.0625,29.5,-28.6875,-18.75,-0.3962460458278656,-0.004760812036693096,0.007141217589378357,-0.9181042313575745,28112,848
0,0.07000000029802322,-0.05999999865889549,9.75,-0.0625,0.25,0,29.5,-28.6875,-18.75,-0.3962460458278656,-0.004760812036693096,0.007141217589378357,-0.9181042313575745,28122,849
0,0.05999999865889549,-0.07000000029802322,9.739999771118164,-0.1875,0.0625,-0.125,29.5,-28.6875,-18.75,-0.3962460458278656,-0.004760812036693096,0.007141217589378357,-0.9181042313575745,28133,850
0,0.05999999865889549,-0.10000000149011612,9.75,-0.1875,0.0625,-0.125,29.5,-28.6875,-18.75,-0.3962460458278656,-0.004760812036693096,0.007141217589378357,-0.9181042313575745,28141,851
0,0.07000000029802322,-0.07999999821186066,9.75,-0.125,-0.1875,0.0625,30.25,-29,-19.25,-0.3962460458278656,-0.004760812036693096,0.007141217589378357,-0.9181042313575745,28152,852
0,0.07000000029802322,-0.07999999821186066,9.770000457763672,0,-0.0625,0,30.25,-29,-19.25,-0.3962460458278656,-0.004760812036693096,0.007141217589378357,-0.9181042313575745,28162,853
0,0.07000000029802322,-0.07999999821186066,9.739999771118164,-0.1875,0,0.0625,30.25,-29,-19.25,-0.3962460458278656,-0.004760812036693096,0.007141217589378357,-0.9181042313575745,28172,854
0,0.03999999910593033,-0.07000000029802322,9.75,-0.0625,0.125,0,30.25,-29,-19.25,-0.3962460458278656,-0.004760812036693096,0.007141217589378357,-0.9181042313575745,28183,855
0,0.07000000029802322,-0.05999999865889549,9.760000228881836,-0.0625,0.125,0,30.25,-29,-19.25,-0.3962460458278656,-0.004760812036693096,0.007141217589378357,-0.9181042313575745,28191,856
0,0.05000000074505806,-0.07000000029802322,9.729999542236328,-0.1875,-0.0625,-0.0625,30.25,-30.1875,-18.75,-0.3962460458278656,-0.004760812036693096,0.007141217589378357,-0.9181042313575745,28202,857
0,0.05000000074505806,-0.09000000357627869,9.729999542236328,-0.0625,0,0.0625,30.25,-30.1875,-18.75,-0.3962460458278656,-0.004760812036693096,0.007141217589378357,-0.9181042313575745,28212,858
0,0.03999999910593033,-0.07000000029802322,9.75,0,-0.1875,0,30.25,-30.1875,-18.75,-0.3962460458278656,-0.004760812036693096,0.007141217589378357,-0.9181042313575745,28222,859
0,0.05000000074505806,-0.09000000357627869,9.739999771118164,0,0,-0.0625,30.25,-30.1875,-18.75,-0.3962460458278656,-0.004760812036693096,0.007141217589378357,-0.9181042313575745,28233,860
0,0.05999999865889549,-0.07999999821186066,9.739999771118164,0,0,-0.0625,30.25,-30.1875,-18.75,-0.3962460458278656,-0.004760812036693096,0.007141217589378357,-0.9181042313575745,28241,861
0,0.03999999910593033,-0.05999999865889549,9.75,-0.0625,0.0625,0,30.6875,-17.375,-18.5,-0.3962460458278656,-0.004760812036693096,0.007141217589378357,-0.9181042313575745,28252,862
0,0.03999999910593033,-0.09000000357627869,9.729999542236328,0,0,-0.0625,30.6875,-17.375,-18.5,-0.3962460458278656,-0.004760812036693096,0.007141217589378357,-0.9181042313575745,28262,863
0,0.05000000074505806,-0.07999999821186066,9.710000038146973,-0.0625,0.0625,0.0625,30.6875,-17.375,-18.5,-0.3962460458278656,-0.004760812036693096,0.007141217589378357,-0.9181042313575745,28272,864
0,0.05000000074505806,-0.07999999821186066,9.75,-0.1875,0,-0.0625,30.6875,-17.375,-18.5,-0.3962460458278656,-0.004760812036693096,0.007141217589378357,-0.9181042313575745,28282,865
0,0.05000000074505806,-0.09000000357627869,9.75,-0.1875,0,-0.0625,30.6875,-17.375,-18.5,-0.3962460458278656,-0.004760812036693096,0.007141217589378357,-0.9181042313575745,28291,866
0,0.05000000074505806,-0.10000000149011612,9.729999542236328,0.0625,-0.1875,0.0625,29.1875,-28.6875,-18.75,-0.3962460458278656,-0.004760812036693096,0.007141217589378357,-0.9181042313575745,28302,867
0,0.05999999865889549,-0.07999999821186066,9.779999732971191,-0.125,0.0625,0,29.1875,-28.6875,-18.75,-0.3962460458278656,-0.004760812036693096,0.007141217589378357,-0.9181042313575745,28312,868
0,0.05000000074505806,-0.07999999821186066,9.720000267028809,-0.125,-0.0625,0.0625,29.1875,-28.6875,-18.75,-0.3962460458278656,-0.004760812036693096,0.007141217589378357,-0.9181042313575745,28322,869
0,0.05000000074505806,-0.09000000357627869,9.75,-0.0625,-0.3125,0,29.1875,-28.6875,-18.75,-0.3962460458278656,-0.004760812036693096,0.007141217589378357,-0.9181042313575745,28332,870
0,0.05999999865889549,-0.07999999821186066,9.760000228881836,-0.0625,-0.3125,0,29.1875,-28.6875,-18.75,-0.3962460458278656,-0.004760812036693096,0.007141217589378357,-0.9181042313575745,28341,871
0,0.05000000074505806,-0.09000000357627869,9.760000228881836,-0.125,0,-0.0625,29.5,-31.25,-18.75,-0.3962460458278656,-0.004760812036693096,0.007141217589378357,-0.9181042313575745,28352,872
0,0.05000000074505806,-0.09000000357627869,9.720000267028809,-0.125,0.0625,-0.0625,29.5,-31.25,-18.75,-0.3962460458278656,-0.004760812036693096,0.007141217589378357,-0.9181042313575745,28362,873
0,0.05999999865889549,-0.07000000029802322,9.720000267028809,0.0625,-0.125,0.125,29.5,-31.25,-18.75,-0.3962460458278656,-0.004760812036693096,0.007141217589378357,-0.9181042313575745,28372,874
0,0.05000000074505806,-0.11999999731779099,9.720000267028809,0,-0.0625,0,29.5,-31.25,-18.75,-0.3962460458278656,-0.004760812036693096,0.007141217589378357,-0.9181042313575745,28382,875
0,0.05000000074505806,-0.05999999865889549,9.75,0,-0.0625,0,29.5,-31.25,-18.75,-0.3962460458278656,-0.004760812036693096,0.007141217589378357,-0.9181042313575745,28391,876
0,0.05000000074505806,-0.05999999865889549,9.739999771118164,0,0.0625,0.0625,28.75,-31.25,-18.75,-0.3962460458278656,-0.004760812036693096,0.007141217589378357,-0.9181042313575745,28402,877
0,0.05000000074505806,-0.10000000149011612,9.720000267028809,-0.0625,0.0625,0.0625,28.75,-31.25,-18.75,-0.3962460458278656,-0.004760812036693096,0.007141217589378357,-0.9181042313575745,28412,878
0,0.05999999865889549,-0.09000000357627869,9.739999771118164,-0.0625,0,0,28.75,-31.25,-18.75,-0.3962460458278656,-0.004760812036693096,0.007141217589378357,-0.9181042313575745,28422,879
0,0.05000000074505806,-0.07000000029802322,9.720000267028809,-0.0625,0.0625,0.0625,28.75,-31.25,-18.75,-0.3962460458278656,-0.004760812036693096,0.007141217589378357,-0.9181042313575745,28432,880
0,0.05000000074505806,-0.07000000029802322,9.75,0.0625,-0.0625,0.0625,28.75,-31.25,-18.75,-0.3962460458278656,-0.004760812036693096,0.007141217589378357,-0.9181042313575745,28441,881
0,0.05999999865889549,-0.09000000357627869,9.729999542236328,-0.125,-0.0625,0.0625,29.1875,-31.6875,-18.5,-0.3962460458278656,-0.004760812036693096,0.007141217589378357,-0.9181042313575745,28452,882
0,0.05999999865889549,-0.07000000029802322,9.770000457763672,-0.0625,-0.0625,0,29.1875,-31.6875,-18.5,-0.3962460458278656,-0.004760812036693096,0.007141217589378357,-0.9181042313575745,28462,883
0,0.05999999865889549,-0.09000000357627869,9.729999542236328,-0.0625,0,0,29.1875,-31.6875,-18.5,-0.3962460458278656,-0.004760812036693096,0.007141217589378357,-0.9181042313575745,28472,884
0,0.05000000074505806,-0.05999999865889549,9.720000267028809,0.0625,0.0625,-0.0625,29.1875,-31.6875,-18.5,-0.3962460458278656,-0.004760812036693096,0.007141217589378357,-0.9181042313575745,28482,885
0,0.03999999910593033,-0.10000000149011612,9.75,0,0.125,0,29.1875,-31.6875,-18.5,-0.3962460458278656,-0.004760812036693096,0.007141217589378357,-0.9181042313575745,28491,886
0,0.05000000074505806,-0.07000000029802322,9.75,0,0.125,0,29.1875,-32,-18.5,-0.3962460458278656,-0.004760812036693096,0.007141217589378357,-0.9181042313575745,28502,887
0,0.03999999910593033,-0.07000000029802322,9.739999771118164,-0.0625,-0.125,0.125,29.1875,-32,-18.5,-0.3962460458278656,-0.004760812036693096,0.007141217589378357,-0.9181042313575745,28512,888
0,0.05999999865889549,-0.07999999821186066,9.739999771118164,-0.125,0.125,0.0625,29.1875,-32,-18.5,-0.3962460458278656,-0.004760812036693096,0.007141217589378357,-0.9181042313575745,28522,889
0,0.05000000074505806,-0.09000000357627869,9.729999542236328,-0.125,0.125,0.0625,29.1875,-32,-18.5,-0.3962460458278656,-0.004760812036693096,0.007141217589378357,-0.9181042313575745,28532,890
0,0.05999999865889549,-0.07999999821186066,9.760000228881836,-0.125,-0.0625,0.0625,29.1875,-32,-18.5,-0.3962460458278656,-0.004760812036693096,0.007141217589378357,-0.9181042313575745,28541,891
0,0.05999999865889549,-0.07999999821186066,9.770000457763672,-0.0625,0,0,30.25,-32,-19.5625,-0.3962460458278656,-0.004760812036693096,0.007141217589378357,-0.9181042313575745,28552,892
0,0.05000000074505806,-0.10000000149011612,9.75,-0.25,-0.0625,0,30.25,-32,-19.5625,-0.3962460458278656,-0.004760812036693096,0.007141217589378357,-0.9181042313575745,28562,893
0,0.029999999329447746,-0.10000000149011612,9.720000267028809,-0.125,0,-0.0625,30.25,-32,-19.5625,-0.3962460458278656,-0.004760812036693096,0.007141217589378357,-0.9181042313575745,28572,894
0,0.05000000074505806,-0.07000000029802322,9.739999771118164,0.0625,0,-0.0625,30.25,-32,-19.5625,-0.3962460458278656,-0.004760812036693096,0.007141217589378357,-0.9181042313575745,28582,895
0,0.03999999910593033,-0.09000000357627869,9.729999542236328,0.125,0,0.0625,30.25,-32,-19.5625,-0.3962460458278656,-0.004760812036693096,0.007141217589378357,-0.9181042313575745,28591,896
0,0.03999999910593033,-0.10999999940395355,9.760000228881836,-0.125,0,0,29.5,-30.1875,-18.875,-0.3962460458278656,-0.004760812036693096,0.007141217589378357,-0.9181042313575745,28602,897
0,0.05999999865889549,-0.07999999821186066,9.770000457763672,0,-0.0625,-0.125,29.5,-30.1875,-18.875,-0.3962460458278656,-0.004760812036693096,0.007141217589378357,-0.9181042313575745,28612,898
0,0.05999999865889549,-0.05000000074505806,9.729999542236328,0.0625,-0.125,0.125,29.5,-30.1875,-18.875,-0.3962460458278656,-0.004760812036693096,0.007141217589378357,-0.9181042313575745,28622,899
0,0.05999999865889549,-0.09000000357627869,9.75,0,-0.0625,0,29.5,-30.1875,-18.875,-0.3962460458278656,-0.004760812036693096,0.007141217589378357,-0.9181042313575745,28632,900
0,0.05999999865889549,-0.09000000357627869,9.75,-0.0625,0.0625,0.0625,29.5,-30.1875,-18.875,-0.3962460458278656,-0.004760812036693096,0.007141217589378357,-0.9181042313575745,28641,901
0,0.05999999865889549,-0.07000000029802322,9.770000457763672,-0.0625,-0.0625,0,29.5,-30.1875,-18.5,-0.3962460458278656,-0.004760812036693096,0.007141217589378357,-0.9181042313575745,28652,902
0,0.05999999865889549,-0.09000000357627869,9.729999542236328,-0.125,-0.0625,0.0625,29.5,-30.1875,-18.5,-0.3962460458278656,-0.004760812036693096,0.007141217589378357,-0.9181042313575745,28662,903
0,0.03999999910593033,-0.10000000149011612,9.729999542236328,-0.125,0.0625,-0.1875,29.5,-30.1875,-18.5,-0.3962460458278656,-0.004760812036693096,0.007141217589378357,-0.9181042313575745,28672,904
0,0.05000000074505806,-0.07000000029802322,9.760000228881836,-0.125,0.1875,0.0625,29.5,-30.1875,-18.5,-0.3962460458278656,-0.004760812036693096,0.007141217589378357,-0.9181042313575745,28682,905
0,0.029999999329447746,-0.07999999821186066,9.75,0.0625,-0.0625,0,29.5,-30.1875,-18.5,-0.3962460458278656,-0.004760812036693096,0.007141217589378357,-0.9181042313575745,28691,906
0,0.05000000074505806,-0.11999999731779099,9.739999771118164,-0.125,0,-0.0625,29.5,-27.1875,-17.5625,-0.3962460458278656,-0.004760812036693096,0.007141217589378357,-0.9181042313575745,28702,907
0,0.05000000074505806,-0.10000000149011612,9.760000228881836,-0.0625,0.0625,0.0625,29.5,-27.1875,-17.5625,-0.3962460458278656,-0.004760812036693096,0.007141217589378357,-0.9181042313575745,28712,908
0,0.05999999865889549,-0.07999999821186066,9.710000038146973,0,0,0,29.5,-27.1875,-17.5625,-0.3962460458278656,-0.004760812036693096,0.007141217589378357,-0.9181042313575745,28722,909
0,0.05999999865889549,-0.07000000029802322,9.75,0.0625,-0.125,0.0625,29.5,-27.1875,-17.5625,-0.3962460458278656,-0.004760812036693096,0.007141217589378357,-0.9181042313575745,28732,910
0,0.05999999865889549,-0.07000000029802322,9.739999771118164,0,-0.0625,0.0625,29.5,-27.1875,-17.5625,-0.3962460458278656,-0.004760812036693096,0.007141217589378357,-0.9181042313575745,28741,911
0,0.05000000074505806,-0.10000000149011612,9.75,0.0625,-0.0625,-0.0625,29.5,-29,-18.5,-0.3962460458278656,-0.004760812036693096,0.007141217589378357,-0.9181042313575745,28752,912
0,0.07000000029802322,-0.09000000357627869,9.739999771118164,-0.125,0,0,29.5,-29,-18.5,-0.3962460458278656,-0.004760812036693096,0.007141217589378357,-0.9181042313575745,28762,913
0,0.03999999910593033,-0.07999999821186066,9.739999771118164,0,0,0,29.5,-29,-18.5,-0.3962460458278656,-0.004760812036693096,0.007141217589378357,-0.9181042313575745,28772,914
0,0.07000000029802322,-0.07000000029802322,9.729999542236328,0,-0.1875,0,29.5,-29,-18.5,-0.3962460458278656,-0.004760812036693096,0.007141217589378357,-0.9181042313575745,28782,915
0,0.05999999865889549,-0.07999999821186066,9.75,-0.0625,0,0,29.5,-29,-18.5,-0.3962460458278656,-0.004760812036693096,0.007141217589378357,-0.9181042313575745,28791,916
0,0.05000000074505806,-0.07000000029802322,9.770000457763672,0,-0.0625,0.0625,29.5,-29,-18.5,-0.3962460458278656,-0.004760812036693096,0.007141217589378357,-0.9181042313575745,28802,917
0,0.05999999865889549,-0.09000000357627869,9.75,-0.125,0.125,0,29.5,-29,-18.5,-0.3962460458278656,-0.004760812036693096,0.007141217589378357,-0.9181042313575745,28812,918
0,0.03999999910593033,-0.07999999821186066,9.710000038146973,-0.125,0.0625,0,29.5,-29,-18.5,-0.3962460458278656,-0.004760812036693096,0.007141217589378357,-0.9181042313575745,28822,919
0,0.05000000074505806,-0.09000000357627869,9.739999771118164,-0.0625,-0.0625,0.125,29.5,-29,-18.5,-0.3962460458278656,-0.004760812036693096,0.007141217589378357,-0.9181042313575745,28832,920
0,0.05000000074505806,-0.10999999940395355,9.739999771118164,-0.0625,0.0625,0.0625,29.5,-29,-18.5,-0.3962460458278656,-0.004760812036693096,0.007141217589378357,-0.9181042313575745,28841,921
0,0.05000000074505806,-0.10000000149011612,9.75,-0.1875,0.0625,0,30.6875,-29.375,-18.0625,-0.3962460458278656,-0.004760812036693096,0.007141217589378357,-0.9181042313575745,28852,922
0,0.05000000074505806,-0.07999999821186066,9.75,-0.0625,0.125,0,30.6875,-29.375,-18.0625,-0.3962460458278656,-0.004760812036693096,0.007141217589378357,-0.9181042313575745,28862,923
0,0.03999999910593033,-0.09000000357627869,9.720000267028809,0,-0.1875,0.0625,30.6875,-29.375,-18.0625,-0.3962460458278656,-0.004760812036693096,0.007141217589378357,-0.9181042313575745,28872,924
0,0.05000000074505806,-0.07999999821186066,9.729999542236328,0,-0.0625,0,30.6875,-29.375,-18.0625,-0.3962460458278656,-0.004760812036693096,0.007141217589378357,-0.9181042313575745,28882,925
0,0.07999999821186066,-0.07000000029802322,9.739999771118164,0.0625,-0.125,0.0625,30.25,-30.1875,-18.5,-0.3962460458278656,-0.004760812036693096,0.007141217589378357,-0.9181042313575745,28891,926
0,0.07000000029802322,-0.07000000029802322,9.739999771118164,-0.25,-0.0625,-0.0625,30.25,-30.1875,-18.5,-0.3962460458278656,-0.004760812036693096,0.007141217589378357,-0.9181042313575745,28902,927
0,0.03999999910593033,-0.09000000357627869,9.75,-0.0625,-0.125,0,30.25,-30.1875,-18.5,-0.3962460458278656,-0.004760812036693096,0.007141217589378357,-0.9181042313575745,28912,928
0,0.05999999865889549,-0.07999999821186066,9.729999542236328,0,-0.125,0,30.25,-30.1875,-18.5,-0.3962460458278656,-0.004760812036693096,0.007141217589378357,-0.9181042313575745,28922,929
0,0.05000000074505806,-0.09000000357627869,9.729999542236328,-0.0625,-0.1875,0.0625,30.25,-30.1875,-18.5,-0.3962460458278656,-0.004760812036693096,0.007141217589378357,-0.9181042313575745,28932,930
0,0.05000000074505806,-0.07000000029802322,9.779999732971191,-0.1875,0.0625,0,30.6875,-30.5,-19.25,-0.3962460458278656,-0.004760812036693096,0.007141217589378357,-0.9181042313575745,28941,931
0,0.019999999552965164,-0.09000000357627869,9.75,0,0,0,30.6875,-30.5,-19.25,-0.3962460458278656,-0.004760812036693096,0.007141217589378357,-0.9181042313575745,28952,932
0,0.05000000074505806,-0.09000000357627869,9.75,-0.0625,0,0,30.6875,-30.5,-19.25,-0.3962460458278656,-0.004760812036693096,0.007141217589378357,-0.9181042313575745,28962,933
0,0.03999999910593033,-0.10000000149011612,9.710000038146973,-0.0625,-0.125,0,30.6875,-30.5,-19.25,-0.3962460458278656,-0.004760812036693096,0.007141217589378357,-0.9181042313575745,28972,934
0,0.05000000074505806,-0.07999999821186066,9.75,0.0625,-0.1875,0,30.6875,-30.5,-19.25,-0.3962460458278656,-0.004760812036693096,0.007141217589378357,-0.9181042313575745,28982,935
0,0.07000000029802322,-0.10000000149011612,9.75,-0.0625,0.1875,0.0625,30.25,-30.1875,-19.5625,-0.3962460458278656,-0.004760812036693096,0.007141217589378357,-0.9181042313575745,28991,936
0,0.07000000029802322,-0.07000000029802322,9.760000228881836,-0.0625,0.0625,0.0625,30.25,-30.1875,-19.5625,-0.3962460458278656,-0.004760812036693096,0.007141217589378357,-0.9181042313575745,29002,937
0,0.05000000074505806,-0.07999999821186066,9.720000267028809,-0.0625,0,0,30.25,-30.1875,-19.5625,-0.3962460458278656,-0.004760812036693096,0.007141217589378357,-0.9181042313575745,29012,938
0,0.05999999865889549,-0.09000000357627869,9.710000038146973,-0.125,-0.125,0,30.25,-30.1875,-19.5625,-0.3962460458278656,-0.004760812036693096,0.007141217589378357,-0.9181042313575745,29022,939
0,0.05999999865889549,-0.05999999865889549,9.739999771118164,-0.0625,0,0,30.25,-30.1875,-19.5625,-0.3962460458278656,-0.004760812036693096,0.007141217589378357,-0.9181042313575745,29032,940
0,0.029999999329447746,-0.09000000357627869,9.739999771118164,0,-0.0625,0,30.6875,-31.25,-19.25,-0.3962460458278656,-0.004760812036693096,0.007141217589378357,-0.9181042313575745,29041,941
0,0.05999999865889549,-0.07000000029802322,9.75,0,-0.1875,0,30.6875,-31.25,-19.25,-0.3962460458278656,-0.004760812036693096,0.007141217589378357,-0.9181042313575745,29052,942
0,0.07000000029802322,-0.07000000029802322,9.710000038146973,-0.125,0,0.0625,30.6875,-31.25,-19.25,-0.3962460458278656,-0.004760812036693096,0.007141217589378357,-0.9181042313575745,29061,943
0,0.05999999865889549,-0.07000000029802322,9.739999771118164,-0.25,0.0625,-0.0625,30.6875,-31.25,-19.25,-0.3962460458278656,-0.004760812036693096,0.007141217589378357,-0.9181042313575745,29072,944
0,0.03999999910593033,-0.10000000149011612,9.75,-0.0625,0,0,30.6875,-31.25,-19.25,-0.3962460458278656,-0.004760812036693096,0.007141217589378357,-0.9181042313575745,29082,945
0,0.029999999329447746,-0.07999999821186066,9.739999771118164,-0.125,0.0625,0,28.75,-29,-18.5,-0.3962460458278656,-0.004760812036693096,0.007141217589378357,-0.9181042313575745,29091,946
0,0.03999999910593033,-0.09000000357627869,9.739999771118164,0,0.0625,-0.0625,28.75,-29,-18.5,-0.3962460458278656,-0.004760812036693096,0.007141217589378357,-0.9181042313575745,29101,947
0,0.05000000074505806,-0.10000000149011612,9.760000228881836,0.0625,-0.125,0,28.75,-29,-18.5,-0.3962460458278656,-0.004760812036693096,0.007141217589378357,-0.9181042313575745,29111,948
0,0.05000000074505806,-0.05999999865889549,9.729999542236328,-0.125,-0.1875,0,28.75,-29,-18.5,-0.3962460458278656,-0.004760812036693096,0.007141217589378357,-0.9181042313575745,29121,949
0,0.05999999865889549,-0.07000000029802322,9.75,-0.125,0,0,28.75,-29,-18.5,-0.3962460458278656,-0.004760812036693096,0.007141217589378357,-0.9181042313575745,29132,950
0,0.07999999821186066,-0.07999999821186066,9.720000267028809,-0.125,-0.0625,-0.0625,30.25,-32,-19.25,-0.3962460458278656,-0.004760812036693096,0.007141217589378357,-0.9181042313575745,29141,951
0,0.03999999910593033,-0.09000000357627869,9.75,-0.1875,0.0625,0.0625,30.25,-32,-19.25,-0.3962460458278656,-0.004760812036693096,0.007141217589378357,-0.9181042313575745,29151,952
0,0.05999999865889549,-0.10000000149011612,9.760000228881836,-0.0625,-0.125,0.0625,30.25,-32,-19.25,-0.3962460458278656,-0.004760812036693096,0.007141217589378357,-0.9181042313575745,29161,953
0,0.07000000029802322,-0.09000000357627869,9.720000267028809,0,0.0625,-0.0625,30.25,-32,-19.25,-0.3962460458278656,-0.004760812036693096,0.007141217589378357,-0.9181042313575745,29171,954
0,0.07999999821186066,-0.09000000357627869,9.739999771118164,-0.1875,0.25,0,30.25,-32,-19.25,-0.3962460458278656,-0.004760812036693096,0.007141217589378357,-0.9181042313575745,29182,955
0,0.05000000074505806,-0.10000000149011612,9.739999771118164,-0.125,-0.0625,-0.0625,29.1875,-31.6875,-18.5,-0.3962460458278656,-0.004760812036693096,0.007141217589378357,-0.9181042313575745,29191,956
0,0.05000000074505806,-0.10000000149011612,9.710000038146973,-0.0625,-0.1875,0.0625,29.1875,-31.6875,-18.5,-0.3962460458278656,-0.004760812036693096,0.007141217589378357,-0.9181042313575745,29201,957
0,0.07000000029802322,-0.09000000357627869,9.760000228881836,-0.1875,-0.125,0.0625,29.1875,-31.6875,-18.5,-0.3962460458278656,-0.004760812036693096,0.007141217589378357,-0.9181042313575745,29211,958
0,0.03999999910593033,-0.07000000029802322,9.779999732971191,0,-0.125,0.0625,29.1875,-31.6875,-18.5,-0.3962460458278656,-0.004760812036693096,0.007141217589378357,-0.9181042313575745,29221,959
0,0.05000000074505806,-0.09000000357627869,9.720000267028809,0,0.0625,0.0625,29.1875,-31.6875,-18.5,-0.3962460458278656,-0.004760812036693096,0.007141217589378357,-0.9181042313575745,29232,960
0,0.05999999865889549,-0.07999999821186066,9.75,0,0,0,30.25,-31.6875,-18.0625,-0.3962460458278656,-0.004760812036693096,0.007141217589378357,-0.9181042313575745,29241,961
0,0.05999999865889549,-0.09000000357627869,9.729999542236328,-0.125,-0.0625,-0.0625,30.25,-31.6875,-18.0625,-0.3962460458278656,-0.004760812036693096,0.007141217589378357,-0.9181042313575745,29251,962
0,0.05999999865889549,-0.05999999865889549,9.720000267028809,-0.0625,0.0625,0,30.25,-31.6875,-18.0625,-0.3962460458278656,-0.004760812036693096,0.007141217589378357,-0.9181042313575745,29261,963
0,0.05000000074505806,-0.07999999821186066,9.729999542236328,0.0625,0,0.0625,30.25,-31.6875,-18.0625,-0.3962460458278656,-0.004760812036693096,0.007141217589378357,-0.9181042313575745,29271,964
0,0.07000000029802322,-0.10000000149011612,9.729999542236328,-0.0625,0.0625,-0.0625,30.25,-31.6875,-18.0625,-0.3962460458278656,-0.004760812036693096,0.007141217589378357,-0.9181042313575745,29282,965
0,0.07000000029802322,-0.05999999865889549,9.75,-0.0625,-0.0625,-0.0625,30.25,-30.875,-19.5625,-0.3962460458278656,-0.004760812036693096,0.007141217589378357,-0.9181042313575745,29291,966
0,0.03999999910593033,-0.07000000029802322,9.75,-0.0625,0,0,30.25,-30.875,-19.5625,-0.3962460458278656,-0.004760812036693096,0.007141217589378357,-0.9181042313575745,29301,967
0,0.05999999865889549,-0.07999999821186066,9.729999542236328,-0.0625,0.125,0,30.25,-30.875,-19.5625,-0.3962460458278656,-0.004760812036693096,0.007141217589378357,-0.9181042313575745,29311,968
0,0.07000000029802322,-0.10000000149011612,9.729999542236328,-0.125,0.125,-0.125,30.25,-30.875,-19.5625,-0.3962460458278656,-0.004760812036693096,0.007141217589378357,-0.9181042313575745,29321,969
0,0.05000000074505806,-0.07000000029802322,9.729999542236328,-0.125,-0.0625,0,30.25,-30.875,-19.5625,-0.3962460458278656,-0.004760812036693096,0.007141217589378357,-0.9181042313575745,29332,970
0,0.07000000029802322,-0.10000000149011612,9.739999771118164,-0.0625,-0.125,0,31,-29.75,-19.25,-0.3962460458278656,-0.004760812036693096,0.007141217589378357,-0.9181042313575745,29341,971
0,0.05999999865889549,-0.07000000029802322,9.760000228881836,0.0625,-0.3125,-0.0625,31,-29.75,-19.25,-0.3962460458278656,-0.004760812036693096,0.007141217589378357,-0.9181042313575745,29351,972
0,0.05999999865889549,-0.09000000357627869,9.720000267028809,0,-0.125,-0.0625,31,-29.75,-19.25,-0.3962460458278656,-0.004760812036693096,0.007141217589378357,-0.9181042313575745,29361,973
0,0.03999999910593033,-0.07999999821186066,9.710000038146973,0,-0.0625,0,31,-29.75,-19.25,-0.3962460458278656,-0.004760812036693096,0.007141217589378357,-0.9181042313575745,29371,974
0,0.05000000074505806,-0.07000000029802322,9.760000228881836,0.0625,-0.25,0.0625,31,-29.75,-19.25,-0.3962460458278656,-0.004760812036693096,0.007141217589378357,-0.9181042313575745,29381,975
0,0.05000000074505806,-0.05999999865889549,9.729999542236328,0,0,0,31,-26.75,-18.0625,-0.3962460458278656,-0.004760812036693096,0.007141217589378357,-0.9181042313575745,29391,976
0,0.05999999865889549,-0.10999999940395355,9.729999542236328,0.0625,-0.0625,0,31,-26.75,-18.0625,-0.3962460458278656,-0.004760812036693096,0.007141217589378357,-0.9181042313575745,29401,977
0,0.07000000029802322,-0.10000000149011612,9.729999542236328,0.125,-0.125,0,31,-26.75,-18.0625,-0.3962460458278656,-0.004760812036693096,0.007141217589378357,-0.9181042313575745,29411,978
0,0.05000000074505806,-0.09000000357627869,9.729999542236328,-0.0625,0,-0.125,31,-26.75,-18.0625,-0.3962460458278656,-0.004760812036693096,0.007141217589378357,-0.9181042313575745,29421,979
0,0.05999999865889549,-0.10000000149011612,9.739999771118164,0.0625,-0.0625,0.125,31,-26.75,-18.0625,-0.3962460458278656,-0.004760812036693096,0.007141217589378357,-0.9181042313575745,29431,980
0,0.07000000029802322,-0.09000000357627869,9.75,0.0625,-0.0625,0.0625,30.25,-29,-18.0625,-0.3962460458278656,-0.004760812036693096,0.007141217589378357,-0.9181042313575745,29441,981
0,0.05999999865889549,-0.09000000357627869,9.739999771118164,0.0625,-0.0625,-0.125,30.25,-29,-18.0625,-0.3962460458278656,-0.004760812036693096,0.007141217589378357,-0.9181042313575745,29451,982
0,0.05000000074505806,-0.09000000357627869,9.739999771118164,-0.0625,-0.0625,0,30.25,-29,-18.0625,-0.3962460458278656,-0.004760812036693096,0.007141217589378357,-0.9181042313575745,29461,983
0,0.05000000074505806,-0.09000000357627869,9.739999771118164,0,-0.0625,0,30.25,-29,-18.0625,-0.3962460458278656,-0.004760812036693096,0.007141217589378357,-0.9181042313575745,29471,984
0,0.03999999910593033,-0.07999999821186066,9.739999771118164,0,-0.125,-0.0625,30.25,-29,-18.0625,-0.3962460458278656,-0.004760812036693096,0.007141217589378357,-0.9181042313575745,29481,985
0,0.05000000074505806,-0.09000000357627869,9.75,0,0.0625,-0.0625,29.875,-29.75,-17.5625,-0.3962460458278656,-0.004760812036693096,0.007141217589378357,-0.9181042313575745,29491,986
0,0.07000000029802322,-0.07999999821186066,9.760000228881836,-0.0625,0,-0.0625,29.875,-29.75,-17.5625,-0.3962460458278656,-0.004760812036693096,0.007141217589378357,-0.9181042313575745,29501,987
0,0.05000000074505806,-0.10000000149011612,9.75,0.0625,0.0625,0,29.875,-29.75,-17.5625,-0.3962460458278656,-0.004760812036693096,0.007141217589378357,-0.9181042313575745,29511,988
0,0.05000000074505806,-0.07999999821186066,9.739999771118164,0.0625,0.125,0,29.875,-29.75,-17.5625,-0.3962460458278656,-0.004760812036693096,0.007141217589378357,-0.9181042313575745,29521,989
0,0.05000000074505806,-0.10000000149011612,9.720000267028809,0.125,-0.25,0,29.875,-29.75,-17.5625,-0.3962460458278656,-0.004760812036693096,0.007141217589378357,-0.9181042313575745,29531,990
0,0.07999999821186066,-0.09000000357627869,9.739999771118164,-0.0625,-0.1875,0.0625,29.875,-30.5,-18.5,-0.3962460458278656,-0.004760812036693096,0.007141217589378357,-0.9181042313575745,29541,991
0,0.03999999910593033,-0.07999999821186066,9.75,0.125,-0.125,0.0625,29.875,-30.5,-18.5,-0.3962460458278656,-0.004760812036693096,0.007141217589378357,-0.9181042313575745,29551,992
0,0.029999999329447746,-0.10000000149011612,9.739999771118164,0.0625,0.0625,0,29.875,-30.5,-18.5,-0.3962460458278656,-0.004760812036693096,0.007141217589378357,-0.9181042313575745,29561,993
0,0.029999999329447746,-0.07000000029802322,9.760000228881836,0,-0.0625,0,29.875,-30.5,-18.5,-0.3962460458278656,-0.004760812036693096,0.007141217589378357,-0.9181042313575745,29571,994
0,0.07000000029802322,-0.10000000149011612,9.739999771118164,0,-0.125,0.0625,29.875,-30.5,-18.5,-0.3962460458278656,-0.004760812036693096,0.007141217589378357,-0.9181042313575745,29581,995
0,0.03999999910593033,-0.10000000149011612,9.760000228881836,-0.0625,0,-0.0625,28.75,-29.75,-18.75,-0.3962460458278656,-0.004760812036693096,0.007141217589378357,-0.9181042313575745,29591,996
0,0.05000000074505806,-0.07999999821186066,9.760000228881836,0.0625,-0.0625,0.0625,28.75,-29.75,-18.75,-0.3962460458278656,-0.004760812036693096,0.007141217589378357,-0.9181042313575745,29601,997
0,0.05999999865889549,-0.07000000029802322,9.6899995803833,0.125,-0.125,-0.125,28.75,-29.75,-18.75,-0.3962460458278656,-0.004760812036693096,0.007141217589378357,-0.9181042313575745,29611,998
0,0.07000000029802322,-0.07000000029802322,9.729999542236328,0,-0.125,0.125,28.75,-29.75,-18.75,-0.3962460458278656,-0.004760812036693096,0.007141217589378357,-0.9181042313575745,29621,999
0,0.03999999910593033,-0.05999999865889549,9.739999771118164,0.125,0,0.0625,28.75,-29.75,-18.75,-0.3962460458278656,-0.004760812036693096,0.007141217589378357,-0.9181042313575745,29631,1000
0,0.05999999865889549,-0.07000000029802322,9.739999771118164,-0.0625,0.125,-0.125,29.875,-29,-18.75,-0.3962460458278656,-0.004760812036693096,0.007141217589378357,-0.9181042313575745,29641,1001
0,0.05999999865889549,-0.07000000029802322,9.779999732971191,-0.0625,0,-0.0625,29.875,-29,-18.75,-0.3962460458278656,-0.004760812036693096,0.007141217589378357,-0.9181042313575745,29651,1002
0,0.05000000074505806,-0.07999999821186066,9.720000267028809,-0.0625,-0.125,0.0625,29.875,-29,-18.75,-0.3962460458278656,-0.004760812036693096,0.007141217589378357,-0.9181042313575745,29661,1003
0,0.03999999910593033,-0.07000000029802322,9.720000267028809,0,-0.0625,0.0625,29.875,-29,-18.75,-0.3962460458278656,-0.004760812036693096,0.007141217589378357,-0.9181042313575745,29671,1004
0,0.05000000074505806,-0.07999999821186066,9.760000228881836,0.0625,0.0625,0.0625,29.875,-29,-18.75,-0.3962460458278656,-0.004760812036693096,0.007141217589378357,-0.9181042313575745,29681,1005
0,0.05000000074505806,-0.09000000357627869,9.710000038146973,-0.0625,0.125,-0.0625,29.5,-29,-18.0625,-0.3962460458278656,-0.004760812036693096,0.007141217589378357,-0.9181042313575745,29691,1006
0,0.03999999910593033,-0.09000000357627869,9.720000267028809,-0.0625,-0.0625,-0.0625,29.5,-29,-18.0625,-0.3962460458278656,-0.004760812036693096,0.007141217589378357,-0.9181042313575745,29701,1007
0,0.07000000029802322,-0.09000000357627869,9.720000267028809,0.0625,0.0625,0.0625,29.5,-29,-18.0625,-0.3962460458278656,-0.004760812036693096,0.007141217589378357,-0.9181042313575745,29711,1008
0,0.05000000074505806,-0.07999999821186066,9.739999771118164,0,0.125,0,29.5,-29,-18.0625,-0.3962460458278656,-0.004760812036693096,0.007141217589378357,-0.9181042313575745,29721,1009
0,0.05000000074505806,-0.07999999821186066,9.75,0.0625,0,-0.125,29.5,-29,-18.0625,-0.3962460458278656,-0.004760812036693096,0.007141217589378357,-0.9181042313575745,29731,1010
0,0.03999999910593033,-0.07999999821186066,9.739999771118164,0.125,0.0625,0,28.375,-29.75,-18.5,-0.3962460458278656,-0.004760812036693096,0.007141217589378357,-0.9181042313575745,29741,1011
0,0.03999999910593033,-0.07000000029802322,9.739999771118164,0.0625,-0.125,0.0625,28.375,-29.75,-18.5,-0.3962460458278656,-0.004760812036693096,0.007141217589378357,-0.9181042313575745,29751,1012
0,0.07000000029802322,-0.07999999821186066,9.739999771118164,0,0,-0.125,28.375,-29.75,-18.5,-0.3962460458278656,-0.004760812036693096,0.007141217589378357,-0.9181042313575745,29761,1013
0,0.05000000074505806,-0.07999999821186066,9.739999771118164,-0.0625,0.0625,-0.0625,28.375,-29.75,-18.5,-0.3962460458278656,-0.004760812036693096,0.007141217589378357,-0.9181042313575745,29771,1014
0,0.05999999865889549,-0.10000000149011612,9.729999542236328,0,0.0625,0,28.375,-29.75,-18.5,-0.3962460458278656,-0.004760812036693096,0.007141217589378357,-0.9181042313575745,29781,1015
0,0.05999999865889549,-0.07000000029802322,9.739999771118164,0.0625,0.0625,0,29.875,-30.875,-19.25,-0.3962460458278656,-0.004760812036693096,0.007141217589378357,-0.9181042313575745,29791,1016
0,0.03999999910593033,-0.07999999821186066,9.739999771118164,0,0,-0.125,29.875,-30.875,-19.25,-0.3962460458278656,-0.004760812036693096,0.007141217589378357,-0.9181042313575745,29801,1017
0,0.03999999910593033,-0.07999999821186066,9.710000038146973,0.125,0.0625,0,29.875,-30.875,-19.25,-0.3962460458278656,-0.004760812036693096,0.007141217589378357,-0.9181042313575745,29811,1018
0,0.05000000074505806,-0.10000000149011612,9.729999542236328,-0.125,0.0625,0,29.875,-30.875,-19.25,-0.3962460458278656,-0.004760812036693096,0.007141217589378357,-0.9181042313575745,29821,1019
0,0.05000000074505806,-0.07000000029802322,9.739999771118164,-0.0625,0.0625,-0.125,29.875,-30.875,-19.25,-0.3962460458278656,-0.004760812036693096,0.007141217589378357,-0.9181042313575745,29831,1020
0,0.05999999865889549,-0.07000000029802322,9.739999771118164,-0.0625,-0.125,-0.0625,29.5,-31.25,-19.5625,-0.3962460458278656,-0.004760812036693096,0.007141217589378357,-0.9181042313575745,29841,1021
0,0.05999999865889549,-0.09000000357627869,9.729999542236328,0,-0.125,0,29.5,-31.25,-19.5625,-0.3962460458278656,-0.004760812036693096,0.007141217589378357,-0.9181042313575745,29851,1022
0,0.05000000074505806,-0.07999999821186066,9.710000038146973,0,0,0,29.5,-31.25,-19.5625,-0.3962460458278656,-0.004760812036693096,0.007141217589378357,-0.9181042313575745,29861,1023
0,0.05000000074505806,-0.07999999821186066,9.739999771118164,-0.0625,0.1875,-0.0625,29.5,-31.25,-19.5625,-0.3962460458278656,-0.004760812036693096,0.007141217589378357,-0.9181042313575745,29871,1024
0,0.05999999865889549,-0.05999999865889549,9.75,0.0625,-0.125,0,29.5,-31.25,-19.5625,-0.3962460458278656,-0.004760812036693096,0.007141217589378357,-0.9181042313575745,29881,1025
0,0.05999999865889549,-0.10999999940395355,9.739999771118164,0.125,-0.3125,0.125,29.5,-31.25,-18.5,-0.3962460458278656,-0.004760812036693096,0.007141217589378357,-0.9181042313575745,29891,1026
0,0.05000000074505806,-0.07000000029802322,9.739999771118164,0.0625,0.125,0.125,29.5,-31.25,-18.5,-0.3962460458278656,-0.004760812036693096,0.007141217589378357,-0.9181042313575745,29901,1027
0,0.03999999910593033,-0.05999999865889549,9.729999542236328,-0.0625,0.1875,0.0625,29.5,-31.25,-18.5,-0.3962460458278656,-0.004760812036693096,0.007141217589378357,-0.9181042313575745,29911,1028
0,0.05000000074505806,-0.10000000149011612,9.729999542236328,0,0,-0.1875,29.5,-31.25,-18.5,-0.3962460458278656,-0.004760812036693096,0.007141217589378357,-0.9181042313575745,29921,1029
0,0.03999999910593033,-0.07999999821186066,9.729999542236328,0.1875,-0.25,0.0625,29.5,-31.25,-18.5,-0.3962460458278656,-0.004760812036693096,0.007141217589378357,-0.9181042313575745,29931,1030
0,0.05999999865889549,-0.09000000357627869,9.729999542236328,0.0625,0,0.0625,29.1875,-32.375,-18.5,-0.3962460458278656,-0.004760812036693096,0.007141217589378357,-0.9181042313575745,29941,1031
0,0.05000000074505806,-0.07999999821186066,9.739999771118164,0.0625,-0.0625,0,29.1875,-32.375,-18.5,-0.3962460458278656,-0.004760812036693096,0.007141217589378357,-0.9181042313575745,29951,1032
0,0.07999999821186066,-0.09000000357627869,9.739999771118164,0.125,-0.1875,0.0625,29.1875,-32.375,-18.5,-0.3962460458278656,-0.004760812036693096,0.007141217589378357,-0.9181042313575745,29961,1033
0,0.03999999910593033,-0.09000000357627869,9.739999771118164,-0.0625,-0.0625,0,29.1875,-32.375,-18.5,-0.3962460458278656,-0.004760812036693096,0.007141217589378357,-0.9181042313575745,29971,1034
0,0.05999999865889549,-0.05000000074505806,9.770000457763672,0,0,0,29.1875,-32.375,-18.5,-0.3962460458278656,-0.004760812036693096,0.007141217589378357,-0.9181042313575745,29981,1035
0,0.05000000074505806,-0.07999999821186066,9.770000457763672,0.0625,-0.1875,0,29.5,-31.25,-19.25,-0.3962460458278656,-0.004760812036693096,0.007141217589378357,-0.9181042313575745,29991,1036
0,0.05000000074505806,-0.09000000357627869,9.729999542236328,0.125,0.0625,0.0625,29.5,-31.25,-19.25,-0.3962460458278656,-0.004760812036693096,0.007141217589378357,-0.9181042313575745,30001,1037
0,0.05000000074505806,-0.05000000074505806,9.729999542236328,0.0625,-0.25,0.0625,29.5,-31.25,-19.25,-0.3962460458278656,-0.004760812036693096,0.007141217589378357,-0.9181042313575745,30011,1038
0,0.05999999865889549,-0.05999999865889549,9.770000457763672,0.125,0.0625,0.125,29.5,-31.25,-19.25,-0.3962460458278656,-0.004760812036693096,0.007141217589378357,-0.9181042313575745,30021,1039
0,0.05000000074505806,-0.07999999821186066,9.770000457763672,0,0,0,29.5,-31.25,-19.25,-0.3962460458278656,-0.004760812036693096,0.007141217589378357,-0.9181042313575745,30031,1040
0,0.05999999865889549,-0.10000000149011612,9.770000457763672,0.125,-0.3125,0.0625,29.875,-31.25,-18.5,-0.3962460458278656,-0.004760812036693096,0.007141217589378357,-0.9181042313575745,30041,1041
0,0.07000000029802322,-0.07000000029802322,9.770000457763672,-0.0625,-0.0625,0.125,29.875,-31.25,-18.5,-0.3962460458278656,-0.004760812036693096,0.007141217589378357,-0.9181042313575745,30051,1042
0,0.05000000074505806,-0.07000000029802322,9.75,-0.125,-0.1875,0,29.875,-31.25,-18.5,-0.3962460458278656,-0.004760812036693096,0.007141217589378357,-0.9181042313575745,30061,1043
0,0.05000000074505806,-0.10000000149011612,9.760000228881836,0.125,0.0625,0.0625,29.875,-31.25,-18.5,-0.3962460458278656,-0.004760812036693096,0.007141217589378357,-0.9181042313575745,30071,1044
0,0.07000000029802322,-0.10000000149011612,9.75,-0.125,0.125,0.125,29.875,-31.25,-18.5,-0.3962460458278656,-0.004760812036693096,0.007141217589378357,-0.9181042313575745,30081,1045
0,0.03999999910593033,-0.07000000029802322,9.760000228881836,-0.0625,0.1875,0,29.5,-26.75,-19.25,-0.3962460458278656,-0.004760812036693096,0.007141217589378357,-0.9181042313575745,30091,1046
0,0.05000000074505806,-0.07999999821186066,9.739999771118164,-0.125,0.125,0,29.5,-26.75,-19.25,-0.3962460458278656,-0.004760812036693096,0.007141217589378357,-0.9181042313575745,30101,1047
0,0.05999999865889549,-0.07000000029802322,9.739999771118164,-0.0625,0.0625,0.0625,29.5,-26.75,-19.25,-0.3962460458278656,-0.004760812036693096,0.007141217589378357,-0.9181042313575745,30111,1048
0,0.05000000074505806,-0.07000000029802322,9.75,-0.0625,-0.0625,0.1875,29.5,-26.75,-19.25,-0.3962460458278656,-0.004760812036693096,0.007141217589378357,-0.9181042313575745,30121,1049
0,0.05000000074505806,-0.07999999821186066,9.720000267028809,-0.125,0.0625,-0.0625,29.5,-26.75,-19.25,-0.3962460458278656,-0.004760812036693096,0.007141217589378357,-0.9181042313575745,30131,1050
0,0.05000000074505806,-0.07999999821186066,9.75,-0.125,0,0,30.6875,-24.5,-18.5,-0.3962460458278656,-0.004760812036693096,0.007141217589378357,-0.9181042313575745,30141,1051
0,0.03999999910593033,-0.10000000149011612,9.729999542236328,-0.0625,0.125,-0.0625,30.6875,-24.5,-18.5,-0.3962460458278656,-0.004760812036693096,0.007141217589378357,-0.9181042313575745,30151,1052
0,0.07000000029802322,-0.07999999821186066,9.739999771118164,-0.1875,0.1875,-0.0625,30.6875,-24.5,-18.5,-0.3962460458278656,-0.004760812036693096,0.007141217589378357,-0.9181042313575745,30161,1053
0,0.05000000074505806,-0.07999999821186066,9.739999771118164,-0.0625,-0.1875,0.0625,30.6875,-24.5,-18.5,-0.3962460458278656,-0.004760812036693096,0.007141217589378357,-0.9181042313575745,30171,1054
0,0.03999999910593033,-0.09000000357627869,9.770000457763672,0,-0.0625,0,30.6875,-24.5,-18.5,-0.3962460458278656,-0.004760812036693096,0.007141217589378357,-0.9181042313575745,30181,1055
0,0.07000000029802322,-0.10000000149011612,9.779999732971191,0.125,-0.0625,0,29.875,-29.75,-18.875,-0.3962460458278656,-0.004760812036693096,0.007141217589378357,-0.9181042313575745,30191,1056
0,0.05999999865889549,-0.10000000149011612,9.760000228881836,-0.0625,0.0625,0,29.875,-29.75,-18.875,-0.3962460458278656,-0.004760812036693096,0.007141217589378357,-0.9181042313575745,30201,1057
0,0.05000000074505806,-0.07000000029802322,9.720000267028809,0.0625,-0.125,0,29.875,-29.75,-18.875,-0.3962460458278656,-0.004760812036693096,0.007141217589378357,-0.9181042313575745,30211,1058
0,0.05000000074505806,-0.10000000149011612,9.760000228881836,0,-0.125,0.0625,29.875,-29.75,-18.875,-0.3962460458278656,-0.004760812036693096,0.007141217589378357,-0.9181042313575745,30221,1059
0,0.05999999865889549,-0.07999999821186066,9.760000228881836,-0.125,-0.1875,0,29.875,-29.75,-18.875,-0.3962460458278656,-0.004760812036693096,0.007141217589378357,-0.9181042313575745,30231,1060
0,0.05999999865889549,-0.09000000357627869,9.760000228881836,-0.125,-0.0625,0.0625,30.25,-29.75,-19.5625,-0.3962460458278656,-0.004760812036693096,0.007141217589378357,-0.9181042313575745,30241,1061
0,0.05000000074505806,-0.05999999865889549,9.729999542236328,-0.125,0.125,-0.0625,30.25,-29.75,-19.5625,-0.3962460458278656,-0.004760812036693096,0.007141217589378357,-0.9181042313575745,30250,1062
0,0.05999999865889549,-0.09000000357627869,9.729999542236328,-0.0625,-0.125,0,30.25,-29.75,-19.5625,-0.3962460458278656,-0.004760812036693096,0.007141217589378357,-0.9181042313575745,30260,1063
0,0.05000000074505806,-0.05999999865889549,9.760000228881836,0,-0.0625,0,30.25,-29.75,-19.5625,-0.3962460458278656,-0.004760812036693096,0.007141217589378357,-0.9181042313575745,30270,1064
0,0.05999999865889549,-0.05999999865889549,9.75,-0.0625,0.125,-0.0625,30.25,-29.75,-19.5625,-0.3962460458278656,-0.004760812036693096,0.007141217589378357,-0.9181042313575745,30281,1065
0,0.05999999865889549,-0.07000000029802322,9.729999542236328,0.0625,-0.0625,-0.0625,29.1875,-28.6875,-19.25,-0.3962460458278656,-0.004760812036693096,0.007141217589378357,-0.9181042313575745,30290,1066
0,0.05000000074505806,-0.07999999821186066,9.770000457763672,-0.0625,-0.0625,0.0625,29.1875,-28.6875,-19.25,-0.3962460458278656,-0.004760812036693096,0.007141217589378357,-0.9181042313575745,30300,1067
0,0.07000000029802322,-0.07000000029802322,9.739999771118164,-0.125,-0.0625,0.0625,29.1875,-28.6875,-19.25,-0.3962460458278656,-0.004760812036693096,0.007141217589378357,-0.9181042313575745,30310,1068
0,0.05999999865889549,-0.09000000357627869,9.739999771118164,0,0.0625,-0.0625,29.1875,-28.6875,-19.25,-0.3962460458278656,-0.004760812036693096,0.007141217589378357,-0.9181042313575745,30320,1069
0,0.05999999865889549,-0.07000000029802322,9.729999542236328,-0.125,0,0,29.1875,-28.6875,-19.25,-0.3962460458278656,-0.004760812036693096,0.007141217589378357,-0.9181042313575745,30331,1070
0,0.05999999865889549,-0.10000000149011612,9.75,-0.1875,-0.125,0.0625,29.875,-30.1875,-18.75,-0.3962460458278656,-0.004760812036693096,0.007141217589378357,-0.9181042313575745,30340,1071
0,0.05000000074505806,-0.09000000357627869,9.739999771118164,0,0.25,0.0625,29.875,-30.1875,-18.75,-0.3962460458278656,-0.004760812036693096,0.007141217589378357,-0.9181042313575745,30350,1072
0,0.05000000074505806,-0.10000000149011612,9.729999542236328,-0.0625,0.0625,0,29.875,-30.1875,-18.75,-0.3962460458278656,-0.004760812036693096,0.007141217589378357,-0.9181042313575745,30360,1073
0,0.05000000074505806,-0.07000000029802322,9.720000267028809,-0.0625,0,0,29.875,-30.1875,-18.75,-0.3962460458278656,-0.004760812036693096,0.007141217589378357,-0.9181042313575745,30370,1074
0,0.05999999865889549,-0.07000000029802322,9.770000457763672,0,0.1875,0.0625,29.875,-30.1875,-18.75,-0.3962460458278656,-0.004760812036693096,0.007141217589378357,-0.9181042313575745,30380,1075
0,0.07000000029802322,-0.07000000029802322,9.760000228881836,-0.125,-0.0625,0,30.6875,-29.75,-19.5625,-0.3962460458278656,-0.004760812036693096,0.007141217589378357,-0.9181042313575745,30390,1076
0,0.05000000074505806,-0.07000000029802322,9.760000228881836,0.0625,-0.1875,0,30.6875,-29.75,-19.5625,-0.3962460458278656,-0.004760812036693096,0.007141217589378357,-0.9181042313575745,30400,1077
0,0.05000000074505806,-0.07999999821186066,9.720000267028809,-0.125,-0.0625,0.0625,30.6875,-29.75,-19.5625,-0.3962460458278656,-0.004760812036693096,0.007141217589378357,-0.9181042313575745,30410,1078
0,0.07000000029802322,-0.07999999821186066,9.720000267028809,0,0.125,0.0625,30.6875,-29.75,-19.5625,-0.3962460458278656,-0.004760812036693096,0.007141217589378357,-0.9181042313575745,30420,1079
0,0.07000000029802322,-0.05999999865889549,9.739999771118164,-0.0625,0,0,30.6875,-29.75,-19.5625,-0.3962460458278656,-0.004760812036693096,0.007141217589378357,-0.9181042313575745,30430,1080
0,0.05000000074505806,-0.07000000029802322,9.739999771118164,-0.0625,0.1875,0,29.5,-29,-18.75,-0.3962460458278656,-0.004760812036693096,0.007141217589378357,-0.9181042313575745,30440,1081
0,0.05000000074505806,-0.10999999940395355,9.729999542236328,0.0625,0.1875,-0.125,29.5,-29,-18.75,-0.3962460458278656,-0.004760812036693096,0.007141217589378357,-0.9181042313575745,30450,1082
0,0.05000000074505806,-0.05999999865889549,9.710000038146973,-0.0625,0,0,29.5,-29,-18.75,-0.3962460458278656,-0.004760812036693096,0.007141217589378357,-0.9181042313575745,30460,1083
0,0.05999999865889549,-0.07999999821186066,9.739999771118164,-0.125,0,0.0625,29.5,-29,-18.75,-0.3962460458278656,-0.004760812036693096,0.007141217589378357,-0.9181042313575745,30470,1084
0,0.05999999865889549,-0.07999999821186066,9.729999542236328,0,0.0625,0,29.5,-29,-18.75,-0.3962460458278656,-0.004760812036693096,0.007141217589378357,-0.9181042313575745,30481,1085
0,0.05999999865889549,-0.05999999865889549,9.760000228881836,0,0,0.0625,29.5,-29.75,-19.5625,-0.3962460458278656,-0.004760812036693096,0.007141217589378357,-0.9181042313575745,30490,1086
0,0.05000000074505806,-0.07000000029802322,9.75,0,0,-0.0625,29.5,-29.75,-19.5625,-0.3962460458278656,-0.004760812036693096,0.007141217589378357,-0.9181042313575745,30500,1087
0,0.029999999329447746,-0.07000000029802322,9.739999771118164,0,0.0625,0.125,29.5,-29.75,-19.5625,-0.3962460458278656,-0.004760812036693096,0.007141217589378357,-0.9181042313575745,30510,1088
0,0.05000000074505806,-0.07999999821186066,9.75,-0.125,0.125,-0.0625,29.5,-29.75,-19.5625,-0.3962460458278656,-0.004760812036693096,0.007141217589378357,-0.9181042313575745,30520,1089
0,0.05000000074505806,-0.09000000357627869,9.75,0.0625,-0.0625,0,29.5,-29.75,-19.5625,-0.3962460458278656,-0.004760812036693096,0.007141217589378357,-0.9181042313575745,30530,1090
0,0.05000000074505806,-0.09000000357627869,9.75,-0.0625,-0.0625,0,30.25,-29.75,-19.25,-0.3962460458278656,-0.004760812036693096,0.007141217589378357,-0.9181042313575745,30540,1091
0,0.03999999910593033,-0.07999999821186066,9.75,-0.0625,0.375,0.0625,30.25,-29.75,-19.25,-0.3962460458278656,-0.004760812036693096,0.007141217589378357,-0.9181042313575745,30550,1092
0,0.07000000029802322,-0.07999999821186066,9.710000038146973,-0.0625,0,0,30.25,-29.75,-19.25,-0.3962460458278656,-0.004760812036693096,0.007141217589378357,-0.9181042313575745,30560,1093
0,0.05000000074505806,-0.09000000357627869,9.739999771118164,-0.0625,0.125,0,30.25,-29.75,-19.25,-0.3962460458278656,-0.004760812036693096,0.007141217589378357,-0.9181042313575745,30570,1094
0,0.07000000029802322,-0.10000000149011612,9.729999542236328,0,-0.125,0.0625,30.25,-29.75,-19.25,-0.3962460458278656,-0.004760812036693096,0.007141217589378357,-0.9181042313575745,30580,1095
0,0.029999999329447746,-0.07999999821186066,9.760000228881836,-0.1875,0.0625,-0.0625,29.875,-30.875,-20.0625,-0.3962460458278656,-0.004760812036693096,0.007141217589378357,-0.9181042313575745,30590,1096
0,0.07000000029802322,-0.10000000149011612,9.739999771118164,0,-0.0625,0.0625,29.875,-30.875,-20.0625,-0.3962460458278656,-0.004760812036693096,0.007141217589378357,-0.9181042313575745,30600,1097
0,0.05000000074505806,-0.05000000074505806,9.710000038146973,-0.0625,0.125,0.0625,29.875,-30.875,-20.0625,-0.3962460458278656,-0.004760812036693096,0.007141217589378357,-0.9181042313575745,30610,1098
0,0.029999999329447746,-0.07000000029802322,9.699999809265137,-0.0625,0.25,0,29.875,-30.875,-20.0625,-0.3962460458278656,-0.004760812036693096,0.007141217589378357,-0.9181042313575745,30620,1099
0,0.05000000074505806,-0.07999999821186066,9.760000228881836,0.1875,0.0625,0.0625,29.875,-30.875,-20.0625,-0.3962460458278656,-0.004760812036693096,0.007141217589378357,-0.9181042313575745,30630,1100
0,0.03999999910593033,-0.07999999821186066,9.75,-0.0625,0,-0.125,29.5,-28.6875,-18.875,-0.3962460458278656,-0.004760812036693096,0.007141217589378357,-0.9181042313575745,30640,1101
0,0.05000000074505806,-0.07000000029802322,9.760000228881836,0,-0.25,0.125,29.5,-28.6875,-18.875,-0.3962460458278656,-0.004760812036693096,0.007141217589378357,-0.9181042313575745,30650,1102
0,0.07000000029802322,-0.10000000149011612,9.729999542236328,-0.0625,0.125,0.0625,29.5,-28.6875,-18.875,-0.3962460458278656,-0.004760812036693096,0.007141217589378357,-0.9181042313575745,30660,1103
0,0.03999999910593033,-0.09000000357627869,9.75,0,0.1875,0.0625,29.5,-28.6875,-18.875,-0.3962460458278656,-0.004760812036693096,0.007141217589378357,-0.9181042313575745,30670,1104
0,0.05999999865889549,-0.10999999940395355,9.739999771118164,-0.1875,0.0625,0,29.5,-28.6875,-18.875,-0.3962460458278656,-0.004760812036693096,0.007141217589378357,-0.9181042313575745,30680,1105
0,0.05999999865889549,-0.07000000029802322,9.739999771118164,0,0,0.125,30.25,-30.1875,-18.0625,-0.3962460458278656,-0.004760812036693096,0.007141217589378357,-0.9181042313575745,30690,1106
0,0.03999999910593033,-0.07999999821186066,9.75,-0.0625,0,0.0625,30.25,-30.1875,-18.0625,-0.3962460458278656,-0.004760812036693096,0.007141217589378357,-0.9181042313575745,30700,1107
0,0.07000000029802322,-0.09000000357627869,9.739999771118164,0.0625,0.0625,-0.0625,30.25,-30.1875,-18.0625,-0.3962460458278656,-0.004760812036693096,0.007141217589378357,-0.9181042313575745,30710,1108
0,0.03999999910593033,-0.09000000357627869,9.75,-0.0625,0.125,0.0625,30.25,-30.1875,-18.0625,-0.3962460458278656,-0.004760812036693096,0.007141217589378357,-0.9181042313575745,30720,1109
0,0.03999999910593033,-0.05999999865889549,9.770000457763672,-0.125,0,0,30.25,-30.1875,-18.0625,-0.3962460458278656,-0.004760812036693096,0.007141217589378357,-0.9181042313575745,30730,1110
0,0.05000000074505806,-0.09000000357627869,9.760000228881836,0.0625,0.1875,0,29.5,-30.5,-19.25,-0.3962460458278656,-0.004760812036693096,0.007141217589378357,-0.9181042313575745,30740,1111
0,0.07000000029802322,-0.07999999821186066,9.739999771118164,0,0.0625,0,29.5,-30.5,-19.25,-0.3962460458278656,-0.004760812036693096,0.007141217589378357,-0.9181042313575745,30750,1112
0,0.05000000074505806,-0.07999999821186066,9.720000267028809,-0.0625,0,-0.0625,29.5,-30.5,-19.25,-0.3962460458278656,-0.004760812036693096,0.007141217589378357,-0.9181042313575745,30760,1113
0,0.05999999865889549,-0.07999999821186066,9.760000228881836,-0.0625,0,0,29.5,-30.5,-19.25,-0.3962460458278656,-0.004760812036693096,0.007141217589378357,-0.9181042313575745,30770,1114
0,0.07999999821186066,-0.07999999821186066,9.720000267028809,-0.125,-0.0625,0.0625,29.5,-30.5,-19.25,-0.3962460458278656,-0.004760812036693096,0.007141217589378357,-0.9181042313575745,30780,1115
0,0.07000000029802322,-0.10000000149011612,9.770000457763672,-0.1875,-0.0625,0,29.1875,-31.25,-19.25,-0.3962460458278656,-0.004760812036693096,0.007141217589378357,-0.9181042313575745,30790,1116
0,0.05999999865889549,-0.07999999821186066,9.75,-0.0625,-0.0625,0.0625,29.1875,-31.25,-19.25,-0.3962460458278656,-0.004760812036693096,0.007141217589378357,-0.9181042313575745,30800,1117
0,0.05000000074505806,-0.05999999865889549,9.710000038146973,0.125,0.125,0,29.1875,-31.25,-19.25,-0.3962460458278656,-0.004760812036693096,0.007141217589378357,-0.9181042313575745,30810,1118
0,0.05999999865889549,-0.07999999821186066,9.739999771118164,-0.125,0.125,0.125,29.1875,-31.25,-19.25,-0.3962460458278656,-0.004760812036693096,0.007141217589378357,-0.9181042313575745,30820,1119
0,0.05999999865889549,-0.07999999821186066,9.729999542236328,0.1875,0,0,29.1875,-31.25,-19.25,-0.3962460458278656,-0.004760812036693096,0.007141217589378357,-0.9181042313575745,30830,1120
0,0.03999999910593033,-0.07000000029802322,9.75,-0.0625,-0.125,0.0625,29.875,-29.75,-19.5625,-0.3962460458278656,-0.004760812036693096,0.007141217589378357,-0.9181042313575745,30840,1121
0,0.05999999865889549,-0.10000000149011612,9.75,0.0625,-0.0625,0,29.875,-29.75,-19.5625,-0.3962460458278656,-0.004760812036693096,0.007141217589378357,-0.9181042313575745,30850,1122
0,0.05999999865889549,-0.07000000029802322,9.760000228881836,-0.0625,-0.125,0.0625,29.875,-29.75,-19.5625,-0.3962460458278656,-0.004760812036693096,0.007141217589378357,-0.9181042313575745,30860,1123
0,0.05999999865889549,-0.07999999821186066,9.720000267028809,0.0625,-0.0625,0,29.875,-29.75,-19.5625,-0.3962460458278656,-0.004760812036693096,0.007141217589378357,-0.9181042313575745,30870,1124
0,0.07999999821186066,-0.09000000357627869,9.739999771118164,-0.125,-0.125,0.0625,29.875,-29.75,-19.5625,-0.3962460458278656,-0.004760812036693096,0.007141217589378357,-0.9181042313575745,30880,1125
0,0.03999999910593033,-0.07000000029802322,9.729999542236328,0.0625,-0.0625,0,30.25,-27.5,-18.875,-0.3962460458278656,-0.004760812036693096,0.007141217589378357,-0.9181042313575745,30890,1126
0,0.03999999910593033,-0.10000000149011612,9.770000457763672,0,0.0625,0,30.25,-27.5,-18.875,-0.3962460458278656,-0.004760812036693096,0.007141217589378357,-0.9181042313575745,30900,1127
0,0.03999999910593033,-0.07000000029802322,9.739999771118164,0.0625,0.25,-0.125,30.25,-27.5,-18.875,-0.3962460458278656,-0.004760812036693096,0.007141217589378357,-0.9181042313575745,30910,1128
0,0.03999999910593033,-0.09000000357627869,9.729999542236328,0,0.0625,-0.0625,30.25,-27.5,-18.875,-0.3962460458278656,-0.004760812036693096,0.007141217589378357,-0.9181042313575745,30920,1129
0,0.03999999910593033,-0.07999999821186066,9.739999771118164,0.0625,-0.0625,-0.0625,30.25,-27.5,-18.875,-0.3962460458278656,-0.004760812036693096,0.007141217589378357,-0.9181042313575745,30930,1130
0,0.05000000074505806,-0.09000000357627869,9.739999771118164,0,-0.25,0.0625,29.5,-29,-18.875,-0.3962460458278656,-0.004760812036693096,0.007141217589378357,-0.9181042313575745,30940,1131
0,0.05000000074505806,-0.07999999821186066,9.789999961853027,0.0625,0.0625,-0.125,29.5,-29,-18.875,-0.3962460458278656,-0.004760812036693096,0.007141217589378357,-0.9181042313575745,30950,1132
0,0.05999999865889549,-0.05000000074505806,9.729999542236328,0.125,0,0,29.5,-29,-18.875,-0.3962460458278656,-0.004760812036693096,0.007141217589378357,-0.9181042313575745,30960,1133
0,0.05000000074505806,-0.09000000357627869,9.739999771118164,0,-0.1875,0.0625,29.5,-29,-18.875,-0.3962460458278656,-0.004760812036693096,0.007141217589378357,-0.9181042313575745,30970,1134
0,0.05000000074505806,-0.07000000029802322,9.75,0.125,0,-0.0625,29.5,-29,-18.875,-0.3962460458278656,-0.004760812036693096,0.007141217589378357,-0.9181042313575745,30980,1135
0,0.07000000029802322,-0.07000000029802322,9.75,0,0.0625,-0.0625,29.875,-28.25,-19.25,-0.3962460458278656,-0.004760812036693096,0.007141217589378357,-0.9181042313575745,30990,1136
0,0.05999999865889549,-0.07999999821186066,9.739999771118164,0.0625,0.0625,0.0625,29.875,-28.25,-19.25,-0.3962460458278656,-0.004760812036693096,0.007141217589378357,-0.9181042313575745,31000,1137
0,0.05999999865889549,-0.07999999821186066,9.720000267028809,0.0625,-0.1875,0,29.875,-28.25,-19.25,-0.3962460458278656,-0.004760812036693096,0.007141217589378357,-0.9181042313575745,31010,1138
0,0.05999999865889549,-0.07999999821186066,9.75,0,-0.25,0.0625,29.875,-28.25,-19.25,-0.3962460458278656,-0.004760812036693096,0.007141217589378357,-0.9181042313575745,31020,1139
0,0.05999999865889549,-0.09000000357627869,9.729999542236328,0,0,0,29.875,-28.25,-19.25,-0.3962460458278656,-0.004760812036693096,0.007141217589378357,-0.9181042313575745,31030,1140
0,0.05000000074505806,-0.07999999821186066,9.75,-0.0625,0,0.0625,29.875,-28.6875,-20.0625,-0.3962460458278656,-0.004760812036693096,0.007141217589378357,-0.9181042313575745,31040,1141
0,0.03999999910593033,-0.07999999821186066,9.729999542236328,0.125,-0.125,-0.0625,29.875,-28.6875,-20.0625,-0.3962460458278656,-0.004760812036693096,0.007141217589378357,-0.9181042313575745,31050,1142
0,0.029999999329447746,-0.07999999821186066,9.739999771118164,0,-0.1875,0,29.875,-28.6875,-20.0625,-0.3962460458278656,-0.004760812036693096,0.007141217589378357,-0.9181042313575745,31060,1143
0,0.05000000074505806,-0.09000000357627869,9.729999542236328,0.125,-0.125,0,29.875,-28.6875,-20.0625,-0.3962460458278656,-0.004760812036693096,0.007141217589378357,-0.9181042313575745,31070,1144
0,0.05000000074505806,-0.07999999821186066,9.760000228881836,-0.0625,-0.125,0,29.875,-28.6875,-20.0625,-0.3962460458278656,-0.004760812036693096,0.007141217589378357,-0.9181042313575745,31080,1145
0,0.05999999865889549,-0.09000000357627869,9.75,0.0625,0.0625,-0.125,31,-25.6875,-18.75,-0.3962460458278656,-0.004760812036693096,0.007141217589378357,-0.9181042313575745,31090,1146
0,0.05999999865889549,-0.05999999865889549,9.739999771118164,0,-0.25,0.0625,31,-25.6875,-18.75,-0.3962460458278656,-0.004760812036693096,0.007141217589378357,-0.9181042313575745,31100,1147
0,0.05000000074505806,-0.09000000357627869,9.720000267028809,0.0625,-0.25,0.125,31,-25.6875,-18.75,-0.3962460458278656,-0.004760812036693096,0.007141217589378357,-0.9181042313575745,31110,1148
0,0.03999999910593033,-0.07999999821186066,9.739999771118164,0.0625,-0.125,0,31,-25.6875,-18.75,-0.3962460458278656,-0.004760812036693096,0.007141217589378357,-0.9181042313575745,31120,1149
0,0.05000000074505806,-0.09000000357627869,9.770000457763672,0.1875,-0.125,0.125,31,-25.6875,-18.75,-0.3962460458278656,-0.004760812036693096,0.007141217589378357,-0.9181042313575745,31130,1150
0,0.03999999910593033,-0.09000000357627869,9.75,0.1875,-0.0625,0,29.875,-27.1875,-20.0625,-0.3962460458278656,-0.004760812036693096,0.007141217589378357,-0.9181042313575745,31140,1151
0,0.05999999865889549,-0.09000000357627869,9.760000228881836,0.125,0.0625,0.0625,29.875,-27.1875,-20.0625,-0.3962460458278656,-0.004760812036693096,0.007141217589378357,-0.9181042313575745,31150,1152
0,0.05000000074505806,-0.07999999821186066,9.75,0,0.0625,0,29.875,-27.1875,-20.0625,-0.3962460458278656,-0.004760812036693096,0.007141217589378357,-0.9181042313575745,31160,1153
0,0.05000000074505806,-0.07999999821186066,9.739999771118164,0.125,-0.1875,0.0625,29.875,-27.1875,-20.0625,-0.3962460458278656,-0.004760812036693096,0.007141217589378357,-0.9181042313575745,31170,1154
0,0.07000000029802322,-0.07999999821186066,9.75,-0.0625,0,0.0625,29.875,-27.1875,-20.0625,-0.3962460458278656,-0.004760812036693096,0.007141217589378357,-0.9181042313575745,31180,1155
0,0.05000000074505806,-0.07000000029802322,9.75,0,0.0625,-0.125,29.5,-28.25,-19.5625,-0.3962460458278656,-0.004760812036693096,0.007141217589378357,-0.9181042313575745,31190,1156
0,0.05000000074505806,-0.07999999821186066,9.710000038146973,0.0625,-0.25,0,29.5,-28.25,-19.5625,-0.3962460458278656,-0.004760812036693096,0.007141217589378357,-0.9181042313575745,31200,1157
0,0.05999999865889549,-0.07999999821186066,9.739999771118164,-0.0625,-0.125,-0.0625,29.5,-28.25,-19.5625,-0.3962460458278656,-0.004760812036693096,0.007141217589378357,-0.9181042313575745,31210,1158
0,0.05000000074505806,-0.07000000029802322,9.729999542236328,0.125,0.0625,0,29.5,-28.25,-19.5625,-0.3962460458278656,-0.004760812036693096,0.007141217589378357,-0.9181042313575745,31220,1159
0,0.05999999865889549,-0.07000000029802322,9.739999771118164,-0.0625,0.0625,0.0625,29.5,-28.25,-19.5625,-0.3962460458278656,-0.004760812036693096,0.007141217589378357,-0.9181042313575745,31230,1160
0,0.05999999865889549,-0.07999999821186066,9.75,0.1875,-0.0625,0,29.875,-29.375,-20.0625,-0.3962460458278656,-0.004760812036693096,0.007141217589378357,-0.9181042313575745,31240,1161
0,0.05999999865889549,-0.07999999821186066,9.75,0.0625,-0.25,0.0625,29.875,-29.375,-20.0625,-0.3962460458278656,-0.004760812036693096,0.007141217589378357,-0.9181042313575745,31250,1162
0,0.05000000074505806,-0.10000000149011612,9.710000038146973,0.0625,-0.125,0.125,29.875,-29.375,-20.0625,-0.3962460458278656,-0.004760812036693096,0.007141217589378357,-0.9181042313575745,31260,1163
0,0.05999999865889549,-0.09000000357627869,9.75,0.125,-0.0625,-0.125,29.875,-29.375,-20.0625,-0.3962460458278656,-0.004760812036693096,0.007141217589378357,-0.9181042313575745,31270,1164
0,0.05999999865889549,-0.07999999821186066,9.729999542236328,-0.0625,0,0,29.875,-29.375,-20.0625,-0.3962460458278656,-0.004760812036693096,0.007141217589378357,-0.9181042313575745,31280,1165
0,0.07999999821186066,-0.07999999821186066,9.739999771118164,0.0625,-0.0625,0,29.5,-30.1875,-19.5625,-0.3962460458278656,-0.004760812036693096,0.007141217589378357,-0.9181042313575745,31290,1166
0,0.05000000074505806,-0.07000000029802322,9.770000457763672,0,0.1875,0.0625,29.5,-30.1875,-19.5625,-0.3962460458278656,-0.004760812036693096,0.007141217589378357,-0.9181042313575745,31300,1167
0,0.05000000074505806,-0.07999999821186066,9.720000267028809,0.0625,0.25,-0.0625,29.5,-30.1875,-19.5625,-0.3962460458278656,-0.004760812036693096,0.007141217589378357,-0.9181042313575745,31310,1168
0,0.05999999865889549,-0.09000000357627869,9.760000228881836,0.0625,-0.0625,-0.0625,29.5,-30.1875,-19.5625,-0.3962460458278656,-0.004760812036693096,0.007141217589378357,-0.9181042313575745,31320,1169
0,0.05999999865889549,-0.09000000357627869,9.739999771118164,0.0625,0.0625,0,29.5,-30.1875,-19.5625,-0.3962460458278656,-0.004760812036693096,0.007141217589378357,-0.9181042313575745,31330,1170
0,0.03999999910593033,-0.09000000357627869,9.75,0,-0.1875,0.0625,30.6875,-29.375,-19.25,-0.3962460458278656,-0.004760812036693096,0.007141217589378357,-0.9181042313575745,31340,1171
0,0.05000000074505806,-0.10000000149011612,9.739999771118164,0.125,-0.25,0.0625,30.6875,-29.375,-19.25,-0.3962460458278656,-0.004760812036693096,0.007141217589378357,-0.9181042313575745,31350,1172
0,0.05000000074505806,-0.09000000357627869,9.710000038146973,-0.0625,-0.1875,-0.0625,30.6875,-29.375,-19.25,-0.3962460458278656,-0.004760812036693096,0.007141217589378357,-0.9181042313575745,31360,1173
0,0.05999999865889549,-0.10000000149011612,9.75,0,0,0.125,30.6875,-29.375,-19.25,-0.3962460458278656,-0.004760812036693096,0.007141217589378357,-0.9181042313575745,31370,1174
0,0.05999999865889549,-0.07000000029802322,9.760000228881836,0.0625,0.125,0.0625,30.6875,-29.375,-19.25,-0.3962460458278656,-0.004760812036693096,0.007141217589378357,-0.9181042313575745,31380,1175
0,0.03999999910593033,-0.09000000357627869,9.760000228881836,0,0,0,29.1875,-29.75,-18.75,-0.3962460458278656,-0.004760812036693096,0.007141217589378357,-0.9181042313575745,31390,1176
0,0.05999999865889549,-0.09000000357627869,9.779999732971191,0.125,0,0.0625,29.1875,-29.75,-18.75,-0.3962460458278656,-0.004760812036693096,0.007141217589378357,-0.9181042313575745,31400,1177
0,0.05999999865889549,-0.05999999865889549,9.739999771118164,0,-0.125,0,29.1875,-29.75,-18.75,-0.3962460458278656,-0.004760812036693096,0.007141217589378357,-0.9181042313575745,31410,1178
0,0.05000000074505806,-0.09000000357627869,9.760000228881836,0,0,0.0625,29.1875,-29.75,-18.75,-0.3962460458278656,-0.004760812036693096,0.007141217589378357,-0.9181042313575745,31420,1179
0,0.05000000074505806,-0.07000000029802322,9.739999771118164,0,0.125,0.0625,29.1875,-29.75,-18.75,-0.3962460458278656,-0.004760812036693096,0.007141217589378357,-0.9181042313575745,31430,1180
0,0.05999999865889549,-0.09000000357627869,9.770000457763672,-0.0625,0.0625,0,29.875,-30.1875,-19.5625,-0.3962460458278656,-0.004760812036693096,0.007141217589378357,-0.9181042313575745,31440,1181
0,0.05999999865889549,-0.09000000357627869,9.739999771118164,0,0.1875,0,29.875,-30.1875,-19.5625,-0.3962460458278656,-0.004760812036693096,0.007141217589378357,-0.9181042313575745,31450,1182
0,0.05000000074505806,-0.07999999821186066,9.739999771118164,-0.1875,0.1875,-0.0625,29.875,-30.1875,-19.5625,-0.3962460458278656,-0.004760812036693096,0.007141217589378357,-0.9181042313575745,31460,1183
0,0.03999999910593033,-0.07999999821186066,9.760000228881836,0.125,0.0625,0,29.875,-30.1875,-19.5625,-0.3962460458278656,-0.004760812036693096,0.007141217589378357,-0.9181042313575745,31470,1184
0,0.05000000074505806,-0.07999999821186066,9.75,0,0,0.0625,29.875,-30.1875,-19.5625,-0.3962460458278656,-0.004760812036693096,0.007141217589378357,-0.9181042313575745,31480,1185
0,0.05000000074505806,-0.07999999821186066,9.760000228881836,-0.0625,0.125,0,29.1875,-30.5,-18.875,-0.3962460458278656,-0.004760812036693096,0.007141217589378357,-0.9181042313575745,31490,1186
0,0.05000000074505806,-0.07999999821186066,9.720000267028809,-0.0625,-0.0625,-0.0625,29.1875,-30.5,-18.875,-0.3962460458278656,-0.004760812036693096,0.007141217589378357,-0.9181042313575745,31500,1187
0,0.05000000074505806,-0.07999999821186066,9.720000267028809,0.0625,-0.25,0.0625,29.1875,-30.5,-18.875,-0.3962460458278656,-0.004760812036693096,0.007141217589378357,-0.9181042313575745,31510,1188
0,0.05000000074505806,-0.09000000357627869,9.720000267028809,0.0625,0,-0.0625,29.1875,-30.5,-18.875,-0.3962460458278656,-0.004760812036693096,0.007141217589378357,-0.9181042313575745,31520,1189
0,0.019999999552965164,-0.07000000029802322,9.729999542236328,0,-0.0625,-0.0625,29.1875,-30.5,-18.875,-0.3962460458278656,-0.004760812036693096,0.007141217589378357,-0.9181042313575745,31530,1190
0,0.05000000074505806,-0.07999999821186066,9.739999771118164,-0.0625,-0.125,0,29.875,-30.1875,-18.5,-0.3962460458278656,-0.004760812036693096,0.007141217589378357,-0.9181042313575745,31540,1191
0,0.05000000074505806,-0.10000000149011612,9.770000457763672,-0.0625,0.125,-0.0625,29.875,-30.1875,-18.5,-0.3962460458278656,-0.004760812036693096,0.007141217589378357,-0.9181042313575745,31550,1192
0,0.05999999865889549,-0.07999999821186066,9.710000038146973,0,-0.125,0,29.875,-30.1875,-18.5,-0.3962460458278656,-0.004760812036693096,0.007141217589378357,-0.9181042313575745,31560,1193
0,0.07000000029802322,-0.09000000357627869,9.75,0.0625,-0.0625,-0.0625,29.875,-30.1875,-18.5,-0.3962460458278656,-0.004760812036693096,0.007141217589378357,-0.9181042313575745,31570,1194
0,0.05000000074505806,-0.07000000029802322,9.75,0,-0.125,0.0625,29.875,-30.1875,-18.5,-0.3962460458278656,-0.004760812036693096,0.007141217589378357,-0.9181042313575745,31580,1195
0,0.05000000074505806,-0.10000000149011612,9.739999771118164,0.0625,0,-0.0625,30.6875,-30.1875,-20.0625,-0.3962460458278656,-0.004760812036693096,0.007141217589378357,-0.9181042313575745,31590,1196
0,0.05000000074505806,-0.07999999821186066,9.760000228881836,0,0.0625,0,30.6875,-30.1875,-20.0625,-0.3962460458278656,-0.004760812036693096,0.007141217589378357,-0.9181042313575745,31600,1197
0,0.05999999865889549,-0.07999999821186066,9.739999771118164,0,-0.125,0,30.6875,-30.1875,-20.0625,-0.3962460458278656,-0.004760812036693096,0.007141217589378357,-0.9181042313575745,31610,1198
0,0.05999999865889549,-0.07000000029802322,9.720000267028809,0,-0.125,0,30.6875,-30.1875,-20.0625,-0.3962460458278656,-0.004760812036693096,0.007141217589378357,-0.9181042313575745,31620,1199
0,0.05000000074505806,-0.09000000357627869,9.729999542236328,0.0625,-0.0625,0.0625,30.6875,-30.1875,-20.0625,-0.3962460458278656,-0.004760812036693096,0.007141217589378357,-0.9181042313575745,31630,1200
0,0.03999999910593033,-0.05999999865889549,9.75,0.0625,-0.375,0.0625,31,-29,-19.25,-0.3962460458278656,-0.004760812036693096,0.007141217589378357,-0.9181042313575745,31640,1201
0,0.03999999910593033,-0.09000000357627869,9.729999542236328,0.0625,-0.375,0.0625,31,-29,-19.25,-0.3962460458278656,-0.004760812036693096,0.007141217589378357,-0.9181042313575745,31650,1202
0,0.05999999865889549,-0.07000000029802322,9.710000038146973,-0.0625,-0.1875,0,31,-29,-19.25,-0.3962460458278656,-0.004760812036693096,0.007141217589378357,-0.9181042313575745,31660,1203
0,0.05000000074505806,-0.09000000357627869,9.760000228881836,0.125,-0.0625,0.0625,31,-29,-19.25,-0.3962460458278656,-0.004760812036693096,0.007141217589378357,-0.9181042313575745,31670,1204
0,0.05000000074505806,-0.07999999821186066,9.739999771118164,0.0625,-0.0625,0,31,-29,-19.25,-0.3962460458278656,-0.004760812036693096,0.007141217589378357,-0.9181042313575745,31680,1205
0,0.07999999821186066,-0.07999999821186066,9.75,-0.125,-0.125,0,29.5,-26,-18.875,-0.3962460458278656,-0.004760812036693096,0.007141217589378357,-0.9181042313575745,31690,1206
0,0.05999999865889549,-0.09000000357627869,9.739999771118164,0,-0.0625,0,29.5,-26,-18.875,-0.3962460458278656,-0.004760812036693096,0.007141217589378357,-0.9181042313575745,31700,1207
0,0.03999999910593033,-0.07000000029802322,9.710000038146973,0,-0.0625,0,29.5,-26,-18.875,-0.3962460458278656,-0.004760812036693096,0.007141217589378357,-0.9181042313575745,31710,1208
0,0.05000000074505806,-0.09000000357627869,9.729999542236328,0.125,-0.125,0.0625,29.5,-26,-18.875,-0.3962460458278656,-0.004760812036693096,0.007141217589378357,-0.9181042313575745,31720,1209
0,0.07000000029802322,-0.07000000029802322,9.739999771118164,0.125,-0.3125,0.0625,29.5,-26,-18.875,-0.3962460458278656,-0.004760812036693096,0.007141217589378357,-0.9181042313575745,31730,1210
0,0.07000000029802322,-0.07000000029802322,9.720000267028809,-0.125,0.0625,0.0625,29.875,-28.6875,-20.0625,-0.3962460458278656,-0.004760812036693096,0.007141217589378357,-0.9181042313575745,31740,1211
0,0.03999999910593033,-0.07000000029802322,9.729999542236328,-0.0625,-0.25,0.0625,29.875,-28.6875,-20.0625,-0.3962460458278656,-0.004760812036693096,0.007141217589378357,-0.9181042313575745,31750,1212
0,0.05000000074505806,-0.10000000149011612,9.729999542236328,0.0625,0.0625,0,29.875,-28.6875,-20.0625,-0.3962460458278656,-0.004760812036693096,0.007141217589378357,-0.9181042313575745,31760,1213
0,0.05999999865889549,-0.09000000357627869,9.75,0.0625,-0.125,0.0625,29.875,-28.6875,-20.0625,-0.3962460458278656,-0.004760812036693096,0.007141217589378357,-0.9181042313575745,31770,1214
0,0.05999999865889549,-0.07999999821186066,9.75,0.125,0.0625,0,29.875,-28.6875,-20.0625,-0.3962460458278656,-0.004760812036693096,0.007141217589378357,-0.9181042313575745,31780,1215
0,0.05999999865889549,-0.07999999821186066,9.75,0.125,-0.0625,0,29.875,-28.25,-20.75,-0.3962460458278656,-0.004760812036693096,0.007141217589378357,-0.9181042313575745,31790,1216
0,0.05999999865889549,-0.07999999821186066,9.729999542236328,0,0,0.0625,29.875,-28.25,-20.75,-0.3962460458278656,-0.004760812036693096,0.007141217589378357,-0.9181042313575745,31800,1217
0,0.07000000029802322,-0.07000000029802322,9.739999771118164,0.0625,0,0,29.875,-28.25,-20.75,-0.3962460458278656,-0.004760812036693096,0.007141217589378357,-0.9181042313575745,31810,1218
0,0.05999999865889549,-0.05999999865889549,9.729999542236328,0.0625,0.125,0,29.875,-28.25,-20.75,-0.3962460458278656,-0.004760812036693096,0.007141217589378357,-0.9181042313575745,31820,1219
0,0.03999999910593033,-0.07999999821186066,9.729999542236328,0.0625,0.0625,0,29.875,-28.25,-20.75,-0.3962460458278656,-0.004760812036693096,0.007141217589378357,-0.9181042313575745,31830,1220
0,0.05000000074505806,-0.07999999821186066,9.779999732971191,0,-0.1875,0,28.75,-28.6875,-18.5,-0.3962460458278656,-0.004760812036693096,0.007141217589378357,-0.9181042313575745,31840,1221
0,0.03999999910593033,-0.05999999865889549,9.760000228881836,-0.0625,-0.0625,-0.0625,28.75,-28.6875,-18.5,-0.3962460458278656,-0.004760812036693096,0.007141217589378357,-0.9181042313575745,31850,1222
0,0.03999999910593033,-0.07999999821186066,9.699999809265137,0.0625,-0.0625,0,28.75,-28.6875,-18.5,-0.3962460458278656,-0.004760812036693096,0.007141217589378357,-0.9181042313575745,31860,1223
0,0.05000000074505806,-0.07999999821186066,9.720000267028809,0,0,-0.0625,28.75,-28.6875,-18.5,-0.3962460458278656,-0.004760812036693096,0.007141217589378357,-0.9181042313575745,31870,1224
0,0.05999999865889549,-0.05999999865889549,9.75,0.0625,0.0625,0,28.75,-28.6875,-18.5,-0.3962460458278656,-0.004760812036693096,0.007141217589378357,-0.9181042313575745,31880,1225
0,0.05999999865889549,-0.07999999821186066,9.729999542236328,0.0625,0.0625,0.0625,29.5,-29.375,-19.5625,-0.3962460458278656,-0.004760812036693096,0.007141217589378357,-0.9181042313575745,31890,1226
0,0.05000000074505806,-0.07999999821186066,9.739999771118164,0,0.125,0.0625,29.5,-29.375,-19.5625,-0.3962460458278656,-0.004760812036693096,0.007141217589378357,-0.9181042313575745,31900,1227
0,0.029999999329447746,-0.10000000149011612,9.75,0,-0.125,0,29.5,-29.375,-19.5625,-0.3962460458278656,-0.004760812036693096,0.007141217589378357,-0.9181042313575745,31910,1228
0,0.05000000074505806,-0.07999999821186066,9.739999771118164,-0.0625,-0.125,0,29.5,-29.375,-19.5625,-0.3962460458278656,-0.004760812036693096,0.007141217589378357,-0.9181042313575745,31920,1229
0,0.03999999910593033,-0.09000000357627869,9.739999771118164,-0.0625,0.0625,0,29.5,-29.375,-19.5625,-0.3962460458278656,-0.004760812036693096,0.007141217589378357,-0.9181042313575745,31930,1230
0,0.05000000074505806,-0.07999999821186066,9.789999961853027,-0.0625,0.0625,-0.125,28.375,-28.6875,-20.75,-0.3962460458278656,-0.004760812036693096,0.007141217589378357,-0.9181042313575745,31940,1231
0,0.03999999910593033,-0.07000000029802322,9.760000228881836,0.0625,0.25,0,28.375,-28.6875,-20.75,-0.3962460458278656,-0.004760812036693096,0.007141217589378357,-0.9181042313575745,31950,1232
0,0.07999999821186066,-0.07999999821186066,9.739999771118164,-0.125,-0.125,0.125,28.375,-28.6875,-20.75,-0.3962460458278656,-0.004760812036693096,0.007141217589378357,-0.9181042313575745,31960,1233
0,0.05000000074505806,-0.09000000357627869,9.729999542236328,-0.0625,0.0625,0,28.375,-28.6875,-20.75,-0.3962460458278656,-0.004760812036693096,0.007141217589378357,-0.9181042313575745,31970,1234
0,0.07000000029802322,-0.09000000357627869,9.75,0.0625,0.125,0,28.375,-28.6875,-20.75,-0.3962460458278656,-0.004760812036693096,0.007141217589378357,-0.9181042313575745,31980,1235
0,0.07000000029802322,-0.07999999821186066,9.75,0,0.125,0,30.6875,-28.25,-18.5,-0.3962460458278656,-0.004760812036693096,0.007141217589378357,-0.9181042313575745,31990,1236
0,0.05000000074505806,-0.07999999821186066,9.779999732971191,-0.125,-0.125,0.1875,30.6875,-28.25,-18.5,-0.3962460458278656,-0.004760812036693096,0.007141217589378357,-0.9181042313575745,32000,1237
0,0.05000000074505806,-0.09000000357627869,9.739999771118164,-0.0625,0.125,0,30.6875,-28.25,-18.5,-0.3962460458278656,-0.004760812036693096,0.007141217589378357,-0.9181042313575745,32010,1238
0,0.03999999910593033,-0.10000000149011612,9.739999771118164,-0.0625,0,0,30.6875,-28.25,-18.5,-0.3962460458278656,-0.004760812036693096,0.007141217589378357,-0.9181042313575745,32020,1239
0,0.03999999910593033,-0.07999999821186066,9.739999771118164,0,-0.0625,-0.0625,30.6875,-28.25,-18.5,-0.3962460458278656,-0.004760812036693096,0.007141217589378357,-0.9181042313575745,32030,1240
0,0.029999999329447746,-0.07999999821186066,9.760000228881836,-0.0625,0.0625,0,29.875,-27.1875,-17.5625,-0.3962460458278656,-0.004760812036693096,0.007141217589378357,-0.9181042313575745,32041,1241
0,0.05000000074505806,-0.07999999821186066,9.770000457763672,-0.0625,-0.0625,0.125,29.875,-27.1875,-17.5625,-0.3962460458278656,-0.004760812036693096,0.007141217589378357,-0.9181042313575745,32051,1242
0,0.07999999821186066,-0.07999999821186066,9.760000228881836,0.0625,-0.0625,-0.125,29.875,-27.1875,-17.5625,-0.3962460458278656,-0.004760812036693096,0.007141217589378357,-0.9181042313575745,32061,1243
0,0.05999999865889549,-0.05999999865889549,9.75,0,-0.125,0.125,29.875,-27.1875,-17.5625,-0.3962460458278656,-0.004760812036693096,0.007141217589378357,-0.9181042313575745,32070,1244
0,0.05000000074505806,-0.07000000029802322,9.729999542236328,0.0625,-0.0625,-0.0625,29.875,-27.1875,-17.5625,-0.3962460458278656,-0.004760812036693096,0.007141217589378357,-0.9181042313575745,32080,1245
0,0.05000000074505806,-0.07999999821186066,9.75,0,-0.0625,0.0625,29.1875,-28.6875,-18.875,-0.3962460458278656,-0.004760812036693096,0.007141217589378357,-0.9181042313575745,32091,1246
0,0.03999999910593033,-0.07000000029802322,9.770000457763672,0,-0.0625,0,29.1875,-28.6875,-18.875,-0.3962460458278656,-0.004760812036693096,0.007141217589378357,-0.9181042313575745,32101,1247
0,0.03999999910593033,-0.07999999821186066,9.729999542236328,0.0625,-0.0625,-0.125,29.1875,-28.6875,-18.875,-0.3962460458278656,-0.004760812036693096,0.007141217589378357,-0.9181042313575745,32111,1248
0,0.07999999821186066,-0.07999999821186066,9.729999542236328,0.125,0.0625,0.0625,29.1875,-28.6875,-18.875,-0.3962460458278656,-0.004760812036693096,0.007141217589378357,-0.9181042313575745,32121,1249
0,0.03999999910593033,-0.05999999865889549,9.75,-0.0625,0.3125,-0.0625,29.1875,-28.6875,-18.875,-0.3962460458278656,-0.004760812036693096,0.007141217589378357,-0.9181042313575745,32130,1250
0,0.05999999865889549,-0.09000000357627869,9.739999771118164,-0.0625,0.125,-0.0625,30.25,-30.1875,-18.5,-0.3962460458278656,-0.004760812036693096,0.007141217589378357,-0.9181042313575745,32141,1251
0,0.03999999910593033,-0.09000000357627869,9.75,-0.0625,0,-0.125,30.25,-30.1875,-18.5,-0.3962460458278656,-0.004760812036693096,0.007141217589378357,-0.9181042313575745,32151,1252
0,0.03999999910593033,-0.09000000357627869,9.739999771118164,0.0625,0,0,30.25,-30.1875,-18.5,-0.3962460458278656,-0.004760812036693096,0.007141217589378357,-0.9181042313575745,32161,1253
0,0.05999999865889549,-0.07000000029802322,9.729999542236328,0,-0.0625,0.0625,30.25,-30.1875,-18.5,-0.3962460458278656,-0.004760812036693096,0.007141217589378357,-0.9181042313575745,32170,1254
0,0.05000000074505806,-0.10000000149011612,9.729999542236328,0,0.0625,-0.125,30.25,-30.1875,-18.5,-0.3962460458278656,-0.004760812036693096,0.007141217589378357,-0.9181042313575745,32180,1255
0,0.05000000074505806,-0.07999999821186066,9.75,0.0625,-0.0625,0.0625,28.375,-29.75,-20.0625,-0.3962460458278656,-0.004760812036693096,0.007141217589378357,-0.9181042313575745,32191,1256
0,0.05000000074505806,-0.07999999821186066,9.720000267028809,0,0.0625,0,28.375,-29.75,-20.0625,-0.3962460458278656,-0.004760812036693096,0.007141217589378357,-0.9181042313575745,32201,1257
0,0.05999999865889549,-0.07000000029802322,9.710000038146973,-0.125,-0.0625,-0.0625,28.375,-29.75,-20.0625,-0.3962460458278656,-0.004760812036693096,0.007141217589378357,-0.9181042313575745,32211,1258
0,0.05999999865889549,-0.07999999821186066,9.739999771118164,0.125,-0.125,0.0625,28.375,-29.75,-20.0625,-0.3962460458278656,-0.004760812036693096,0.007141217589378357,-0.9181042313575745,32221,1259
0,0.05000000074505806,-0.09000000357627869,9.779999732971191,0.0625,0.0625,0,28.375,-29.75,-20.0625,-0.3962460458278656,-0.004760812036693096,0.007141217589378357,-0.9181042313575745,32230,1260
0,0.05000000074505806,-0.07999999821186066,9.729999542236328,-0.0625,0.125,-0.0625,29.5,-29.75,-19.25,-0.3962460458278656,-0.004760812036693096,0.007141217589378357,-0.9181042313575745,32241,1261
0,0.03999999910593033,-0.09000000357627869,9.720000267028809,0,0.125,0,29.5,-29.75,-19.25,-0.3962460458278656,-0.004760812036693096,0.007141217589378357,-0.9181042313575745,32251,1262
0,0.05999999865889549,-0.10000000149011612,9.760000228881836,-0.0625,0.125,0,29.5,-29.75,-19.25,-0.3962460458278656,-0.004760812036693096,0.007141217589378357,-0.9181042313575745,32261,1263
0,0.03999999910593033,-0.07999999821186066,9.739999771118164,0,-0.1875,0.0625,29.5,-29.75,-19.25,-0.3962460458278656,-0.004760812036693096,0.007141217589378357,-0.9181042313575745,32270,1264
0,0.029999999329447746,-0.07000000029802322,9.729999542236328,0.125,0,-0.0625,29.5,-29.75,-19.25,-0.3962460458278656,-0.004760812036693096,0.007141217589378357,-0.9181042313575745,32280,1265
0,0.07000000029802322,-0.07999999821186066,9.760000228881836,0,-0.0625,0,28.75,-29.375,-19.25,-0.3962460458278656,-0.004760812036693096,0.007141217589378357,-0.9181042313575745,32291,1266
0,0.03999999910593033,-0.07000000029802322,9.729999542236328,0.0625,-0.1875,-0.0625,28.75,-29.375,-19.25,-0.3962460458278656,-0.004760812036693096,0.007141217589378357,-0.9181042313575745,32301,1267
0,0.05999999865889549,-0.07999999821186066,9.710000038146973,0,0.0625,-0.0625,28.75,-29.375,-19.25,-0.3962460458278656,-0.004760812036693096,0.007141217589378357,-0.9181042313575745,32311,1268
0,0.07000000029802322,-0.07000000029802322,9.75,0.0625,-0.0625,0.0625,28.75,-29.375,-19.25,-0.3962460458278656,-0.004760812036693096,0.007141217589378357,-0.9181042313575745,32321,1269
0,0.05000000074505806,-0.07000000029802322,9.739999771118164,0,0,0.0625,28.75,-29.375,-19.25,-0.3962460458278656,-0.004760812036693096,0.007141217589378357,-0.9181042313575745,32330,1270
0,0.03999999910593033,-0.07000000029802322,9.760000228881836,0,0.0625,-0.0625,29.1875,-29.375,-18.5,-0.3962460458278656,-0.004760812036693096,0.007141217589378357,-0.9181042313575745,32341,1271
0,0.05999999865889549,-0.07999999821186066,9.75,0.0625,-0.1875,0.0625,29.1875,-29.375,-18.5,-0.3962460458278656,-0.004760812036693096,0.007141217589378357,-0.9181042313575745,32351,1272
0,0.07000000029802322,-0.09000000357627869,9.710000038146973,0.125,-0.0625,0.125,29.1875,-29.375,-18.5,-0.3962460458278656,-0.004760812036693096,0.007141217589378357,-0.9181042313575745,32361,1273
0,0.03999999910593033,-0.07999999821186066,9.75,0,-0.125,0.0625,29.1875,-29.375,-18.5,-0.3962460458278656,-0.004760812036693096,0.007141217589378357,-0.9181042313575745,32370,1274
0,0.03999999910593033,-0.07000000029802322,9.729999542236328,0.0625,-0.125,0,29.1875,-29.375,-18.5,-0.3962460458278656,-0.004760812036693096,0.007141217589378357,-0.9181042313575745,32380,1275
0,0.03999999910593033,-0.07999999821186066,9.720000267028809,0,0,-0.125,29.875,-27.875,-19.25,-0.3962460458278656,-0.004760812036693096,0.007141217589378357,-0.9181042313575745,32391,1276
0,0.05000000074505806,-0.07000000029802322,9.75,0,-0.125,0.0625,29.875,-27.875,-19.25,-0.3962460458278656,-0.004760812036693096,0.007141217589378357,-0.9181042313575745,32401,1277
0,0.05000000074505806,-0.05999999865889549,9.75,0.125,-0.0625,0,29.875,-27.875,-19.25,-0.3962460458278656,-0.004760812036693096,0.007141217589378357,-0.9181042313575745,32411,1278
0,0.07000000029802322,-0.07000000029802322,9.720000267028809,0,0.125,0.0625,29.875,-27.875,-19.25,-0.3962460458278656,-0.004760812036693096,0.007141217589378357,-0.9181042313575745,32421,1279
0,0.03999999910593033,-0.07000000029802322,9.710000038146973,0,-0.125,-0.0625,29.875,-27.875,-19.25,-0.3962460458278656,-0.004760812036693096,0.007141217589378357,-0.9181042313575745,32430,1280
0,0.05999999865889549,-0.07999999821186066,9.75,0,0.0625,0.0625,30.25,-27.1875,-19.25,-0.3962460458278656,-0.004760812036693096,0.007141217589378357,-0.9181042313575745,32441,1281
0,0.07000000029802322,-0.09000000357627869,9.75,0.0625,0,0,30.25,-27.1875,-19.25,-0.3962460458278656,-0.004760812036693096,0.007141217589378357,-0.9181042313575745,32451,1282
0,0.03999999910593033,-0.10000000149011612,9.739999771118164,-0.0625,-0.0625,-0.0625,30.25,-27.1875,-19.25,-0.3962460458278656,-0.004760812036693096,0.007141217589378357,-0.9181042313575745,32461,1283
0,0.029999999329447746,-0.05999999865889549,9.739999771118164,-0.0625,0.125,0,30.25,-27.1875,-19.25,-0.3962460458278656,-0.004760812036693096,0.007141217589378357,-0.9181042313575745,32471,1284
0,0.05000000074505806,-0.07999999821186066,9.770000457763672,0.0625,-0.0625,-0.0625,30.25,-27.1875,-19.25,-0.3962460458278656,-0.004760812036693096,0.007141217589378357,-0.9181042313575745,32480,1285
0,0.05000000074505806,-0.07000000029802322,9.75,0,-0.1875,0.1875,29.1875,-27.875,-20.0625,-0.3962460458278656,-0.004760812036693096,0.007141217589378357,-0.9181042313575745,32491,1286
0,0.07000000029802322,-0.07999999821186066,9.779999732971191,0.0625,-0.3125,-0.0625,29.1875,-27.875,-20.0625,-0.3962460458278656,-0.004760812036693096,0.007141217589378357,-0.9181042313575745,32501,1287
0,0.03999999910593033,-0.05000000074505806,9.739999771118164,-0.0625,0,0.0625,29.1875,-27.875,-20.0625,-0.3962460458278656,-0.004760812036693096,0.007141217589378357,-0.9181042313575745,32511,1288
0,0.07000000029802322,-0.07000000029802322,9.729999542236328,0.0625,0,-0.0625,29.1875,-27.875,-20.0625,-0.3962460458278656,-0.004760812036693096,0.007141217589378357,-0.9181042313575745,32521,1289
0,0.03999999910593033,-0.07999999821186066,9.760000228881836,-0.0625,0,0.0625,29.1875,-27.875,-20.0625,-0.3962460458278656,-0.004760812036693096,0.007141217589378357,-0.9181042313575745,32530,1290
0,0.05000000074505806,-0.05999999865889549,9.729999542236328,-0.0625,0.3125,-0.0625,30.25,-25.25,-20.0625,-0.3962460458278656,-0.004760812036693096,0.007141217589378357,-0.9181042313575745,32542,1291
0,0.05000000074505806,-0.09000000357627869,9.75,0,0,0.0625,30.25,-25.25,-20.0625,-0.3962460458278656,-0.004760812036693096,0.007141217589378357,-0.9181042313575745,32552,1292
0,0.03999999910593033,-0.07999999821186066,9.710000038146973,-0.0625,-0.0625,0,30.25,-25.25,-20.0625,-0.3962460458278656,-0.004760812036693096,0.007141217589378357,-0.9181042313575745,32562,1293
0,0.03999999910593033,-0.09000000357627869,9.729999542236328,-0.0625,-0.0625,0,30.25,-25.25,-20.0625,-0.3962460458278656,-0.004760812036693096,0.007141217589378357,-0.9181042313575745,32571,1294
0,0.03999999910593033,-0.07999999821186066,9.729999542236328,0.0625,-0.0625,-0.0625,30.25,-25.25,-20.0625,-0.3962460458278656,-0.004760812036693096,0.007141217589378357,-0.9181042313575745,32580,1295
0,0.03999999910593033,-0.07000000029802322,9.739999771118164,-0.0625,0.25,0,30.25,-29,-20.5,-0.3962460458278656,-0.004760812036693096,0.007141217589378357,-0.9181042313575745,32592,1296
0,0.05999999865889549,-0.07999999821186066,9.739999771118164,0.0625,0.0625,-0.0625,30.25,-29,-20.5,-0.3962460458278656,-0.004760812036693096,0.007141217589378357,-0.9181042313575745,32602,1297
0,0.07000000029802322,-0.07000000029802322,9.739999771118164,-0.0625,0.0625,0,30.25,-29,-20.5,-0.3962460458278656,-0.004760812036693096,0.007141217589378357,-0.9181042313575745,32612,1298
0,0.05999999865889549,-0.05000000074505806,9.699999809265137,0,-0.0625,0,30.25,-29,-20.5,-0.3962460458278656,-0.004760812036693096,0.007141217589378357,-0.9181042313575745,32622,1299
0,0.07000000029802322,-0.09000000357627869,9.770000457763672,0,0,0,30.25,-29,-20.5,-0.3962460458278656,-0.004760812036693096,0.007141217589378357,-0.9181042313575745,32630,1300
0,0.05000000074505806,-0.07999999821186066,9.760000228881836,-0.0625,-0.0625,0.1875,30.25,-27.875,-20.0625,-0.3962460458278656,-0.004760812036693096,0.007141217589378357,-0.9181042313575745,32642,1301
0,0.05000000074505806,-0.07999999821186066,9.739999771118164,0,-0.125,0,30.25,-27.875,-20.0625,-0.3962460458278656,-0.004760812036693096,0.007141217589378357,-0.9181042313575745,32652,1302
0,0.05000000074505806,-0.07999999821186066,9.729999542236328,-0.0625,-0.0625,-0.0625,30.25,-27.875,-20.0625,-0.3962460458278656,-0.004760812036693096,0.007141217589378357,-0.9181042313575745,32662,1303
0,0.03999999910593033,-0.10000000149011612,9.720000267028809,0,-0.1875,0,30.25,-27.875,-20.0625,-0.3962460458278656,-0.004760812036693096,0.007141217589378357,-0.9181042313575745,32671,1304
0,0.07000000029802322,-0.05999999865889549,9.720000267028809,0.0625,-0.0625,0,30.25,-27.875,-20.0625,-0.3962460458278656,-0.004760812036693096,0.007141217589378357,-0.9181042313575745,32680,1305
0,0.05000000074505806,-0.10000000149011612,9.720000267028809,0,-0.125,0,30.25,-28.25,-18.5,-0.3962460458278656,-0.004760812036693096,0.007141217589378357,-0.9181042313575745,32692,1306
0,0.05999999865889549,-0.10000000149011612,9.75,-0.0625,0,0,30.25,-28.25,-18.5,-0.3962460458278656,-0.004760812036693096,0.007141217589378357,-0.9181042313575745,32702,1307
0,0.05000000074505806,-0.07000000029802322,9.75,0.0625,0,0.125,30.25,-28.25,-18.5,-0.3962460458278656,-0.004760812036693096,0.007141217589378357,-0.9181042313575745,32712,1308
0,0.05000000074505806,-0.07999999821186066,9.739999771118164,0.125,-0.0625,-0.0625,30.25,-28.25,-18.5,-0.3962460458278656,-0.004760812036693096,0.007141217589378357,-0.9181042313575745,32722,1309
0,0.029999999329447746,-0.07000000029802322,9.739999771118164,0,-0.0625,0,30.25,-28.25,-18.5,-0.3962460458278656,-0.004760812036693096,0.007141217589378357,-0.9181042313575745,32730,1310
0,0.05000000074505806,-0.09000000357627869,9.739999771118164,0,-0.0625,0.0625,30.25,-29.375,-20.0625,-0.3962460458278656,-0.004760812036693096,0.007141217589378357,-0.9181042313575745,32742,1311
0,0.05000000074505806,-0.05999999865889549,9.739999771118164,-0.0625,0,0,30.25,-29.375,-20.0625,-0.3962460458278656,-0.004760812036693096,0.007141217589378357,-0.9181042313575745,32752,1312
0,0.05000000074505806,-0.09000000357627869,9.739999771118164,0,-0.125,0.0625,30.25,-29.375,-20.0625,-0.3962460458278656,-0.004760812036693096,0.007141217589378357,-0.9181042313575745,32762,1313
0,0.07000000029802322,-0.05999999865889549,9.739999771118164,0.0625,0.25,-0.0625,30.25,-29.375,-20.0625,-0.3962460458278656,-0.004760812036693096,0.007141217589378357,-0.9181042313575745,32771,1314
0,0.05000000074505806,-0.09000000357627869,9.710000038146973,0,0.0625,0.0625,30.25,-29.375,-20.0625,-0.3962460458278656,-0.004760812036693096,0.007141217589378357,-0.9181042313575745,32780,1315
0,0.07000000029802322,-0.07999999821186066,9.729999542236328,-0.125,-0.125,-0.0625,29.5,-28.6875,-19.5625,-0.3962460458278656,-0.004760812036693096,0.007141217589378357,-0.9181042313575745,32792,1316
0,0.05000000074505806,-0.09000000357627869,9.75,0.0625,0,0,29.5,-28.6875,-19.5625,-0.3962460458278656,-0.004760812036693096,0.007141217589378357,-0.9181042313575745,32802,1317
0,0.05999999865889549,-0.05000000074505806,9.710000038146973,0,0.0625,0.125,29.5,-28.6875,-19.5625,-0.3962460458278656,-0.004760812036693096,0.007141217589378357,-0.9181042313575745,32812,1318
0,0.05000000074505806,-0.07000000029802322,9.739999771118164,0,0,-0.125,29.5,-28.6875,-19.5625,-0.3962460458278656,-0.004760812036693096,0.007141217589378357,-0.9181042313575745,32822,1319
0,0.05999999865889549,-0.07999999821186066,9.739999771118164,0.0625,0.125,-0.0625,29.5,-28.6875,-19.5625,-0.3962460458278656,-0.004760812036693096,0.007141217589378357,-0.9181042313575745,32830,1320
0,0.07000000029802322,-0.10000000149011612,9.75,0.0625,-0.0625,0,29.875,-29,-18.0625,-0.3962460458278656,-0.004760812036693096,0.007141217589378357,-0.9181042313575745,32842,1321
0,0.05000000074505806,-0.09000000357627869,9.770000457763672,0.0625,0.0625,0,29.875,-29,-18.0625,-0.3962460458278656,-0.004760812036693096,0.007141217589378357,-0.9181042313575745,32852,1322
0,0.05999999865889549,-0.09000000357627869,9.710000038146973,0.0625,0.0625,0.0625,29.875,-29,-18.0625,-0.3962460458278656,-0.004760812036693096,0.007141217589378357,-0.9181042313575745,32862,1323
0,0.029999999329447746,-0.07999999821186066,9.75,-0.125,0.0625,-0.0625,29.875,-29,-18.0625,-0.3962460458278656,-0.004760812036693096,0.007141217589378357,-0.9181042313575745,32871,1324
0,0.05000000074505806,-0.09000000357627869,9.720000267028809,-0.0625,0.0625,-0.0625,29.875,-29,-18.0625,-0.3962460458278656,-0.004760812036693096,0.007141217589378357,-0.9181042313575745,32880,1325
0,0.03999999910593033,-0.07999999821186066,9.760000228881836,0.0625,0.1875,0.0625,29.875,-26.75,-18.875,-0.3962460458278656,-0.004760812036693096,0.007141217589378357,-0.9181042313575745,32892,1326
0,0.07000000029802322,-0.07000000029802322,9.729999542236328,0.125,-0.125,0.0625,29.875,-26.75,-18.875,-0.3962460458278656,-0.004760812036693096,0.007141217589378357,-0.9181042313575745,32902,1327
0,0.03999999910593033,-0.07999999821186066,9.720000267028809,0.0625,-0.125,0.0625,29.875,-26.75,-18.875,-0.3962460458278656,-0.004760812036693096,0.007141217589378357,-0.9181042313575745,32912,1328
0,0.07000000029802322,-0.07999999821186066,9.729999542236328,0.0625,0,0,29.875,-26.75,-18.875,-0.3962460458278656,-0.004760812036693096,0.007141217589378357,-0.9181042313575745,32922,1329
0,0.07000000029802322,-0.09000000357627869,9.739999771118164,0.0625,0.125,0,29.875,-26.75,-18.875,-0.3962460458278656,-0.004760812036693096,0.007141217589378357,-0.9181042313575745,32930,1330
0,0.03999999910593033,-0.09000000357627869,9.75,0.125,0,0.0625,30.6875,-29.375,-19.5625,-0.3962460458278656,-0.004760812036693096,0.007141217589378357,-0.9181042313575745,32943,1331
0,0.05000000074505806,-0.05000000074505806,9.729999542236328,-0.0625,-0.0625,0.0625,30.6875,-29.375,-19.5625,-0.3962460458278656,-0.004760812036693096,0.007141217589378357,-0.9181042313575745,32952,1332
0,0.05000000074505806,-0.09000000357627869,9.729999542236328,-0.0625,-0.125,0.125,30.6875,-29.375,-19.5625,-0.3962460458278656,-0.004760812036693096,0.007141217589378357,-0.9181042313575745,32963,1333
0,0.07000000029802322,-0.07999999821186066,9.720000267028809,0,0,0,30.6875,-29.375,-19.5625,-0.3962460458278656,-0.004760812036693096,0.007141217589378357,-0.9181042313575745,32971,1334
0,0.05999999865889549,-0.09000000357627869,9.739999771118164,-0.0625,0.0625,0.125,30.6875,-29.375,-19.5625,-0.3962460458278656,-0.004760812036693096,0.007141217589378357,-0.9181042313575745,32980,1335
0,0.03999999910593033,-0.07999999821186066,9.75,0.1875,-0.125,-0.0625,29.5,-29.75,-20.0625,-0.3962460458278656,-0.004760812036693096,0.007141217589378357,-0.9181042313575745,32993,1336
0,0.07000000029802322,-0.07999999821186066,9.760000228881836,0,0.0625,0,29.5,-29.75,-20.0625,-0.3962460458278656,-0.004760812036693096,0.007141217589378357,-0.9181042313575745,33003,1337
0,0.05000000074505806,-0.05000000074505806,9.729999542236328,0.0625,-0.125,0.1875,29.5,-29.75,-20.0625,-0.3962460458278656,-0.004760812036693096,0.007141217589378357,-0.9181042313575745,33013,1338
0,0.03999999910593033,-0.07999999821186066,9.739999771118164,0.0625,0,0.0625,29.5,-29.75,-20.0625,-0.3962460458278656,-0.004760812036693096,0.007141217589378357,-0.9181042313575745,33023,1339
0,0.05000000074505806,-0.05000000074505806,9.720000267028809,0.1875,-0.0625,0,29.5,-29.75,-20.0625,-0.3962460458278656,-0.004760812036693096,0.007141217589378357,-0.9181042313575745,33030,1340
0,0.029999999329447746,-0.07000000029802322,9.710000038146973,-0.0625,0.0625,0.0625,29.875,-30.1875,-19.5625,-0.3962460458278656,-0.004760812036693096,0.007141217589378357,-0.9181042313575745,33043,1341
0,0.05999999865889549,-0.09000000357627869,9.739999771118164,0.0625,-0.0625,0,29.875,-30.1875,-19.5625,-0.3962460458278656,-0.004760812036693096,0.007141217589378357,-0.9181042313575745,33053,1342
0,0.05999999865889549,-0.09000000357627869,9.739999771118164,0,0.0625,-0.0625,29.875,-30.1875,-19.5625,-0.3962460458278656,-0.004760812036693096,0.007141217589378357,-0.9181042313575745,33063,1343
0,0.05000000074505806,-0.09000000357627869,9.729999542236328,-0.125,0.125,-0.0625,29.875,-30.1875,-19.5625,-0.3962460458278656,-0.004760812036693096,0.007141217589378357,-0.9181042313575745,33072,1344
0,0.05000000074505806,-0.07999999821186066,9.710000038146973,-0.125,-0.0625,0.0625,29.875,-30.1875,-19.5625,-0.3962460458278656,-0.004760812036693096,0.007141217589378357,-0.9181042313575745,33080,1345
0,0.029999999329447746,-0.09000000357627869,9.739999771118164,0.0625,-0.0625,0,30.25,-29,-19.5625,-0.3962460458278656,-0.004760812036693096,0.007141217589378357,-0.9181042313575745,33093,1346
0,0.05999999865889549,-0.09000000357627869,9.739999771118164,0,-0.125,0.125,30.25,-29,-19.5625,-0.3962460458278656,-0.004760812036693096,0.007141217589378357,-0.9181042313575745,33103,1347
0,0.03999999910593033,-0.09000000357627869,9.729999542236328,-0.0625,0.1875,-0.0625,30.25,-29,-19.5625,-0.3962460458278656,-0.004760812036693096,0.007141217589378357,-0.9181042313575745,33113,1348
0,0.05000000074505806,-0.07000000029802322,9.75,0.0625,0,0,30.25,-29,-19.5625,-0.3962460458278656,-0.004760812036693096,0.007141217589378357,-0.9181042313575745,33123,1349
0,0.05999999865889549,-0.07999999821186066,9.779999732971191,0.0625,-0.0625,0.0625,30.25,-29,-19.5625,-0.3962460458278656,-0.004760812036693096,0.007141217589378357,-0.9181042313575745,33130,1350
0,0.03999999910593033,-0.07999999821186066,9.739999771118164,0,0.0625,-0.0625,29.5,-27.875,-19.25,-0.3962460458278656,-0.004760812036693096,0.007141217589378357,-0.9181042313575745,33143,1351
0,0.029999999329447746,-0.09000000357627869,9.760000228881836,-0.0625,0.125,0,29.5,-27.875,-19.25,-0.3962460458278656,-0.004760812036693096,0.007141217589378357,-0.9181042313575745,33153,1352
0,0.07000000029802322,-0.10000000149011612,9.739999771118164,0.0625,0,0.125,29.5,-27.875,-19.25,-0.3962460458278656,-0.004760812036693096,0.007141217589378357,-0.9181042313575745,33163,1353
0,0.05999999865889549,-0.09000000357627869,9.739999771118164,0,-0.125,0.0625,29.5,-27.875,-19.25,-0.3962460458278656,-0.004760812036693096,0.007141217589378357,-0.9181042313575745,33172,1354
0,0.05999999865889549,-0.07000000029802322,9.739999771118164,-0.0625,0.125,0,29.5,-27.875,-19.25,-0.3962460458278656,-0.004760812036693096,0.007141217589378357,-0.9181042313575745,33180,1355
0,0.05999999865889549,-0.07999999821186066,9.75,0,0.0625,0.0625,29.5,-25.6875,-20.0625,-0.3962460458278656,-0.004760812036693096,0.007141217589378357,-0.9181042313575745,33193,1356
0,0.05999999865889549,-0.07999999821186066,9.75,0,0,-0.0625,29.5,-25.6875,-20.0625,-0.3962460458278656,-0.004760812036693096,0.007141217589378357,-0.9181042313575745,33203,1357
0,0.05999999865889549,-0.09000000357627869,9.729999542236328,0,-0.0625,-0.0625,29.5,-25.6875,-20.0625,-0.3962460458278656,-0.004760812036693096,0.007141217589378357,-0.9181042313575745,33213,1358
0,0.03999999910593033,-0.07000000029802322,9.739999771118164,0,0,0,29.5,-25.6875,-20.0625,-0.3962460458278656,-0.004760812036693096,0.007141217589378357,-0.9181042313575745,33223,1359
0,0.05000000074505806,-0.07999999821186066,9.760000228881836,-0.0625,0.125,-0.0625,29.5,-25.6875,-20.0625,-0.3962460458278656,-0.004760812036693096,0.007141217589378357,-0.9181042313575745,33230,1360
0,0.05000000074505806,-0.09000000357627869,9.760000228881836,0.125,-0.1875,0.0625,31,-26,-18.75,-0.3962460458278656,-0.004760812036693096,0.007141217589378357,-0.9181042313575745,33243,1361
0,0.05999999865889549,-0.09000000357627869,9.770000457763672,0,-0.0625,0,31,-26,-18.75,-0.3962460458278656,-0.004760812036693096,0.007141217589378357,-0.9181042313575745,33253,1362
0,0.03999999910593033,-0.09000000357627869,9.729999542236328,0,0,0,31,-26,-18.75,-0.3962460458278656,-0.004760812036693096,0.007141217589378357,-0.9181042313575745,33263,1363
0,0.05000000074505806,-0.07999999821186066,9.739999771118164,0,0.125,-0.0625,31,-26,-18.75,-0.3962460458278656,-0.004760812036693096,0.007141217589378357,-0.9181042313575745,33272,1364
0,0.05999999865889549,-0.07000000029802322,9.739999771118164,-0.0625,-0.0625,0,31,-26,-18.75,-0.3962460458278656,-0.004760812036693096,0.007141217589378357,-0.9181042313575745,33280,1365
0,0.019999999552965164,-0.09000000357627869,9.760000228881836,0,0.125,-0.0625,29.875,-28.6875,-19.25,-0.3962460458278656,-0.004760812036693096,0.007141217589378357,-0.9181042313575745,33293,1366
0,0.05000000074505806,-0.07000000029802322,9.739999771118164,0,-0.0625,0.125,29.875,-28.6875,-19.25,-0.3962460458278656,-0.004760812036693096,0.007141217589378357,-0.9181042313575745,33303,1367
0,0.05000000074505806,-0.10000000149011612,9.720000267028809,0,0,0.0625,29.875,-28.6875,-19.25,-0.3962460458278656,-0.004760812036693096,0.007141217589378357,-0.9181042313575745,33313,1368
0,0.05000000074505806,-0.03999999910593033,9.75,0.125,-0.125,0.0625,29.875,-28.6875,-19.25,-0.3962460458278656,-0.004760812036693096,0.007141217589378357,-0.9181042313575745,33323,1369
0,0.07000000029802322,-0.07000000029802322,9.779999732971191,0,-0.125,0,29.875,-28.6875,-19.25,-0.3962460458278656,-0.004760812036693096,0.007141217589378357,-0.9181042313575745,33330,1370
0,0.05999999865889549,-0.09000000357627869,9.75,0.0625,-0.0625,0.0625,29.875,-27.5,-19.5625,-0.3962460458278656,-0.004760812036693096,0.007141217589378357,-0.9181042313575745,33343,1371
0,0.019999999552965164,-0.07000000029802322,9.779999732971191,0,0.0625,-0.0625,29.875,-27.5,-19.5625,-0.3962460458278656,-0.004760812036693096,0.007141217589378357,-0.9181042313575745,33353,1372
0,0.05000000074505806,-0.05999999865889549,9.720000267028809,0.0625,-0.0625,0.0625,29.875,-27.5,-19.5625,-0.3962460458278656,-0.004760812036693096,0.007141217589378357,-0.9181042313575745,33363,1373
0,0.05000000074505806,-0.09000000357627869,9.710000038146973,0,-0.1875,0.0625,29.875,-27.5,-19.5625,-0.3962460458278656,-0.004760812036693096,0.007141217589378357,-0.9181042313575745,33373,1374
0,0.07999999821186066,-0.09000000357627869,9.760000228881836,0.0625,-0.25,0,29.875,-27.5,-19.5625,-0.3962460458278656,-0.004760812036693096,0.007141217589378357,-0.9181042313575745,33380,1375
0,0.05999999865889549,-0.07999999821186066,9.739999771118164,0.125,-0.125,0.0625,29.5,-27.875,-18.5,-0.3962460458278656,-0.004760812036693096,0.007141217589378357,-0.9181042313575745,33393,1376
0,0.03999999910593033,-0.07000000029802322,9.729999542236328,0.125,-0.125,0.0625,29.5,-27.875,-18.5,-0.3962460458278656,-0.004760812036693096,0.007141217589378357,-0.9181042313575745,33403,1377
0,0.03999999910593033,-0.09000000357627869,9.710000038146973,-0.125,0.0625,0,29.5,-27.875,-18.5,-0.3962460458278656,-0.004760812036693096,0.007141217589378357,-0.9181042313575745,33413,1378
0,0.07000000029802322,-0.09000000357627869,9.729999542236328,-0.0625,-0.125,0.0625,29.5,-27.875,-18.5,-0.3962460458278656,-0.004760812036693096,0.007141217589378357,-0.9181042313575745,33423,1379
0,0.05000000074505806,-0.09000000357627869,9.729999542236328,-0.0625,-0.125,0.0625,29.5,-27.875,-18.5,-0.3962460458278656,-0.004760812036693096,0.007141217589378357,-0.9181042313575745,33430,1380
0,0.05000000074505806,-0.07000000029802322,9.760000228881836,-0.0625,0.3125,0,30.25,-27.875,-19.5625,-0.3962460458278656,-0.004760812036693096,0.007141217589378357,-0.9181042313575745,33443,1381
0,0.05000000074505806,-0.05999999865889549,9.75,0.125,0,0,30.25,-27.875,-19.5625,-0.3962460458278656,-0.004760812036693096,0.007141217589378357,-0.9181042313575745,33453,1382
0,0.07000000029802322,-0.07000000029802322,9.760000228881836,0.125,0,0,30.25,-27.875,-19.5625,-0.3962460458278656,-0.004760812036693096,0.007141217589378357,-0.9181042313575745,33463,1383
0,0.07000000029802322,-0.07999999821186066,9.760000228881836,0.125,-0.0625,0,30.25,-27.875,-19.5625,-0.3962460458278656,-0.004760812036693096,0.007141217589378357,-0.9181042313575745,33473,1384
0,0.03999999910593033,-0.09000000357627869,9.75,-0.0625,-0.125,0,30.25,-27.875,-19.5625,-0.3962460458278656,-0.004760812036693096,0.007141217589378357,-0.9181042313575745,33480,1385
0,0.07000000029802322,-0.07000000029802322,9.75,0.1875,0.0625,0.0625,30.25,-29,-19.25,-0.3962460458278656,-0.004760812036693096,0.007141217589378357,-0.9181042313575745,33493,1386
0,0.05000000074505806,-0.09000000357627869,9.760000228881836,-0.125,0.125,-0.0625,30.25,-29,-19.25,-0.3962460458278656,-0.004760812036693096,0.007141217589378357,-0.9181042313575745,33503,1387
0,0.05999999865889549,-0.07999999821186066,9.699999809265137,0,0,-0.0625,30.25,-29,-19.25,-0.3962460458278656,-0.004760812036693096,0.007141217589378357,-0.9181042313575745,33513,1388
0,0.05999999865889549,-0.07000000029802322,9.75,0.0625,-0.125,-0.0625,30.25,-29,-19.25,-0.3962460458278656,-0.004760812036693096,0.007141217589378357,-0.9181042313575745,33523,1389
0,0.05999999865889549,-0.07999999821186066,9.720000267028809,0.0625,-0.125,-0.0625,30.25,-29,-19.25,-0.3962460458278656,-0.004760812036693096,0.007141217589378357,-0.9181042313575745,33530,1390
0,0.05000000074505806,-0.05999999865889549,9.729999542236328,0.0625,-0.1875,0,29.5,-28.25,-19.25,-0.3962460458278656,-0.004760812036693096,0.007141217589378357,-0.9181042313575745,33543,1391
0,0.05999999865889549,-0.09000000357627869,9.75,0.125,0.125,0.125,29.5,-28.25,-19.25,-0.3962460458278656,-0.004760812036693096,0.007141217589378357,-0.9181042313575745,33553,1392
0,0.029999999329447746,-0.05999999865889549,9.729999542236328,0.125,0.1875,0,29.5,-28.25,-19.25,-0.3962460458278656,-0.004760812036693096,0.007141217589378357,-0.9181042313575745,33563,1393
0,0.05000000074505806,-0.07999999821186066,9.729999542236328,0.125,0.1875,0,29.5,-28.25,-19.25,-0.3962460458278656,-0.004760812036693096,0.007141217589378357,-0.9181042313575745,33573,1394
0,0.07000000029802322,-0.07999999821186066,9.779999732971191,0,0.125,0,29.5,-28.25,-19.25,-0.3962460458278656,-0.004760812036693096,0.007141217589378357,-0.9181042313575745,33580,1395
0,0.05999999865889549,-0.07999999821186066,9.720000267028809,-0.0625,0,0,29.5,-30.5,-18.75,-0.3962460458278656,-0.004760812036693096,0.007141217589378357,-0.9181042313575745,33593,1396
0,0.03999999910593033,-0.07999999821186066,9.729999542236328,0.125,0.0625,-0.0625,29.5,-30.5,-18.75,-0.3962460458278656,-0.004760812036693096,0.007141217589378357,-0.9181042313575745,33603,1397
0,0.03999999910593033,-0.07000000029802322,9.710000038146973,0.0625,-0.0625,0,29.5,-30.5,-18.75,-0.3962460458278656,-0.004760812036693096,0.007141217589378357,-0.9181042313575745,33613,1398
0,0.05999999865889549,-0.07999999821186066,9.710000038146973,0,0.1875,-0.0625,29.5,-30.5,-18.75,-0.3962460458278656,-0.004760812036693096,0.007141217589378357,-0.9181042313575745,33623,1399
0,0.05000000074505806,-0.07000000029802322,9.770000457763672,0,0.1875,-0.0625,29.5,-30.5,-18.75,-0.3962460458278656,-0.004760812036693096,0.007141217589378357,-0.9181042313575745,33630,1400
0,0.05000000074505806,-0.05999999865889549,9.75,-0.0625,-0.125,0,30.25,-29.375,-18.75,-0.3962460458278656,-0.004760812036693096,0.007141217589378357,-0.9181042313575745,33643,1401
0,0.05000000074505806,-0.07999999821186066,9.739999771118164,0,-0.125,-0.0625,30.25,-29.375,-18.75,-0.3962460458278656,-0.004760812036693096,0.007141217589378357,-0.9181042313575745,33653,1402
0,0.03999999910593033,-0.10000000149011612,9.720000267028809,0.125,-0.0625,0.125,30.25,-29.375,-18.75,-0.3962460458278656,-0.004760812036693096,0.007141217589378357,-0.9181042313575745,33663,1403
0,0.05999999865889549,-0.09000000357627869,9.729999542236328,0.125,-0.0625,0.125,30.25,-29.375,-18.75,-0.3962460458278656,-0.004760812036693096,0.007141217589378357,-0.9181042313575745,33673,1404
0,0.05999999865889549,-0.09000000357627869,9.710000038146973,0.0625,0,0,30.25,-29.375,-18.75,-0.3962460458278656,-0.004760812036693096,0.007141217589378357,-0.9181042313575745,33680,1405
0,0.05000000074505806,-0.07000000029802322,9.760000228881836,0,0,-0.0625,29.1875,-28.25,-18.5,-0.3962460458278656,-0.004760812036693096,0.007141217589378357,-0.9181042313575745,33693,1406
0,0.05999999865889549,-0.07000000029802322,9.760000228881836,-0.0625,0.125,-0.0625,29.1875,-28.25,-18.5,-0.3962460458278656,-0.004760812036693096,0.007141217589378357,-0.9181042313575745,33703,1407
0,0.03999999910593033,-0.09000000357627869,9.739999771118164,0,0.0625,-0.0625,29.1875,-28.25,-18.5,-0.3962460458278656,-0.004760812036693096,0.007141217589378357,-0.9181042313575745,33713,1408
0,0.05999999865889549,-0.09000000357627869,9.729999542236328,-0.0625,-0.125,-0.0625,29.1875,-28.25,-18.5,-0.3962460458278656,-0.004760812036693096,0.007141217589378357,-0.9181042313575745,33723,1409
0,0.05999999865889549,-0.07000000029802322,9.779999732971191,-0.0625,-0.125,-0.0625,29.1875,-28.25,-18.5,-0.3962460458278656,-0.004760812036693096,0.007141217589378357,-0.9181042313575745,33730,1410
0,0.07000000029802322,-0.07999999821186066,9.770000457763672,-0.0625,-0.0625,-0.125,30.6875,-29.375,-19.25,-0.3962460458278656,-0.004760812036693096,0.007141217589378357,-0.9181042313575745,33743,1411
0,0.07000000029802322,-0.07999999821186066,9.739999771118164,0.0625,-0.125,-0.0625,30.6875,-29.375,-19.25,-0.3962460458278656,-0.004760812036693096,0.007141217589378357,-0.9181042313575745,33753,1412
0,0.05000000074505806,-0.07000000029802322,9.729999542236328,0.0625,-0.0625,0,30.6875,-29.375,-19.25,-0.3962460458278656,-0.004760812036693096,0.007141217589378357,-0.9181042313575745,33763,1413
0,0.05000000074505806,-0.07999999821186066,9.729999542236328,0.0625,-0.125,0,30.6875,-29.375,-19.25,-0.3962460458278656,-0.004760812036693096,0.007141217589378357,-0.9181042313575745,33773,1414
0,0.05999999865889549,-0.07999999821186066,9.729999542236328,0.0625,-0.125,0,30.6875,-29.375,-19.25,-0.3962460458278656,-0.004760812036693096,0.007141217589378357,-0.9181042313575745,33781,1415
0,0.03999999910593033,-0.09000000357627869,9.770000457763672,0,0,0,29.5,-30.1875,-20.0625,-0.3962460458278656,-0.004760812036693096,0.007141217589378357,-0.9181042313575745,33793,1416
0,0.03999999910593033,-0.05999999865889549,9.75,0,-0.25,0,29.5,-30.1875,-20.0625,-0.3962460458278656,-0.004760812036693096,0.007141217589378357,-0.9181042313575745,33803,1417
0,0.03999999910593033,-0.07999999821186066,9.729999542236328,-0.1875,0,-0.0625,29.5,-30.1875,-20.0625,-0.3962460458278656,-0.004760812036693096,0.007141217589378357,-0.9181042313575745,33813,1418
0,0.05000000074505806,-0.09000000357627869,9.760000228881836,-0.0625,0,0,29.5,-30.1875,-20.0625,-0.3962460458278656,-0.004760812036693096,0.007141217589378357,-0.9181042313575745,33823,1419
0,0.05000000074505806,-0.07000000029802322,9.739999771118164,-0.0625,0,0,29.5,-30.1875,-20.0625,-0.3962460458278656,-0.004760812036693096,0.007141217589378357,-0.9181042313575745,33831,1420
0,0.07000000029802322,-0.07999999821186066,9.770000457763672,0.125,0,0,31,-29,-18.875,-0.3962460458278656,-0.004760812036693096,0.007141217589378357,-0.9181042313575745,33843,1421
0,0.05999999865889549,-0.09000000357627869,9.720000267028809,-0.0625,-0.125,0.0625,31,-29,-18.875,-0.3962460458278656,-0.004760812036693096,0.007141217589378357,-0.9181042313575745,33853,1422
0,0.05000000074505806,-0.07000000029802322,9.729999542236328,0,0,-0.0625,31,-29,-18.875,-0.3962460458278656,-0.004760812036693096,0.007141217589378357,-0.9181042313575745,33863,1423
0,0.029999999329447746,-0.07000000029802322,9.75,0.125,-0.25,0.125,31,-29,-18.875,-0.3962460458278656,-0.004760812036693096,0.007141217589378357,-0.9181042313575745,33873,1424
0,0.03999999910593033,-0.09000000357627869,9.75,0.125,-0.25,0.125,31,-29,-18.875,-0.3962460458278656,-0.004760812036693096,0.007141217589378357,-0.9181042313575745,33880,1425
0,0.05999999865889549,-0.10000000149011612,9.779999732971191,0,-0.0625,0.125,31,-30.1875,-18.5,-0.3962460458278656,-0.004760812036693096,0.007141217589378357,-0.9181042313575745,33893,1426
0,0.05999999865889549,-0.09000000357627869,9.739999771118164,0.0625,0,-0.0625,31,-30.1875,-18.5,-0.3962460458278656,-0.004760812036693096,0.007141217589378357,-0.9181042313575745,33903,1427
0,0.05999999865889549,-0.09000000357627869,9.739999771118164,0,0,0,31,-30.1875,-18.5,-0.3962460458278656,-0.004760812036693096,0.007141217589378357,-0.9181042313575745,33913,1428
0,0.05000000074505806,-0.07999999821186066,9.75,0,0,0,31,-30.1875,-18.5,-0.3962460458278656,-0.004760812036693096,0.007141217589378357,-0.9181042313575745,33923,1429
0,0.05999999865889549,-0.10000000149011612,9.739999771118164,0,0,0,31,-30.1875,-18.5,-0.3962460458278656,-0.004760812036693096,0.007141217589378357,-0.9181042313575745,33931,1430
0,0.05000000074505806,-0.10000000149011612,9.75,0.0625,-0.0625,0,29.5,-29,-19.25,-0.3962460458278656,-0.004760812036693096,0.007141217589378357,-0.9181042313575745,33943,1431
0,0.03999999910593033,-0.07999999821186066,9.739999771118164,0.0625,0.0625,0,29.5,-29,-19.25,-0.3962460458278656,-0.004760812036693096,0.007141217589378357,-0.9181042313575745,33953,1432
0,0.07000000029802322,-0.07000000029802322,9.710000038146973,0.125,0.0625,0.0625,29.5,-29,-19.25,-0.3962460458278656,-0.004760812036693096,0.007141217589378357,-0.9181042313575745,33963,1433
0,0.05999999865889549,-0.07999999821186066,9.75,0.0625,0,0.1875,29.5,-29,-19.25,-0.3962460458278656,-0.004760812036693096,0.007141217589378357,-0.9181042313575745,33973,1434
0,0.07999999821186066,-0.10000000149011612,9.739999771118164,0.0625,0,0.1875,29.5,-29,-19.25,-0.3962460458278656,-0.004760812036693096,0.007141217589378357,-0.9181042313575745,33981,1435
0,0.05999999865889549,-0.05999999865889549,9.760000228881836,-0.0625,0.3125,0.125,29.875,-28.6875,-18.0625,-0.3962460458278656,-0.004760812036693096,0.007141217589378357,-0.9181042313575745,33993,1436
0,0.05000000074505806,-0.07000000029802322,9.729999542236328,0.125,0.25,0.0625,29.875,-28.6875,-18.0625,-0.3962460458278656,-0.004760812036693096,0.007141217589378357,-0.9181042313575745,34003,1437
0,0.029999999329447746,-0.07999999821186066,9.75,0.125,0,0.0625,29.875,-28.6875,-18.0625,-0.3962460458278656,-0.004760812036693096,0.007141217589378357,-0.9181042313575745,34013,1438
0,0.03999999910593033,-0.09000000357627869,9.739999771118164,0.125,0.125,0.0625,29.875,-28.6875,-18.0625,-0.3962460458278656,-0.004760812036693096,0.007141217589378357,-0.9181042313575745,34023,1439
0,0.07999999821186066,-0.07000000029802322,9.75,0.125,0.125,0.0625,29.875,-28.6875,-18.0625,-0.3962460458278656,-0.004760812036693096,0.007141217589378357,-0.9181042313575745,34031,1440
0,0.029999999329447746,-0.07000000029802322,9.75,-0.125,0,0,30.25,-29.375,-18.5,-0.3962460458278656,-0.004760812036693096,0.007141217589378357,-0.9181042313575745,34043,1441
0,0.05999999865889549,-0.09000000357627869,9.720000267028809,0,0.0625,0.0625,30.25,-29.375,-18.5,-0.3962460458278656,-0.004760812036693096,0.007141217589378357,-0.9181042313575745,34053,1442
0,0.03999999910593033,-0.09000000357627869,9.710000038146973,0,0,0.125,30.25,-29.375,-18.5,-0.3962460458278656,-0.004760812036693096,0.007141217589378357,-0.9181042313575745,34063,1443
0,0.05000000074505806,-0.05999999865889549,9.729999542236328,0,0,0,30.25,-29.375,-18.5,-0.3962460458278656,-0.004760812036693096,0.007141217589378357,-0.9181042313575745,34073,1444
0,0.05999999865889549,-0.05999999865889549,9.729999542236328,0,0,0,30.25,-29.375,-18.5,-0.3962460458278656,-0.004760812036693096,0.007141217589378357,-0.9181042313575745,34081,1445
0,0.03999999910593033,-0.10000000149011612,9.760000228881836,-0.0625,0.0625,-0.0625,29.1875,-29,-19.25,-0.3962460458278656,-0.004760812036693096,0.007141217589378357,-0.9181042313575745,34093,1446
0,0.05000000074505806,-0.09000000357627869,9.739999771118164,0,0.0625,0.125,29.1875,-29,-19.25,-0.3962460458278656,-0.004760812036693096,0.007141217589378357,-0.9181042313575745,34103,1447
0,0.05000000074505806,-0.10000000149011612,9.720000267028809,0.0625,-0.125,0.0625,29.1875,-29,-19.25,-0.3962460458278656,-0.004760812036693096,0.007141217589378357,-0.9181042313575745,34113,1448
0,0.03999999910593033,-0.07000000029802322,9.710000038146973,0.125,0,0.0625,29.1875,-29,-19.25,-0.3962460458278656,-0.004760812036693096,0.007141217589378357,-0.9181042313575745,34123,1449
0,0.05999999865889549,-0.07000000029802322,9.760000228881836,0.125,0,0.0625,29.1875,-29,-19.25,-0.3962460458278656,-0.004760812036693096,0.007141217589378357,-0.9181042313575745,34131,1450
0,0.07000000029802322,-0.05999999865889549,9.739999771118164,-0.0625,0.125,-0.0625,29.5,-29.75,-18.0625,-0.3962460458278656,-0.004760812036693096,0.007141217589378357,-0.9181042313575745,34143,1451
0,0.05000000074505806,-0.07999999821186066,9.710000038146973,-0.0625,0.125,0,29.5,-29.75,-18.0625,-0.3962460458278656,-0.004760812036693096,0.007141217589378357,-0.9181042313575745,34153,1452
0,0.05000000074505806,-0.09000000357627869,9.729999542236328,0.125,-0.125,-0.125,29.5,-29.75,-18.0625,-0.3962460458278656,-0.004760812036693096,0.007141217589378357,-0.9181042313575745,34163,1453
0,0.05000000074505806,-0.07000000029802322,9.729999542236328,0,0.1875,0,29.5,-29.75,-18.0625,-0.3962460458278656,-0.004760812036693096,0.007141217589378357,-0.9181042313575745,34173,1454
0,0.05000000074505806,-0.07999999821186066,9.75,0,0.1875,0,29.5,-29.75,-18.0625,-0.3962460458278656,-0.004760812036693096,0.007141217589378357,-0.9181042313575745,34181,1455
0,0.05000000074505806,-0.07000000029802322,9.739999771118164,0,0.1875,0,29.1875,-30.1875,-19.5625,-0.3962460458278656,-0.004760812036693096,0.007141217589378357,-0.9181042313575745,34193,1456
0,0.05000000074505806,-0.07000000029802322,9.75,0,0.125,0.0625,29.1875,-30.1875,-19.5625,-0.3962460458278656,-0.004760812036693096,0.007141217589378357,-0.9181042313575745,34203,1457
0,0.05000000074505806,-0.09000000357627869,9.729999542236328,0,0.125,0,29.1875,-30.1875,-19.5625,-0.3962460458278656,-0.004760812036693096,0.007141217589378357,-0.9181042313575745,34213,1458
0,0.029999999329447746,-0.07000000029802322,9.710000038146973,-0.0625,-0.0625,0,29.1875,-30.1875,-19.5625,-0.3962460458278656,-0.004760812036693096,0.007141217589378357,-0.9181042313575745,34223,1459
0,0.05999999865889549,-0.05999999865889549,9.770000457763672,-0.0625,-0.0625,0,29.1875,-30.1875,-19.5625,-0.3962460458278656,-0.004760812036693096,0.007141217589378357,-0.9181042313575745,34231,1460
0,0.05999999865889549,-0.09000000357627869,9.770000457763672,0,0,0.0625,29.875,-31.25,-18.75,-0.3962460458278656,-0.004760812036693096,0.007141217589378357,-0.9181042313575745,34242,1461
0,0.05000000074505806,-0.09000000357627869,9.729999542236328,0,-0.0625,0,29.875,-31.25,-18.75,-0.3962460458278656,-0.004760812036693096,0.007141217589378357,-0.9181042313575745,34252,1462
0,0.05000000074505806,-0.07000000029802322,9.699999809265137,0,-0.1875,0,29.875,-31.25,-18.75,-0.3962460458278656,-0.004760812036693096,0.007141217589378357,-0.9181042313575745,34262,1463
0,0.05000000074505806,-0.07999999821186066,9.739999771118164,0.0625,0.1875,0,29.875,-31.25,-18.75,-0.3962460458278656,-0.004760812036693096,0.007141217589378357,-0.9181042313575745,34273,1464
0,0.03999999910593033,-0.10000000149011612,9.75,0.0625,0.1875,0,29.875,-31.25,-18.75,-0.3962460458278656,-0.004760812036693096,0.007141217589378357,-0.9181042313575745,34281,1465
0,0.03999999910593033,-0.09000000357627869,9.75,-0.0625,0.25,0,30.25,-31.25,-18.75,-0.3962460458278656,-0.004760812036693096,0.007141217589378357,-0.9181042313575745,34292,1466
0,0.05000000074505806,-0.09000000357627869,9.75,0.125,0.0625,-0.0625,30.25,-31.25,-18.75,-0.3962460458278656,-0.004760812036693096,0.007141217589378357,-0.9181042313575745,34302,1467
0,0.029999999329447746,-0.07999999821186066,9.729999542236328,0.0625,0.0625,0.0625,30.25,-31.25,-18.75,-0.3962460458278656,-0.004760812036693096,0.007141217589378357,-0.9181042313575745,34312,1468
0,0.05999999865889549,-0.05999999865889549,9.729999542236328,-0.0625,0.125,0.0625,30.25,-31.25,-18.75,-0.3962460458278656,-0.004760812036693096,0.007141217589378357,-0.9181042313575745,34322,1469
0,0.05000000074505806,-0.07999999821186066,9.720000267028809,-0.0625,0.125,0.0625,30.25,-31.25,-18.75,-0.3962460458278656,-0.004760812036693096,0.007141217589378357,-0.9181042313575745,34331,1470
0,0.03999999910593033,-0.09000000357627869,9.75,0,0,0,29.875,-30.5,-18.5,-0.3962460458278656,-0.004760812036693096,0.007141217589378357,-0.9181042313575745,34342,1471
0,0.07000000029802322,-0.10000000149011612,9.739999771118164,0.0625,-0.0625,0,29.875,-30.5,-18.5,-0.3962460458278656,-0.004760812036693096,0.007141217589378357,-0.9181042313575745,34352,1472
0,0.07000000029802322,-0.10000000149011612,9.760000228881836,0,-0.0625,0.0625,29.875,-30.5,-18.5,-0.3962460458278656,-0.004760812036693096,0.007141217589378357,-0.9181042313575745,34362,1473
0,0.03999999910593033,-0.07999999821186066,9.710000038146973,-0.0625,0.0625,0.0625,29.875,-30.5,-18.5,-0.3962460458278656,-0.004760812036693096,0.007141217589378357,-0.9181042313575745,34372,1474
0,0.05999999865889549,-0.09000000357627869,9.75,-0.0625,0.0625,0.0625,29.875,-30.5,-18.5,-0.3962460458278656,-0.004760812036693096,0.007141217589378357,-0.9181042313575745,34381,1475
0,0.05000000074505806,-0.07999999821186066,9.720000267028809,0,-0.1875,0.125,29.5,-24.875,-18.5,-0.3962460458278656,-0.004760812036693096,0.007141217589378357,-0.9181042313575745,34392,1476
0,0.05000000074505806,-0.07999999821186066,9.739999771118164,0,0.1875,0.0625,29.5,-24.875,-18.5,-0.3962460458278656,-0.004760812036693096,0.007141217589378357,-0.9181042313575745,34402,1477
0,0.05000000074505806,-0.05999999865889549,9.720000267028809,0,-0.1875,-0.0625,29.5,-24.875,-18.5,-0.3962460458278656,-0.004760812036693096,0.007141217589378357,-0.9181042313575745,34412,1478
0,0.07000000029802322,-0.07000000029802322,9.760000228881836,-0.125,0.125,0,29.5,-24.875,-18.5,-0.3962460458278656,-0.004760812036693096,0.007141217589378357,-0.9181042313575745,34422,1479
0,0.05999999865889549,-0.07000000029802322,9.75,-0.125,0.125,0,29.5,-24.875,-18.5,-0.3962460458278656,-0.004760812036693096,0.007141217589378357,-0.9181042313575745,34431,1480
0,0.03999999910593033,-0.07999999821186066,9.729999542236328,-0.0625,-0.0625,0.0625,29.875,-30.5,-18.5,-0.3962460458278656,-0.004760812036693096,0.007141217589378357,-0.9181042313575745,34442,1481
0,0.03999999910593033,-0.10000000149011612,9.729999542236328,0.0625,0.0625,-0.125,29.875,-30.5,-18.5,-0.3962460458278656,-0.004760812036693096,0.007141217589378357,-0.9181042313575745,34452,1482
0,0.03999999910593033,-0.07999999821186066,9.720000267028809,-0.0625,0.0625,0,29.875,-30.5,-18.5,-0.3962460458278656,-0.004760812036693096,0.007141217589378357,-0.9181042313575745,34462,1483
0,0.05000000074505806,-0.07999999821186066,9.720000267028809,0.0625,0.125,0.0625,29.875,-30.5,-18.5,-0.3962460458278656,-0.004760812036693096,0.007141217589378357,-0.9181042313575745,34472,1484
0,0.05999999865889549,-0.07999999821186066,9.75,0.0625,0.125,0.0625,29.875,-30.5,-18.5,-0.3962460458278656,-0.004760812036693096,0.007141217589378357,-0.9181042313575745,34481,1485
0,0.05000000074505806,-0.09000000357627869,9.760000228881836,0.0625,0.0625,0,29.5,-31.6875,-19.25,-0.3962460458278656,-0.004760812036693096,0.007141217589378357,-0.9181042313575745,34492,1486
0,0.05999999865889549,-0.07999999821186066,9.720000267028809,0,-0.0625,0.0625,29.5,-31.6875,-19.25,-0.3962460458278656,-0.004760812036693096,0.007141217589378357,-0.9181042313575745,34502,1487
0,0.05000000074505806,-0.05999999865889549,9.729999542236328,0.25,-0.1875,0.0625,29.5,-31.6875,-19.25,-0.3962460458278656,-0.004760812036693096,0.007141217589378357,-0.9181042313575745,34512,1488
0,0.07000000029802322,-0.07000000029802322,9.760000228881836,0,-0.1875,0.0625,29.5,-31.6875,-19.25,-0.3962460458278656,-0.004760812036693096,0.007141217589378357,-0.9181042313575745,34522,1489
0,0.05000000074505806,-0.09000000357627869,9.739999771118164,0,-0.125,0.0625,29.5,-31.6875,-19.25,-0.3962460458278656,-0.004760812036693096,0.007141217589378357,-0.9181042313575745,34531,1490
0,0.03999999910593033,-0.09000000357627869,9.739999771118164,0.0625,-0.0625,-0.0625,30.25,-30.1875,-19.5625,-0.3962460458278656,-0.004760812036693096,0.007141217589378357,-0.9181042313575745,34542,1491
0,0.029999999329447746,-0.09000000357627869,9.770000457763672,0.0625,-0.125,0.0625,30.25,-30.1875,-19.5625,-0.3962460458278656,-0.004760812036693096,0.007141217589378357,-0.9181042313575745,34552,1492
0,0.05999999865889549,-0.07999999821186066,9.710000038146973,0,0.1875,-0.0625,30.25,-30.1875,-19.5625,-0.3962460458278656,-0.004760812036693096,0.007141217589378357,-0.9181042313575745,34562,1493
0,0.03999999910593033,-0.07000000029802322,9.720000267028809,-0.0625,-0.1875,0,30.25,-30.1875,-19.5625,-0.3962460458278656,-0.004760812036693096,0.007141217589378357,-0.9181042313575745,34572,1494
0,0.05000000074505806,-0.07999999821186066,9.75,0.125,0.125,-0.0625,30.25,-30.1875,-19.5625,-0.3962460458278656,-0.004760812036693096,0.007141217589378357,-0.9181042313575745,34581,1495
0,0.03999999910593033,-0.07999999821186066,9.729999542236328,-0.1875,0.0625,0.0625,29.5,-29.375,-18.5,-0.3962460458278656,-0.004760812036693096,0.007141217589378357,-0.9181042313575745,34592,1496
0,0.03999999910593033,-0.07999999821186066,9.75,0,0.3125,0.0625,29.5,-29.375,-18.5,-0.3962460458278656,-0.004760812036693096,0.007141217589378357,-0.9181042313575745,34602,1497
0,0.05999999865889549,-0.07999999821186066,9.739999771118164,-0.0625,0.3125,-0.0625,29.5,-29.375,-18.5,-0.3962460458278656,-0.004760812036693096,0.007141217589378357,-0.9181042313575745,34612,1498
0,0.07000000029802322,-0.09000000357627869,9.710000038146973,0,-0.0625,0.0625,29.5,-29.375,-18.5,-0.3962460458278656,-0.004760812036693096,0.007141217589378357,-0.9181042313575745,34622,1499
0,0.03999999910593033,-0.07999999821186066,9.760000228881836,-0.0625,0.25,-0.0625,29.5,-29.375,-18.5,-0.3962460458278656,-0.004760812036693096,0.007141217589378357,-0.9181042313575745,34631,1500
0,0.05999999865889549,-0.10000000149011612,9.760000228881836,0,-0.0625,-0.0625,30.25,-28.6875,-18.5,-0.3962460458278656,-0.004760812036693096,0.007141217589378357,-0.9181042313575745,34642,1501
0,0.05000000074505806,-0.07000000029802322,9.710000038146973,0.0625,0.125,0.0625,30.25,-28.6875,-18.5,-0.3962460458278656,-0.004760812036693096,0.007141217589378357,-0.9181042313575745,34652,1502
0,0.05999999865889549,-0.07000000029802322,9.729999542236328,0.0625,0.125,0.0625,30.25,-28.6875,-18.5,-0.3962460458278656,-0.004760812036693096,0.007141217589378357,-0.9181042313575745,34662,1503
0,0.05000000074505806,-0.07000000029802322,9.760000228881836,0.125,0.125,0.0625,30.25,-28.6875,-18.5,-0.3962460458278656,-0.004760812036693096,0.007141217589378357,-0.9181042313575745,34672,1504
0,0.05999999865889549,-0.10000000149011612,9.75,0,0.125,0,30.25,-28.6875,-18.5,-0.3962460458278656,-0.004760812036693096,0.007141217589378357,-0.9181042313575745,34681,1505
0,0.05999999865889549,-0.10000000149011612,9.779999732971191,0,0.125,0,29.1875,-28.6875,-18.75,-0.3962460458278656,-0.004760812036693096,0.007141217589378357,-0.9181042313575745,34692,1506
0,0.05000000074505806,-0.09000000357627869,9.75,-0.0625,0.0625,0.0625,29.1875,-28.6875,-18.75,-0.3962460458278656,-0.004760812036693096,0.007141217589378357,-0.9181042313575745,34702,1507
0,0.05999999865889549,-0.10000000149011612,9.720000267028809,0.125,-0.1875,0.0625,29.1875,-28.6875,-18.75,-0.3962460458278656,-0.004760812036693096,0.007141217589378357,-0.9181042313575745,34712,1508
0,0.03999999910593033,-0.09000000357627869,9.75,0.125,-0.1875,0.0625,29.1875,-28.6875,-18.75,-0.3962460458278656,-0.004760812036693096,0.007141217589378357,-0.9181042313575745,34722,1509
0,0.05000000074505806,-0.07999999821186066,9.760000228881836,-0.0625,0,0,29.1875,-28.6875,-18.75,-0.3962460458278656,-0.004760812036693096,0.007141217589378357,-0.9181042313575745,34731,1510
0,0.03999999910593033,-0.07999999821186066,9.75,-0.0625,0,0,30.25,-29.375,-18.75,-0.3962460458278656,-0.004760812036693096,0.007141217589378357,-0.9181042313575745,34742,1511
0,0.05999999865889549,-0.07999999821186066,9.739999771118164,-0.0625,0.125,-0.0625,30.25,-29.375,-18.75,-0.3962460458278656,-0.004760812036693096,0.007141217589378357,-0.9181042313575745,34752,1512
0,0.05999999865889549,-0.07999999821186066,9.720000267028809,0,0,0.0625,30.25,-29.375,-18.75,-0.3962460458278656,-0.004760812036693096,0.007141217589378357,-0.9181042313575745,34762,1513
0,0.05000000074505806,-0.09000000357627869,9.720000267028809,0.125,0.125,0,30.25,-29.375,-18.75,-0.3962460458278656,-0.004760812036693096,0.007141217589378357,-0.9181042313575745,34772,1514
0,0.07999999821186066,-0.10000000149011612,9.729999542236328,-0.0625,0.0625,0.0625,30.25,-29.375,-18.75,-0.3962460458278656,-0.004760812036693096,0.007141217589378357,-0.9181042313575745,34781,1515
0,0.05999999865889549,-0.07000000029802322,9.729999542236328,-0.0625,0.1875,-0.0625,30.25,-26.75,-18.5,-0.3962460458278656,-0.004760812036693096,0.007141217589378357,-0.9181042313575745,34792,1516
0,0.05999999865889549,-0.09000000357627869,9.710000038146973,-0.0625,-0.0625,0,30.25,-26.75,-18.5,-0.3962460458278656,-0.004760812036693096,0.007141217589378357,-0.9181042313575745,34802,1517
0,0.07000000029802322,-0.07999999821186066,9.729999542236328,0.0625,0.0625,0,30.25,-26.75,-18.5,-0.3962460458278656,-0.004760812036693096,0.007141217589378357,-0.9181042313575745,34812,1518
0,0.03999999910593033,-0.07000000029802322,9.739999771118164,0,0,-0.0625,30.25,-26.75,-18.5,-0.3962460458278656,-0.004760812036693096,0.007141217589378357,-0.9181042313575745,34822,1519
0,0.05000000074505806,-0.05000000074505806,9.75,0,0.0625,0.0625,30.25,-26.75,-18.5,-0.3962460458278656,-0.004760812036693096,0.007141217589378357,-0.9181042313575745,34831,1520
0,0.05000000074505806,-0.07000000029802322,9.760000228881836,0.125,0,0,29.875,-19.25,-17.25,-0.3962460458278656,-0.004760812036693096,0.007141217589378357,-0.9181042313575745,34842,1521
0,0.05000000074505806,-0.07000000029802322,9.760000228881836,0,0.125,0,29.875,-19.25,-17.25,-0.3962460458278656,-0.004760812036693096,0.007141217589378357,-0.9181042313575745,34852,1522
0,0.05000000074505806,-0.07999999821186066,9.699999809265137,-0.0625,-0.0625,0,29.875,-19.25,-17.25,-0.3962460458278656,-0.004760812036693096,0.007141217589378357,-0.9181042313575745,34862,1523
0,0.07000000029802322,-0.07999999821186066,9.720000267028809,-0.125,0.125,-0.0625,29.875,-19.25,-17.25,-0.3962460458278656,-0.004760812036693096,0.007141217589378357,-0.9181042313575745,34872,1524
0,0.07000000029802322,-0.09000000357627869,9.729999542236328,-0.0625,-0.0625,0.0625,29.875,-19.25,-17.25,-0.3962460458278656,-0.004760812036693096,0.007141217589378357,-0.9181042313575745,34881,1525
0,0.05000000074505806,-0.10000000149011612,9.760000228881836,-0.0625,0,-0.0625,30.6875,-29,-18.75,-0.3962460458278656,-0.004760812036693096,0.007141217589378357,-0.9181042313575745,34892,1526
0,0.05999999865889549,-0.09000000357627869,9.710000038146973,0.125,0,-0.0625,30.6875,-29,-18.75,-0.3962460458278656,-0.004760812036693096,0.007141217589378357,-0.9181042313575745,34902,1527
0,0.03999999910593033,-0.09000000357627869,9.75,-0.0625,0,0,30.6875,-29,-18.75,-0.3962460458278656,-0.004760812036693096,0.007141217589378357,-0.9181042313575745,34912,1528
0,0.05999999865889549,-0.10000000149011612,9.729999542236328,0.0625,0.25,0.0625,30.6875,-29,-18.75,-0.3962460458278656,-0.004760812036693096,0.007141217589378357,-0.9181042313575745,34922,1529
0,0.07000000029802322,-0.07000000029802322,9.760000228881836,-0.1875,-0.125,-0.0625,30.6875,-29,-18.75,-0.3962460458278656,-0.004760812036693096,0.007141217589378357,-0.9181042313575745,34931,1530
0,0.07000000029802322,-0.10000000149011612,9.770000457763672,0,-0.0625,0,31,-29.75,-20.0625,-0.3962460458278656,-0.004760812036693096,0.007141217589378357,-0.9181042313575745,34942,1531
0,0.03999999910593033,-0.09000000357627869,9.75,0.0625,0,-0.0625,31,-29.75,-20.0625,-0.3962460458278656,-0.004760812036693096,0.007141217589378357,-0.9181042313575745,34952,1532
0,0.03999999910593033,-0.09000000357627869,9.729999542236328,-0.125,0.0625,-0.0625,31,-29.75,-20.0625,-0.3962460458278656,-0.004760812036693096,0.007141217589378357,-0.9181042313575745,34962,1533
0,0.05000000074505806,-0.05999999865889549,9.729999542236328,0.125,0.125,0,31,-29.75,-20.0625,-0.3962460458278656,-0.004760812036693096,0.007141217589378357,-0.9181042313575745,34972,1534
0,0.05000000074505806,-0.10999999940395355,9.729999542236328,0.125,0.0625,0.0625,30.6875,-30.5,-19.25,-0.3962460458278656,-0.004760812036693096,0.007141217589378357,-0.9181042313575745,34981,1535
0,0.05000000074505806,-0.09000000357627869,9.729999542236328,0.0625,-0.1875,0.0625,30.6875,-30.5,-19.25,-0.3962460458278656,-0.004760812036693096,0.007141217589378357,-0.9181042313575745,34992,1536
0,0.05000000074505806,-0.09000000357627869,9.75,0,-0.1875,0.0625,30.6875,-30.5,-19.25,-0.3962460458278656,-0.004760812036693096,0.007141217589378357,-0.9181042313575745,35002,1537
0,0.05999999865889549,-0.07000000029802322,9.75,0,-0.1875,0.0625,30.6875,-30.5,-19.25,-0.3962460458278656,-0.004760812036693096,0.007141217589378357,-0.9181042313575745,35012,1538
0,0.05000000074505806,-0.07999999821186066,9.770000457763672,-0.125,0.125,0.0625,30.6875,-30.5,-19.25,-0.3962460458278656,-0.004760812036693096,0.007141217589378357,-0.9181042313575745,35022,1539
0,0.07000000029802322,-0.07999999821186066,9.770000457763672,0,-0.125,0,29.875,-29.75,-18.5,-0.3962460458278656,-0.004760812036693096,0.007141217589378357,-0.9181042313575745,35031,1540
0,0.05000000074505806,-0.07000000029802322,9.720000267028809,0.125,0,0,29.875,-29.75,-18.5,-0.3962460458278656,-0.004760812036693096,0.007141217589378357,-0.9181042313575745,35042,1541
0,0.03999999910593033,-0.07999999821186066,9.739999771118164,0.0625,0.0625,-0.0625,29.875,-29.75,-18.5,-0.3962460458278656,-0.004760812036693096,0.007141217589378357,-0.9181042313575745,35052,1542
0,0.05000000074505806,-0.10000000149011612,9.739999771118164,-0.0625,0.3125,0,29.875,-29.75,-18.5,-0.3962460458278656,-0.004760812036693096,0.007141217589378357,-0.9181042313575745,35062,1543
0,0.05000000074505806,-0.07000000029802322,9.770000457763672,0.0625,0.125,0,29.875,-29.75,-18.5,-0.3962460458278656,-0.004760812036693096,0.007141217589378357,-0.9181042313575745,35072,1544
0,0.05999999865889549,-0.07000000029802322,9.739999771118164,0.125,0,-0.0625,29.5,-29.75,-18.5,-0.3962460458278656,-0.004760812036693096,0.007141217589378357,-0.9181042313575745,35081,1545
0,0.03999999910593033,-0.07000000029802322,9.729999542236328,0.125,0,0,29.5,-29.75,-18.5,-0.3962460458278656,-0.004760812036693096,0.007141217589378357,-0.9181042313575745,35092,1546
0,0.05999999865889549,-0.10000000149011612,9.739999771118164,0.0625,0.125,0.0625,29.5,-29.75,-18.5,-0.3962460458278656,-0.004760812036693096,0.007141217589378357,-0.9181042313575745,35102,1547
0,0.05000000074505806,-0.09000000357627869,9.710000038146973,0.0625,-0.125,0,29.5,-29.75,-18.5,-0.3962460458278656,-0.004760812036693096,0.007141217589378357,-0.9181042313575745,35112,1548
0,0.05000000074505806,-0.10000000149011612,9.739999771118164,0.125,-0.125,0.0625,29.5,-29.75,-18.5,-0.3962460458278656,-0.004760812036693096,0.007141217589378357,-0.9181042313575745,35122,1549
0,0.05000000074505806,-0.07000000029802322,9.739999771118164,0.0625,0.1875,0,29.5,-31.25,-19.25,-0.3962460458278656,-0.004760812036693096,0.007141217589378357,-0.9181042313575745,35131,1550
0,0.07000000029802322,-0.07999999821186066,9.729999542236328,0,-0.125,0,29.5,-31.25,-19.25,-0.3962460458278656,-0.004760812036693096,0.007141217589378357,-0.9181042313575745,35141,1551
0,0.07999999821186066,-0.07999999821186066,9.739999771118164,0,-0.1875,0,29.5,-31.25,-19.25,-0.3962460458278656,-0.004760812036693096,0.007141217589378357,-0.9181042313575745,35151,1552
0,0.05000000074505806,-0.07999999821186066,9.720000267028809,0.0625,-0.0625,0,29.5,-31.25,-19.25,-0.3962460458278656,-0.004760812036693096,0.007141217589378357,-0.9181042313575745,35161,1553
0,0.05000000074505806,-0.07999999821186066,9.75,0,0.125,0,29.5,-31.25,-19.25,-0.3962460458278656,-0.004760812036693096,0.007141217589378357,-0.9181042313575745,35172,1554
0,0.03999999910593033,-0.07999999821186066,9.739999771118164,0.0625,0.125,-0.0625,29.875,-30.875,-19.5625,-0.3962460458278656,-0.004760812036693096,0.007141217589378357,-0.9181042313575745,35181,1555
0,0.05999999865889549,-0.07999999821186066,9.770000457763672,0.125,0.125,0,29.875,-30.875,-19.5625,-0.3962460458278656,-0.004760812036693096,0.007141217589378357,-0.9181042313575745,35191,1556
0,0.05000000074505806,-0.07000000029802322,9.729999542236328,-0.0625,0,0.0625,29.875,-30.875,-19.5625,-0.3962460458278656,-0.004760812036693096,0.007141217589378357,-0.9181042313575745,35201,1557
0,0.05999999865889549,-0.07999999821186066,9.710000038146973,-0.0625,-0.0625,0,29.875,-30.875,-19.5625,-0.3962460458278656,-0.004760812036693096,0.007141217589378357,-0.9181042313575745,35211,1558
0,0.07000000029802322,-0.07000000029802322,9.710000038146973,0,0.125,-0.0625,29.875,-30.875,-19.5625,-0.3962460458278656,-0.004760812036693096,0.007141217589378357,-0.9181042313575745,35222,1559
0,0.05000000074505806,-0.09000000357627869,9.729999542236328,0.0625,0,0,29.875,-31.6875,-19.5625,-0.3962460458278656,-0.004760812036693096,0.007141217589378357,-0.9181042313575745,35231,1560
0,0.07000000029802322,-0.07000000029802322,9.729999542236328,0,0.0625,0,29.875,-31.6875,-19.5625,-0.3962460458278656,-0.004760812036693096,0.007141217589378357,-0.9181042313575745,35241,1561
0,0.05000000074505806,-0.09000000357627869,9.710000038146973,-0.0625,0.125,0.0625,29.875,-31.6875,-19.5625,-0.3962460458278656,-0.004760812036693096,0.007141217589378357,-0.9181042313575745,35251,1562
0,0.05000000074505806,-0.07999999821186066,9.75,0,0.125,0,29.875,-31.6875,-19.5625,-0.3962460458278656,-0.004760812036693096,0.007141217589378357,-0.9181042313575745,35261,1563
0,0.03999999910593033,-0.07999999821186066,9.75,0.125,-0.0625,0.0625,29.875,-31.6875,-19.5625,-0.3962460458278656,-0.004760812036693096,0.007141217589378357,-0.9181042313575745,35272,1564
0,0.07000000029802322,-0.07999999821186066,9.75,0,-0.0625,-0.0625,29.1875,-30.1875,-20.0625,-0.3962460458278656,-0.004760812036693096,0.007141217589378357,-0.9181042313575745,35281,1565
0,0.05000000074505806,-0.09000000357627869,9.75,-0.0625,-0.125,0,29.1875,-30.1875,-20.0625,-0.3962460458278656,-0.004760812036693096,0.007141217589378357,-0.9181042313575745,35291,1566
0,0.05000000074505806,-0.07999999821186066,9.760000228881836,0,0.1875,-0.125,29.1875,-30.1875,-20.0625,-0.3962460458278656,-0.004760812036693096,0.007141217589378357,-0.9181042313575745,35301,1567
0,0.05999999865889549,-0.07000000029802322,9.739999771118164,-0.125,0.0625,0.0625,29.1875,-30.1875,-20.0625,-0.3962460458278656,-0.004760812036693096,0.007141217589378357,-0.9181042313575745,35311,1568
0,0.05000000074505806,-0.07000000029802322,9.739999771118164,0.0625,0.0625,-0.0625,29.1875,-30.1875,-20.0625,-0.3962460458278656,-0.004760812036693096,0.007141217589378357,-0.9181042313575745,35322,1569
0,0.03999999910593033,-0.07999999821186066,9.739999771118164,0.0625,0.3125,-0.0625,29.875,-27.875,-18.0625,-0.3962460458278656,-0.004760812036693096,0.007141217589378357,-0.9181042313575745,35331,1570
0,0.07000000029802322,-0.07999999821186066,9.75,0.1875,-0.1875,0,29.875,-27.875,-18.0625,-0.3962460458278656,-0.004760812036693096,0.007141217589378357,-0.9181042313575745,35341,1571
0,0.05000000074505806,-0.07999999821186066,9.720000267028809,0.0625,-0.1875,0.0625,29.875,-27.875,-18.0625,-0.3962460458278656,-0.004760812036693096,0.007141217589378357,-0.9181042313575745,35351,1572
0,0.05999999865889549,-0.07000000029802322,9.710000038146973,0.0625,0,0.0625,29.875,-27.875,-18.0625,-0.3962460458278656,-0.004760812036693096,0.007141217589378357,-0.9181042313575745,35361,1573
0,0.07000000029802322,-0.07999999821186066,9.739999771118164,0,0,-0.0625,29.875,-27.875,-18.0625,-0.3962460458278656,-0.004760812036693096,0.007141217589378357,-0.9181042313575745,35372,1574
0,0.05999999865889549,-0.05999999865889549,9.729999542236328,0.125,-0.0625,0,30.25,-30.1875,-17.5625,-0.3962460458278656,-0.004760812036693096,0.007141217589378357,-0.9181042313575745,35381,1575
0,0.05999999865889549,-0.07000000029802322,9.760000228881836,0,0.25,0,30.25,-30.1875,-17.5625,-0.3962460458278656,-0.004760812036693096,0.007141217589378357,-0.9181042313575745,35391,1576
0,0.05000000074505806,-0.05999999865889549,9.729999542236328,0.125,0,0,30.25,-30.1875,-17.5625,-0.3962460458278656,-0.004760812036693096,0.007141217589378357,-0.9181042313575745,35401,1577
0,0.05999999865889549,-0.07000000029802322,9.720000267028809,0,0,0,30.25,-30.1875,-17.5625,-0.3962460458278656,-0.004760812036693096,0.007141217589378357,-0.9181042313575745,35411,1578
0,0.05000000074505806,-0.10000000149011612,9.710000038146973,0.125,0,-0.0625,30.25,-30.1875,-17.5625,-0.3962460458278656,-0.004760812036693096,0.007141217589378357,-0.9181042313575745,35421,1579
0,0.05000000074505806,-0.09000000357627869,9.760000228881836,0,0,0,29.1875,-29.375,-18.5,-0.3962460458278656,-0.004760812036693096,0.007141217589378357,-0.9181042313575745,35431,1580
0,0.05999999865889549,-0.05999999865889549,9.760000228881836,0,-0.125,0,29.1875,-29.375,-18.5,-0.3962460458278656,-0.004760812036693096,0.007141217589378357,-0.9181042313575745,35441,1581
0,0.05999999865889549,-0.10000000149011612,9.729999542236328,0,-0.0625,0,29.1875,-29.375,-18.5,-0.3962460458278656,-0.004760812036693096,0.007141217589378357,-0.9181042313575745,35451,1582
0,0.05000000074505806,-0.10000000149011612,9.760000228881836,0.0625,0,0.125,29.1875,-29.375,-18.5,-0.3962460458278656,-0.004760812036693096,0.007141217589378357,-0.9181042313575745,35461,1583
0,0.03999999910593033,-0.10000000149011612,9.729999542236328,0,0,0.125,29.1875,-29.375,-18.5,-0.3962460458278656,-0.004760812036693096,0.007141217589378357,-0.9181042313575745,35471,1584
0,0.05000000074505806,-0.10000000149011612,9.720000267028809,-0.0625,0,0.0625,29.875,-26.75,-18.5,-0.3962460458278656,-0.004760812036693096,0.007141217589378357,-0.9181042313575745,35481,1585
0,0.05000000074505806,-0.07999999821186066,9.739999771118164,0.0625,0.125,-0.0625,29.875,-26.75,-18.5,-0.3962460458278656,-0.004760812036693096,0.007141217589378357,-0.9181042313575745,35491,1586
0,0.07000000029802322,-0.07000000029802322,9.739999771118164,-0.0625,-0.0625,0,29.875,-26.75,-18.5,-0.3962460458278656,-0.004760812036693096,0.007141217589378357,-0.9181042313575745,35501,1587
0,0.05000000074505806,-0.09000000357627869,9.729999542236328,-0.0625,-0.125,0.0625,29.875,-26.75,-18.5,-0.3962460458278656,-0.004760812036693096,0.007141217589378357,-0.9181042313575745,35511,1588
0,0.029999999329447746,-0.09000000357627869,9.720000267028809,-0.0625,-0.125,0,29.875,-26.75,-18.5,-0.3962460458278656,-0.004760812036693096,0.007141217589378357,-0.9181042313575745,35521,1589
0,0.029999999329447746,-0.09000000357627869,9.720000267028809,0,-0.0625,0.0625,29.1875,-29.375,-18.75,-0.3962460458278656,-0.004760812036693096,0.007141217589378357,-0.9181042313575745,35531,1590
0,0.03999999910593033,-0.09000000357627869,9.710000038146973,0,0,0,29.1875,-29.375,-18.75,-0.3962460458278656,-0.004760812036693096,0.007141217589378357,-0.9181042313575745,35541,1591
0,0.03999999910593033,-0.07999999821186066,9.729999542236328,0.125,0.0625,0,29.1875,-29.375,-18.75,-0.3962460458278656,-0.004760812036693096,0.007141217589378357,-0.9181042313575745,35551,1592
0,0.05999999865889549,-0.10000000149011612,9.720000267028809,0.125,0,0,29.1875,-29.375,-18.75,-0.3962460458278656,-0.004760812036693096,0.007141217589378357,-0.9181042313575745,35561,1593
0,0.05999999865889549,-0.09000000357627869,9.75,0.0625,0.125,0,29.1875,-29.375,-18.75,-0.3962460458278656,-0.004760812036693096,0.007141217589378357,-0.9181042313575745,35571,1594
0,0.05000000074505806,-0.07999999821186066,9.739999771118164,-0.0625,-0.0625,0.125,30.25,-29.75,-18.75,-0.3962460458278656,-0.004760812036693096,0.007141217589378357,-0.9181042313575745,35581,1595
0,0.03999999910593033,-0.07000000029802322,9.739999771118164,0.0625,0,0,30.25,-29.75,-18.75,-0.3962460458278656,-0.004760812036693096,0.007141217589378357,-0.9181042313575745,35591,1596
0,0.05999999865889549,-0.07000000029802322,9.710000038146973,0,0.0625,-0.0625,30.25,-29.75,-18.75,-0.3962460458278656,-0.004760812036693096,0.007141217589378357,-0.9181042313575745,35601,1597
0,0.05999999865889549,-0.09000000357627869,9.729999542236328,0,-0.25,0,30.25,-29.75,-18.75,-0.3962460458278656,-0.004760812036693096,0.007141217589378357,-0.9181042313575745,35611,1598
0,0.03999999910593033,-0.09000000357627869,9.75,0,0.0625,0,30.25,-29.75,-18.75,-0.3962460458278656,-0.004760812036693096,0.007141217589378357,-0.9181042313575745,35621,1599
0,0.05000000074505806,-0.09000000357627869,9.720000267028809,0,-0.0625,0,29.875,-30.1875,-19.25,-0.3962460458278656,-0.004760812036693096,0.007141217589378357,-0.9181042313575745,35631,1600
0,0.05000000074505806,-0.09000000357627869,9.729999542236328,0,0,0,29.875,-30.1875,-19.25,-0.3962460458278656,-0.004760812036693096,0.007141217589378357,-0.9181042313575745,35641,1601
0,0.07000000029802322,-0.07999999821186066,9.720000267028809,0.0625,0,0,29.875,-30.1875,-19.25,-0.3962460458278656,-0.004760812036693096,0.007141217589378357,-0.9181042313575745,35651,1602
0,0.05000000074505806,-0.07999999821186066,9.760000228881836,-0.0625,0.0625,-0.0625,29.875,-30.1875,-19.25,-0.3962460458278656,-0.004760812036693096,0.007141217589378357,-0.9181042313575745,35661,1603
0,0.05000000074505806,-0.05000000074505806,9.739999771118164,-0.0625,0.25,-0.0625,29.875,-30.1875,-19.25,-0.3962460458278656,-0.004760812036693096,0.007141217589378357,-0.9181042313575745,35671,1604
0,0.029999999329447746,-0.10000000149011612,9.760000228881836,0.125,0,0,29.875,-29.375,-18.75,-0.3962460458278656,-0.004760812036693096,0.007141217589378357,-0.9181042313575745,35681,1605
0,0.03999999910593033,-0.09000000357627869,9.739999771118164,0.0625,0,0.0625,29.875,-29.375,-18.75,-0.3962460458278656,-0.004760812036693096,0.007141217589378357,-0.9181042313575745,35691,1606
0,0.05000000074505806,-0.07999999821186066,9.75,0,0.0625,-0.0625,29.875,-29.375,-18.75,-0.3962460458278656,-0.004760812036693096,0.007141217589378357,-0.9181042313575745,35701,1607
0,0.05999999865889549,-0.07999999821186066,9.75,0,-0.125,0,29.875,-29.375,-18.75,-0.3962460458278656,-0.004760812036693096,0.007141217589378357,-0.9181042313575745,35711,1608
0,0.05000000074505806,-0.07999999821186066,9.729999542236328,-0.0625,0,0.125,29.875,-29.375,-18.75,-0.3962460458278656,-0.004760812036693096,0.007141217589378357,-0.9181042313575745,35721,1609
0,0.05000000074505806,-0.07999999821186066,9.770000457763672,-0.0625,-0.1875,-0.0625,29.5,-29.375,-20.0625,-0.3962460458278656,-0.004760812036693096,0.007141217589378357,-0.9181042313575745,35731,1610
0,0.05000000074505806,-0.07999999821186066,9.699999809265137,0.0625,0.125,0.0625,29.5,-29.375,-20.0625,-0.3962460458278656,-0.004760812036693096,0.007141217589378357,-0.9181042313575745,35741,1611
0,0.05999999865889549,-0.07999999821186066,9.720000267028809,0.1875,-0.1875,0,29.5,-29.375,-20.0625,-0.3962460458278656,-0.004760812036693096,0.007141217589378357,-0.9181042313575745,35751,1612
0,0.07000000029802322,-0.10000000149011612,9.760000228881836,0,-0.1875,0,29.5,-29.375,-20.0625,-0.3962460458278656,-0.004760812036693096,0.007141217589378357,-0.9181042313575745,35761,1613
0,0.07000000029802322,-0.09000000357627869,9.760000228881836,-0.125,0,0,29.5,-29.375,-20.0625,-0.3962460458278656,-0.004760812036693096,0.007141217589378357,-0.9181042313575745,35771,1614
0,0.05999999865889549,-0.09000000357627869,9.739999771118164,0,0.0625,0,30.6875,-30.5,-18.0625,-0.3962460458278656,-0.004760812036693096,0.007141217589378357,-0.9181042313575745,35781,1615
0,0.03999999910593033,-0.07000000029802322,9.720000267028809,-0.0625,0,0.0625,30.6875,-30.5,-18.0625,-0.3962460458278656,-0.004760812036693096,0.007141217589378357,-0.9181042313575745,35791,1616
0,0.05999999865889549,-0.10000000149011612,9.710000038146973,0.1875,-0.125,0.0625,30.6875,-30.5,-18.0625,-0.3962460458278656,-0.004760812036693096,0.007141217589378357,-0.9181042313575745,35801,1617
0,0.03999999910593033,-0.07999999821186066,9.710000038146973,-0.0625,0.125,0.0625,30.6875,-30.5,-18.0625,-0.3962460458278656,-0.004760812036693096,0.007141217589378357,-0.9181042313575745,35811,1618
0,0.05999999865889549,-0.09000000357627869,9.760000228881836,-0.0625,0.0625,0.0625,30.6875,-30.5,-18.0625,-0.3962460458278656,-0.004760812036693096,0.007141217589378357,-0.9181042313575745,35821,1619
0,0.03999999910593033,-0.09000000357627869,9.729999542236328,0.0625,0.125,-0.0625,30.6875,-32,-19.25,-0.3962460458278656,-0.004760812036693096,0.007141217589378357,-0.9181042313575745,35831,1620
0,0.05999999865889549,-0.07000000029802322,9.789999961853027,0.25,-0.0625,-0.0625,30.6875,-32,-19.25,-0.3962460458278656,-0.004760812036693096,0.007141217589378357,-0.9181042313575745,35841,1621
0,0.05999999865889549,-0.09000000357627869,9.739999771118164,-0.0625,0,0.0625,30.6875,-32,-19.25,-0.3962460458278656,-0.004760812036693096,0.007141217589378357,-0.9181042313575745,35851,1622
0,0.03999999910593033,-0.05999999865889549,9.75,0.125,-0.125,0.125,30.6875,-32,-19.25,-0.3962460458278656,-0.004760812036693096,0.007141217589378357,-0.9181042313575745,35861,1623
0,0.03999999910593033,-0.10000000149011612,9.729999542236328,0.125,0.0625,-0.0625,30.6875,-32,-19.25,-0.3962460458278656,-0.004760812036693096,0.007141217589378357,-0.9181042313575745,35871,1624
0,0.03999999910593033,-0.07000000029802322,9.760000228881836,0,0.0625,0,29.5,-31.6875,-19.5625,-0.3962460458278656,-0.004760812036693096,0.007141217589378357,-0.9181042313575745,35881,1625
0,0.029999999329447746,-0.07999999821186066,9.760000228881836,0,-0.0625,0.125,29.5,-31.6875,-19.5625,-0.3962460458278656,-0.004760812036693096,0.007141217589378357,-0.9181042313575745,35891,1626
0,0.05000000074505806,-0.07999999821186066,9.699999809265137,0.0625,0,0,29.5,-31.6875,-19.5625,-0.3962460458278656,-0.004760812036693096,0.007141217589378357,-0.9181042313575745,35901,1627
0,0.03999999910593033,-0.07000000029802322,9.729999542236328,0.0625,-0.0625,0.0625,29.5,-31.6875,-19.5625,-0.3962460458278656,-0.004760812036693096,0.007141217589378357,-0.9181042313575745,35911,1628
0,0.05000000074505806,-0.07000000029802322,9.720000267028809,0.125,-0.125,0.0625,29.5,-31.6875,-19.5625,-0.3962460458278656,-0.004760812036693096,0.007141217589378357,-0.9181042313575745,35921,1629
0,0.03999999910593033,-0.07999999821186066,9.739999771118164,-0.0625,-0.0625,-0.0625,29.5,-31.6875,-18.5,-0.3962460458278656,-0.004760812036693096,0.007141217589378357,-0.9181042313575745,35931,1630
0,0.05999999865889549,-0.09000000357627869,9.75,-0.0625,0.125,0,29.5,-31.6875,-18.5,-0.3962460458278656,-0.004760812036693096,0.007141217589378357,-0.9181042313575745,35941,1631
0,0.03999999910593033,-0.09000000357627869,9.75,-0.0625,0.3125,-0.0625,29.5,-31.6875,-18.5,-0.3962460458278656,-0.004760812036693096,0.007141217589378357,-0.9181042313575745,35951,1632
0,0.05999999865889549,-0.09000000357627869,9.760000228881836,0,0,0,29.5,-31.6875,-18.5,-0.3962460458278656,-0.004760812036693096,0.007141217589378357,-0.9181042313575745,35961,1633
0,0.05999999865889549,-0.07999999821186066,9.729999542236328,-0.0625,0.3125,-0.0625,29.5,-31.6875,-18.5,-0.3962460458278656,-0.004760812036693096,0.007141217589378357,-0.9181042313575745,35971,1634
0,0.05999999865889549,-0.09000000357627869,9.739999771118164,0.0625,-0.0625,0,30.25,-30.1875,-19.25,-0.3962460458278656,-0.004760812036693096,0.007141217589378357,-0.9181042313575745,35981,1635
0,0.05999999865889549,-0.10000000149011612,9.739999771118164,0.125,0.0625,0,30.25,-30.1875,-19.25,-0.3962460458278656,-0.004760812036693096,0.007141217589378357,-0.9181042313575745,35991,1636
0,0.05999999865889549,-0.07000000029802322,9.729999542236328,-0.0625,0.125,-0.0625,30.25,-30.1875,-19.25,-0.3962460458278656,-0.004760812036693096,0.007141217589378357,-0.9181042313575745,36001,1637
0,0.05000000074505806,-0.07999999821186066,9.75,0,0,-0.0625,30.25,-30.1875,-19.25,-0.3962460458278656,-0.004760812036693096,0.007141217589378357,-0.9181042313575745,36011,1638
0,0.05999999865889549,-0.07999999821186066,9.729999542236328,0.125,0.0625,0,30.25,-30.1875,-19.25,-0.3962460458278656,-0.004760812036693096,0.007141217589378357,-0.9181042313575745,36021,1639
0,0.05999999865889549,-0.07000000029802322,9.729999542236328,0,0.0625,0.0625,30.25,-30.1875,-19.5625,-0.3962460458278656,-0.004760812036693096,0.007141217589378357,-0.9181042313575745,36031,1640
0,0.07000000029802322,-0.09000000357627869,9.739999771118164,0,0.0625,0,30.25,-30.1875,-19.5625,-0.3962460458278656,-0.004760812036693096,0.007141217589378357,-0.9181042313575745,36041,1641
0,0.07000000029802322,-0.07999999821186066,9.710000038146973,0.0625,0.0625,0,30.25,-30.1875,-19.5625,-0.3962460458278656,-0.004760812036693096,0.007141217589378357,-0.9181042313575745,36051,1642
0,0.05999999865889549,-0.07999999821186066,9.739999771118164,0,0.0625,0,30.25,-30.1875,-19.5625,-0.3962460458278656,-0.004760812036693096,0.007141217589378357,-0.9181042313575745,36061,1643
0,0.05000000074505806,-0.09000000357627869,9.75,0,-0.0625,0.0625,30.25,-30.1875,-19.5625,-0.3962460458278656,-0.004760812036693096,0.007141217589378357,-0.9181042313575745,36071,1644
0,0.05000000074505806,-0.09000000357627869,9.75,0.1875,-0.0625,0.125,29.875,-30.5,-18.5,-0.3962460458278656,-0.004760812036693096,0.007141217589378357,-0.9181042313575745,36081,1645
0,0.05000000074505806,-0.05999999865889549,9.760000228881836,0.25,0.0625,0,29.875,-30.5,-18.5,-0.3962460458278656,-0.004760812036693096,0.007141217589378357,-0.9181042313575745,36091,1646
0,0.05999999865889549,-0.07000000029802322,9.739999771118164,0,0.0625,0.0625,29.875,-30.5,-18.5,-0.3962460458278656,-0.004760812036693096,0.007141217589378357,-0.9181042313575745,36101,1647
0,0.05000000074505806,-0.09000000357627869,9.699999809265137,-0.0625,0,0.0625,29.875,-30.5,-18.5,-0.3962460458278656,-0.004760812036693096,0.007141217589378357,-0.9181042313575745,36111,1648
0,0.05999999865889549,-0.07999999821186066,9.720000267028809,0,0,-0.0625,29.875,-30.5,-18.5,-0.3962460458278656,-0.004760812036693096,0.007141217589378357,-0.9181042313575745,36121,1649
0,0.05000000074505806,-0.05999999865889549,9.739999771118164,0.0625,0.0625,-0.0625,28.75,-28.6875,-18.5,-0.3962460458278656,-0.004760812036693096,0.007141217589378357,-0.9181042313575745,36131,1650
0,0.07000000029802322,-0.09000000357627869,9.760000228881836,0,-0.125,0.0625,28.75,-28.6875,-18.5,-0.3962460458278656,-0.004760812036693096,0.007141217589378357,-0.9181042313575745,36141,1651
0,0.07000000029802322,-0.09000000357627869,9.720000267028809,0,-0.1875,-0.0625,28.75,-28.6875,-18.5,-0.3962460458278656,-0.004760812036693096,0.007141217589378357,-0.9181042313575745,36151,1652
0,0.07000000029802322,-0.07999999821186066,9.739999771118164,0,-0.125,0,28.75,-28.6875,-18.5,-0.3962460458278656,-0.004760812036693096,0.007141217589378357,-0.9181042313575745,36161,1653
0,0.029999999329447746,-0.07999999821186066,9.779999732971191,0.0625,-0.3125,0,28.75,-28.6875,-18.5,-0.3962460458278656,-0.004760812036693096,0.007141217589378357,-0.9181042313575745,36171,1654
0,0.05000000074505806,-0.07999999821186066,9.729999542236328,-0.0625,-0.0625,0.0625,30.25,-29.75,-18.5,-0.3962460458278656,-0.004760812036693096,0.007141217589378357,-0.9181042313575745,36181,1655
0,0.05000000074505806,-0.07000000029802322,9.739999771118164,0.0625,0,-0.0625,30.25,-29.75,-18.5,-0.3962460458278656,-0.004760812036693096,0.007141217589378357,-0.9181042313575745,36191,1656
0,0.05999999865889549,-0.09000000357627869,9.75,0.125,-0.1875,-0.0625,30.25,-29.75,-18.5,-0.3962460458278656,-0.004760812036693096,0.007141217589378357,-0.9181042313575745,36201,1657
0,0.05000000074505806,-0.05000000074505806,9.739999771118164,0.0625,0.0625,0.0625,30.25,-29.75,-18.5,-0.3962460458278656,-0.004760812036693096,0.007141217589378357,-0.9181042313575745,36211,1658
0,0.03999999910593033,-0.07999999821186066,9.729999542236328,0,-0.25,-0.0625,30.25,-29.75,-18.5,-0.3962460458278656,-0.004760812036693096,0.007141217589378357,-0.9181042313575745,36221,1659
0,0.05000000074505806,-0.07000000029802322,9.75,0,-0.0625,0,29.1875,-28.25,-20.0625,-0.3962460458278656,-0.004760812036693096,0.007141217589378357,-0.9181042313575745,36231,1660
0,0.03999999910593033,-0.07999999821186066,9.75,-0.0625,0,0,29.1875,-28.25,-20.0625,-0.3962460458278656,-0.004760812036693096,0.007141217589378357,-0.9181042313575745,36241,1661
0,0.05999999865889549,-0.07000000029802322,9.720000267028809,0,-0.125,0.0625,29.1875,-28.25,-20.0625,-0.3962460458278656,-0.004760812036693096,0.007141217589378357,-0.9181042313575745,36251,1662
0,0.05999999865889549,-0.05000000074505806,9.739999771118164,0.0625,-0.3125,0,29.1875,-28.25,-20.0625,-0.3962460458278656,-0.004760812036693096,0.007141217589378357,-0.9181042313575745,36261,1663
0,0.07000000029802322,-0.09000000357627869,9.75,0,-0.1875,0.0625,29.1875,-28.25,-20.0625,-0.3962460458278656,-0.004760812036693096,0.007141217589378357,-0.9181042313575745,36271,1664
0,0.05000000074505806,-0.09000000357627869,9.75,0.125,-0.3125,0.0625,29.5,-27.875,-18.5,-0.3962460458278656,-0.004760812036693096,0.007141217589378357,-0.9181042313575745,36280,1665
0,0.05000000074505806,-0.07999999821186066,9.75,0.125,-0.125,-0.0625,29.5,-27.875,-18.5,-0.3962460458278656,-0.004760812036693096,0.007141217589378357,-0.9181042313575745,36290,1666
0,0.05000000074505806,-0.07999999821186066,9.75,-0.125,-0.0625,-0.0625,29.5,-27.875,-18.5,-0.3962460458278656,-0.004760812036693096,0.007141217589378357,-0.9181042313575745,36300,1667
0,0.05999999865889549,-0.07000000029802322,9.720000267028809,-0.125,0.0625,0.0625,29.5,-27.875,-18.5,-0.3962460458278656,-0.004760812036693096,0.007141217589378357,-0.9181042313575745,36310,1668
0,0.05000000074505806,-0.09000000357627869,9.729999542236328,0.0625,0.1875,0,29.5,-27.875,-18.5,-0.3962460458278656,-0.004760812036693096,0.007141217589378357,-0.9181042313575745,36321,1669
0,0.05000000074505806,-0.07999999821186066,9.739999771118164,0,0.0625,0,30.6875,-26.375,-17.5625,-0.3962460458278656,-0.004760812036693096,0.007141217589378357,-0.9181042313575745,36330,1670
0,0.05999999865889549,-0.07000000029802322,9.739999771118164,-0.0625,0.125,0.0625,30.6875,-26.375,-17.5625,-0.3962460458278656,-0.004760812036693096,0.007141217589378357,-0.9181042313575745,36340,1671
0,0.07000000029802322,-0.09000000357627869,9.720000267028809,0.0625,0.0625,-0.125,30.6875,-26.375,-17.5625,-0.3962460458278656,-0.004760812036693096,0.007141217589378357,-0.9181042313575745,36350,1672
0,0.03999999910593033,-0.09000000357627869,9.75,-0.0625,-0.25,0,30.6875,-26.375,-17.5625,-0.3962460458278656,-0.004760812036693096,0.007141217589378357,-0.9181042313575745,36360,1673
0,0.05999999865889549,-0.09000000357627869,9.720000267028809,0.0625,0,0,30.6875,-26.375,-17.5625,-0.3962460458278656,-0.004760812036693096,0.007141217589378357,-0.9181042313575745,36371,1674
0,0.05000000074505806,-0.07999999821186066,9.710000038146973,-0.0625,0.125,0,29.5,-30.1875,-20.0625,-0.3962460458278656,-0.004760812036693096,0.007141217589378357,-0.9181042313575745,36380,1675
0,0.05999999865889549,-0.07000000029802322,9.739999771118164,0,0,0,29.5,-30.1875,-20.0625,-0.3962460458278656,-0.004760812036693096,0.007141217589378357,-0.9181042313575745,36390,1676
0,0.05000000074505806,-0.07000000029802322,9.729999542236328,0.125,-0.1875,0.0625,29.5,-30.1875,-20.0625,-0.3962460458278656,-0.004760812036693096,0.007141217589378357,-0.9181042313575745,36400,1677
0,0.05999999865889549,-0.10000000149011612,9.75,0,-0.125,-0.0625,29.5,-30.1875,-20.0625,-0.3962460458278656,-0.004760812036693096,0.007141217589378357,-0.9181042313575745,36410,1678
0,0.05999999865889549,-0.07999999821186066,9.760000228881836,0.0625,0,0,29.5,-30.1875,-20.0625,-0.3962460458278656,-0.004760812036693096,0.007141217589378357,-0.9181042313575745,36420,1679
0,0.05000000074505806,-0.09000000357627869,9.75,0.0625,0,-0.0625,29.5,-29.375,-18.75,-0.3962460458278656,-0.004760812036693096,0.007141217589378357,-0.9181042313575745,36430,1680
0,0.05000000074505806,-0.05999999865889549,9.75,0.125,0.125,0.125,29.5,-29.375,-18.75,-0.3962460458278656,-0.004760812036693096,0.007141217589378357,-0.9181042313575745,36440,1681
0,0.05000000074505806,-0.10000000149011612,9.720000267028809,-0.0625,0.0625,-0.0625,29.5,-29.375,-18.75,-0.3962460458278656,-0.004760812036693096,0.007141217589378357,-0.9181042313575745,36450,1682
0,0.05000000074505806,-0.07999999821186066,9.729999542236328,0,0.125,0,29.5,-29.375,-18.75,-0.3962460458278656,-0.004760812036693096,0.007141217589378357,-0.9181042313575745,36460,1683
0,0.07000000029802322,-0.07000000029802322,9.739999771118164,0,0,0,29.5,-29.375,-18.75,-0.3962460458278656,-0.004760812036693096,0.007141217589378357,-0.9181042313575745,36471,1684
0,0.05000000074505806,-0.09000000357627869,9.760000228881836,0.0625,0.125,0.0625,28.75,-31.25,-18.75,-0.3962460458278656,-0.004760812036693096,0.007141217589378357,-0.9181042313575745,36480,1685
0,0.05999999865889549,-0.07999999821186066,9.739999771118164,0.125,0.125,-0.0625,28.75,-31.25,-18.75,-0.3962460458278656,-0.004760812036693096,0.007141217589378357,-0.9181042313575745,36490,1686
0,0.029999999329447746,-0.05999999865889549,9.699999809265137,0.0625,0.0625,-0.0625,28.75,-31.25,-18.75,-0.3962460458278656,-0.004760812036693096,0.007141217589378357,-0.9181042313575745,36500,1687
0,0.07000000029802322,-0.09000000357627869,9.729999542236328,-0.0625,0.0625,0.125,28.75,-31.25,-18.75,-0.3962460458278656,-0.004760812036693096,0.007141217589378357,-0.9181042313575745,36510,1688
0,0.05000000074505806,-0.07999999821186066,9.729999542236328,0.0625,-0.125,0,28.75,-31.25,-18.75,-0.3962460458278656,-0.004760812036693096,0.007141217589378357,-0.9181042313575745,36520,1689
0,0.05999999865889549,-0.07999999821186066,9.75,-0.0625,-0.125,0.0625,29.875,-29.375,-18.5,-0.3962460458278656,-0.004760812036693096,0.007141217589378357,-0.9181042313575745,36530,1690
0,0.03999999910593033,-0.09000000357627869,9.789999961853027,0,-0.0625,0,29.875,-29.375,-18.5,-0.3962460458278656,-0.004760812036693096,0.007141217589378357,-0.9181042313575745,36540,1691
0,0.07000000029802322,-0.05000000074505806,9.75,-0.0625,-0.1875,-0.0625,29.875,-29.375,-18.5,-0.3962460458278656,-0.004760812036693096,0.007141217589378357,-0.9181042313575745,36550,1692
0,0.05000000074505806,-0.07999999821186066,9.75,0,0,0.125,29.875,-29.375,-18.5,-0.3962460458278656,-0.004760812036693096,0.007141217589378357,-0.9181042313575745,36560,1693
0,0.07000000029802322,-0.05999999865889549,9.739999771118164,0.0625,0,0,29.875,-29.375,-18.5,-0.3962460458278656,-0.004760812036693096,0.007141217589378357,-0.9181042313575745,36570,1694
0,0.05999999865889549,-0.09000000357627869,9.75,0.0625,-0.1875,0.125,30.25,-31.25,-19.25,-0.3962460458278656,-0.004760812036693096,0.007141217589378357,-0.9181042313575745,36580,1695
0,0.03999999910593033,-0.07999999821186066,9.739999771118164,0.125,0,-0.0625,30.25,-31.25,-19.25,-0.3962460458278656,-0.004760812036693096,0.007141217589378357,-0.9181042313575745,36590,1696
0,0.05999999865889549,-0.09000000357627869,9.75,0.0625,0.0625,0,30.25,-31.25,-19.25,-0.3962460458278656,-0.004760812036693096,0.007141217589378357,-0.9181042313575745,36600,1697
0,0.029999999329447746,-0.07999999821186066,9.760000228881836,-0.125,0.1875,0,30.25,-31.25,-19.25,-0.3962460458278656,-0.004760812036693096,0.007141217589378357,-0.9181042313575745,36610,1698
0,0.05999999865889549,-0.07999999821186066,9.75,-0.0625,-0.0625,0,30.25,-31.25,-19.25,-0.3962460458278656,-0.004760812036693096,0.007141217589378357,-0.9181042313575745,36620,1699
0,0.07000000029802322,-0.07999999821186066,9.739999771118164,0.0625,-0.1875,-0.0625,29.5,-30.5,-18.875,-0.3962460458278656,-0.004760812036693096,0.007141217589378357,-0.9181042313575745,36630,1700
0,0.05000000074505806,-0.09000000357627869,9.729999542236328,0,0,0,29.5,-30.5,-18.875,-0.3962460458278656,-0.004760812036693096,0.007141217589378357,-0.9181042313575745,36640,1701
0,0.05000000074505806,-0.07000000029802322,9.729999542236328,0.125,0.3125,0,29.5,-30.5,-18.875,-0.3962460458278656,-0.004760812036693096,0.007141217589378357,-0.9181042313575745,36650,1702
0,0.029999999329447746,-0.07999999821186066,9.75,0.125,-0.0625,0,29.5,-30.5,-18.875,-0.3962460458278656,-0.004760812036693096,0.007141217589378357,-0.9181042313575745,36660,1703
0,0.05999999865889549,-0.09000000357627869,9.729999542236328,0.1875,-0.125,0.0625,29.5,-30.5,-18.875,-0.3962460458278656,-0.004760812036693096,0.007141217589378357,-0.9181042313575745,36670,1704
0,0.05999999865889549,-0.07000000029802322,9.729999542236328,-0.0625,0.0625,0.125,29.1875,-29.75,-20.0625,-0.3962460458278656,-0.004760812036693096,0.007141217589378357,-0.9181042313575745,36680,1705
0,0.03999999910593033,-0.05999999865889549,9.710000038146973,0,-0.1875,0.0625,29.1875,-29.75,-20.0625,-0.3962460458278656,-0.004760812036693096,0.007141217589378357,-0.9181042313575745,36690,1706
0,0.07000000029802322,-0.05999999865889549,9.729999542236328,0.0625,0.125,0,29.1875,-29.75,-20.0625,-0.3962460458278656,-0.004760812036693096,0.007141217589378357,-0.9181042313575745,36700,1707
0,0.07000000029802322,-0.05999999865889549,9.760000228881836,0.125,-0.1875,-0.0625,29.1875,-29.75,-20.0625,-0.3962460458278656,-0.004760812036693096,0.007141217589378357,-0.9181042313575745,36710,1708
0,0.03999999910593033,-0.07000000029802322,9.75,0.125,-0.25,0.1875,29.1875,-29.75,-20.0625,-0.3962460458278656,-0.004760812036693096,0.007141217589378357,-0.9181042313575745,36720,1709
0,0.05000000074505806,-0.07000000029802322,9.760000228881836,0.25,-0.1875,0,29.5,-29.75,-19.5625,-0.3962460458278656,-0.004760812036693096,0.007141217589378357,-0.9181042313575745,36730,1710
0,0.07000000029802322,-0.09000000357627869,9.75,0,0.0625,0,29.5,-29.75,-19.5625,-0.3962460458278656,-0.004760812036693096,0.007141217589378357,-0.9181042313575745,36740,1711
0,0.05999999865889549,-0.07999999821186066,9.729999542236328,0,0.0625,0.125,29.5,-29.75,-19.5625,-0.3962460458278656,-0.004760812036693096,0.007141217589378357,-0.9181042313575745,36750,1712
0,0.05000000074505806,-0.05999999865889549,9.739999771118164,0,0,-0.0625,29.5,-29.75,-19.5625,-0.3962460458278656,-0.004760812036693096,0.007141217589378357,-0.9181042313575745,36760,1713
0,0.03999999910593033,-0.05999999865889549,9.779999732971191,0,-0.125,0.0625,29.5,-29.75,-19.5625,-0.3962460458278656,-0.004760812036693096,0.007141217589378357,-0.9181042313575745,36770,1714
0,0.07000000029802322,-0.09000000357627869,9.739999771118164,0,-0.125,0.125,29.875,-29.375,-19.5625,-0.3962460458278656,-0.004760812036693096,0.007141217589378357,-0.9181042313575745,36780,1715
0,0.05000000074505806,-0.07999999821186066,9.760000228881836,0.125,-0.125,0.125,29.875,-29.375,-19.5625,-0.3962460458278656,-0.004760812036693096,0.007141217589378357,-0.9181042313575745,36790,1716
0,0.05999999865889549,-0.07999999821186066,9.720000267028809,0.0625,-0.1875,0.0625,29.875,-29.375,-19.5625,-0.3962460458278656,-0.004760812036693096,0.007141217589378357,-0.9181042313575745,36800,1717
0,0.05000000074505806,-0.07999999821186066,9.75,0,0.125,0,29.875,-29.375,-19.5625,-0.3962460458278656,-0.004760812036693096,0.007141217589378357,-0.9181042313575745,36810,1718
0,0.03999999910593033,-0.10000000149011612,9.729999542236328,0.125,0,-0.0625,29.875,-29.375,-19.5625,-0.3962460458278656,-0.004760812036693096,0.007141217589378357,-0.9181042313575745,36820,1719
0,0.05000000074505806,-0.10000000149011612,9.75,-0.0625,0,-0.0625,30.6875,-29.375,-20.0625,-0.3962460458278656,-0.004760812036693096,0.007141217589378357,-0.9181042313575745,36830,1720
0,0.05999999865889549,-0.07000000029802322,9.729999542236328,0.0625,-0.125,0,30.6875,-29.375,-20.0625,-0.3962460458278656,-0.004760812036693096,0.007141217589378357,-0.9181042313575745,36840,1721
0,0.03999999910593033,-0.07999999821186066,9.739999771118164,-0.0625,0,-0.0625,30.6875,-29.375,-20.0625,-0.3962460458278656,-0.004760812036693096,0.007141217589378357,-0.9181042313575745,36850,1722
0,0.05000000074505806,-0.07000000029802322,9.710000038146973,0.0625,-0.125,0.125,30.6875,-29.375,-20.0625,-0.3962460458278656,-0.004760812036693096,0.007141217589378357,-0.9181042313575745,36860,1723
0,0.05999999865889549,-0.07000000029802322,9.739999771118164,0.125,-0.0625,0,30.6875,-29.375,-20.0625,-0.3962460458278656,-0.004760812036693096,0.007141217589378357,-0.9181042313575745,36870,1724
0,0.029999999329447746,-0.09000000357627869,9.729999542236328,-0.125,0,0,29.1875,-29,-19.5625,-0.3962460458278656,-0.004760812036693096,0.007141217589378357,-0.9181042313575745,36880,1725
0,0.05000000074505806,-0.07000000029802322,9.760000228881836,0,0.125,0.0625,29.1875,-29,-19.5625,-0.3962460458278656,-0.004760812036693096,0.007141217589378357,-0.9181042313575745,36890,1726
0,0.05999999865889549,-0.07999999821186066,9.729999542236328,0.125,0,0.0625,29.1875,-29,-19.5625,-0.3962460458278656,-0.004760812036693096,0.007141217589378357,-0.9181042313575745,36900,1727
0,0.05999999865889549,-0.07000000029802322,9.75,0,-0.25,0.0625,29.1875,-29,-19.5625,-0.3962460458278656,-0.004760812036693096,0.007141217589378357,-0.9181042313575745,36910,1728
0,0.05000000074505806,-0.10000000149011612,9.760000228881836,0,-0.125,0.0625,29.1875,-29,-19.5625,-0.3962460458278656,-0.004760812036693096,0.007141217589378357,-0.9181042313575745,36920,1729
0,0.05999999865889549,-0.07000000029802322,9.75,0,-0.1875,0,29.5,-28.25,-19.5625,-0.3962460458278656,-0.004760812036693096,0.007141217589378357,-0.9181042313575745,36930,1730
0,0.03999999910593033,-0.07999999821186066,9.770000457763672,0,-0.125,0.0625,29.5,-28.25,-19.5625,-0.3962460458278656,-0.004760812036693096,0.007141217589378357,-0.9181042313575745,36940,1731
0,0.05999999865889549,-0.10000000149011612,9.75,-0.0625,-0.0625,-0.0625,29.5,-28.25,-19.5625,-0.3962460458278656,-0.004760812036693096,0.007141217589378357,-0.9181042313575745,36950,1732
0,0.07000000029802322,-0.07999999821186066,9.75,-0.0625,0.0625,-0.0625,29.5,-28.25,-19.5625,-0.3962460458278656,-0.004760812036693096,0.007141217589378357,-0.9181042313575745,36960,1733
0,0.03999999910593033,-0.07999999821186066,9.729999542236328,0,0.0625,-0.0625,29.5,-28.25,-19.5625,-0.3962460458278656,-0.004760812036693096,0.007141217589378357,-0.9181042313575745,36970,1734
0,0.05999999865889549,-0.07999999821186066,9.739999771118164,-0.0625,0,0,31,-29,-20.5,-0.3962460458278656,-0.004760812036693096,0.007141217589378357,-0.9181042313575745,36980,1735
0,0.03999999910593033,-0.07999999821186066,9.739999771118164,-0.0625,0,-0.0625,31,-29,-20.5,-0.3962460458278656,-0.004760812036693096,0.007141217589378357,-0.9181042313575745,36990,1736
0,0.05000000074505806,-0.09000000357627869,9.760000228881836,0.125,-0.125,0.0625,31,-29,-20.5,-0.3962460458278656,-0.004760812036693096,0.007141217589378357,-0.9181042313575745,37000,1737
0,0.029999999329447746,-0.09000000357627869,9.739999771118164,0.0625,0,0,31,-29,-20.5,-0.3962460458278656,-0.004760812036693096,0.007141217589378357,-0.9181042313575745,37010,1738
0,0.07000000029802322,-0.07999999821186066,9.770000457763672,-0.0625,0.125,0,31,-29,-20.5,-0.3962460458278656,-0.004760812036693096,0.007141217589378357,-0.9181042313575745,37020,1739
0,0.05999999865889549,-0.07999999821186066,9.75,0,0.125,0.0625,29.5,-27.5,-18.75,-0.3962460458278656,-0.004760812036693096,0.007141217589378357,-0.9181042313575745,37030,1740
0,0.05000000074505806,-0.07999999821186066,9.729999542236328,0,-0.0625,0.0625,29.5,-27.5,-18.75,-0.3962460458278656,-0.004760812036693096,0.007141217589378357,-0.9181042313575745,37040,1741
0,0.05000000074505806,-0.09000000357627869,9.75,0,0,0,29.5,-27.5,-18.75,-0.3962460458278656,-0.004760812036693096,0.007141217589378357,-0.9181042313575745,37050,1742
0,0.05999999865889549,-0.09000000357627869,9.720000267028809,0.1875,0.1875,-0.0625,29.5,-27.5,-18.75,-0.3962460458278656,-0.004760812036693096,0.007141217589378357,-0.9181042313575745,37060,1743
0,0.05000000074505806,-0.07000000029802322,9.729999542236328,0.0625,0.25,0,29.5,-27.5,-18.75,-0.3962460458278656,-0.004760812036693096,0.007141217589378357,-0.9181042313575745,37070,1744
0,0.05999999865889549,-0.05000000074505806,9.739999771118164,-0.0625,0,0.0625,29.875,-26.75,-20.0625,-0.3962460458278656,-0.004760812036693096,0.007141217589378357,-0.9181042313575745,37080,1745
0,0.05999999865889549,-0.09000000357627869,9.710000038146973,-0.0625,0.0625,0,29.875,-26.75,-20.0625,-0.3962460458278656,-0.004760812036693096,0.007141217589378357,-0.9181042313575745,37090,1746
0,0.05999999865889549,-0.07000000029802322,9.720000267028809,-0.0625,0.125,0,29.875,-26.75,-20.0625,-0.3962460458278656,-0.004760812036693096,0.007141217589378357,-0.9181042313575745,37100,1747
0,0.05999999865889549,-0.07999999821186066,9.75,0.0625,0.0625,0,29.875,-26.75,-20.0625,-0.3962460458278656,-0.004760812036693096,0.007141217589378357,-0.9181042313575745,37110,1748
0,0.05999999865889549,-0.09000000357627869,9.739999771118164,-0.0625,-0.0625,-0.0625,29.875,-26.75,-20.0625,-0.3962460458278656,-0.004760812036693096,0.007141217589378357,-0.9181042313575745,37120,1749
0,0.05999999865889549,-0.07999999821186066,9.75,-0.0625,0.1875,0,29.875,-29.75,-19.5625,-0.3962460458278656,-0.004760812036693096,0.007141217589378357,-0.9181042313575745,37130,1750
0,0.07000000029802322,-0.09000000357627869,9.739999771118164,0.0625,0.0625,0,29.875,-29.75,-19.5625,-0.3962460458278656,-0.004760812036693096,0.007141217589378357,-0.9181042313575745,37140,1751
0,0.03999999910593033,-0.07999999821186066,9.729999542236328,0,0.125,0,29.875,-29.75,-19.5625,-0.3962460458278656,-0.004760812036693096,0.007141217589378357,-0.9181042313575745,37150,1752
0,0.05000000074505806,-0.07000000029802322,9.710000038146973,0.0625,-0.0625,0,29.875,-29.75,-19.5625,-0.3962460458278656,-0.004760812036693096,0.007141217589378357,-0.9181042313575745,37160,1753
0,0.05000000074505806,-0.07999999821186066,9.720000267028809,0.125,0.125,0,29.875,-29.75,-19.5625,-0.3962460458278656,-0.004760812036693096,0.007141217589378357,-0.9181042313575745,37170,1754
0,0.03999999910593033,-0.07999999821186066,9.75,0.0625,0,0,30.25,-28.6875,-19.5625,-0.3962460458278656,-0.004760812036693096,0.007141217589378357,-0.9181042313575745,37180,1755
0,0.05000000074505806,-0.07999999821186066,9.770000457763672,0.0625,-0.0625,0,30.25,-28.6875,-19.5625,-0.3962460458278656,-0.004760812036693096,0.007141217589378357,-0.9181042313575745,37190,1756
0,0.05000000074505806,-0.10999999940395355,9.720000267028809,0,0.1875,0,30.25,-28.6875,-19.5625,-0.3962460458278656,-0.004760812036693096,0.007141217589378357,-0.9181042313575745,37200,1757
0,0.05999999865889549,-0.09000000357627869,9.75,0,0,0.0625,30.25,-28.6875,-19.5625,-0.3962460458278656,-0.004760812036693096,0.007141217589378357,-0.9181042313575745,37210,1758
0,0.03999999910593033,-0.10000000149011612,9.760000228881836,0.125,-0.1875,0.0625,30.25,-28.6875,-19.5625,-0.3962460458278656,-0.004760812036693096,0.007141217589378357,-0.9181042313575745,37220,1759
0,0.05999999865889549,-0.09000000357627869,9.739999771118164,-0.125,0.125,-0.0625,29.5,-30.1875,-18.75,-0.3962460458278656,-0.004760812036693096,0.007141217589378357,-0.9181042313575745,37230,1760
0,0.05000000074505806,-0.09000000357627869,9.710000038146973,0.0625,0.125,-0.0625,29.5,-30.1875,-18.75,-0.3962460458278656,-0.004760812036693096,0.007141217589378357,-0.9181042313575745,37240,1761
0,0.029999999329447746,-0.09000000357627869,9.710000038146973,-0.125,0.1875,0,29.5,-30.1875,-18.75,-0.3962460458278656,-0.004760812036693096,0.007141217589378357,-0.9181042313575745,37250,1762
0,0.05999999865889549,-0.09000000357627869,9.75,0,0,0,29.5,-30.1875,-18.75,-0.3962460458278656,-0.004760812036693096,0.007141217589378357,-0.9181042313575745,37260,1763
0,0.05000000074505806,-0.09000000357627869,9.729999542236328,0,0.0625,-0.125,29.5,-30.1875,-18.75,-0.3962460458278656,-0.004760812036693096,0.007141217589378357,-0.9181042313575745,37270,1764
0,0.05000000074505806,-0.07000000029802322,9.739999771118164,0.0625,0.125,0.0625,31.375,-29,-19.5625,-0.3962460458278656,-0.004760812036693096,0.007141217589378357,-0.9181042313575745,37280,1765
0,0.05999999865889549,-0.09000000357627869,9.75,0,0.125,-0.0625,31.375,-29,-19.5625,-0.3962460458278656,-0.004760812036693096,0.007141217589378357,-0.9181042313575745,37290,1766
0,0.05999999865889549,-0.07999999821186066,9.710000038146973,0.0625,0.0625,-0.0625,31.375,-29,-19.5625,-0.3962460458278656,-0.004760812036693096,0.007141217589378357,-0.9181042313575745,37300,1767
0,0.05000000074505806,-0.07999999821186066,9.729999542236328,-0.0625,0.125,-0.0625,31.375,-29,-19.5625,-0.3962460458278656,-0.004760812036693096,0.007141217589378357,-0.9181042313575745,37310,1768
0,0.05999999865889549,-0.07000000029802322,9.699999809265137,-0.125,0,0.0625,31.375,-29,-19.5625,-0.3962460458278656,-0.004760812036693096,0.007141217589378357,-0.9181042313575745,37320,1769
0,0.07000000029802322,-0.07999999821186066,9.75,0.0625,0.0625,0.0625,29.5,-24.1875,-18.875,-0.3962460458278656,-0.004760812036693096,0.007141217589378357,-0.9181042313575745,37330,1770
0,0.05000000074505806,-0.05000000074505806,9.75,0.0625,0.0625,0.0625,29.5,-24.1875,-18.875,-0.3962460458278656,-0.004760812036693096,0.007141217589378357,-0.9181042313575745,37340,1771
0,0.05000000074505806,-0.05000000074505806,9.720000267028809,0.0625,0,0.0625,29.5,-24.1875,-18.875,-0.3962460458278656,-0.004760812036693096,0.007141217589378357,-0.9181042313575745,37350,1772
0,0.05000000074505806,-0.09000000357627869,9.739999771118164,0.0625,0,0.0625,29.5,-24.1875,-18.875,-0.3962460458278656,-0.004760812036693096,0.007141217589378357,-0.9181042313575745,37360,1773
0,0.07000000029802322,-0.10000000149011612,9.770000457763672,0.25,0.125,0,29.5,-24.1875,-18.875,-0.3962460458278656,-0.004760812036693096,0.007141217589378357,-0.9181042313575745,37370,1774
0,0.07000000029802322,-0.07000000029802322,9.720000267028809,0.125,-0.0625,0.0625,30.6875,-29.375,-20.75,-0.3962460458278656,-0.004760812036693096,0.007141217589378357,-0.9181042313575745,37380,1775
0,0.07000000029802322,-0.05999999865889549,9.699999809265137,0.0625,0,-0.125,30.6875,-29.375,-20.75,-0.3962460458278656,-0.004760812036693096,0.007141217589378357,-0.9181042313575745,37390,1776
0,0.05999999865889549,-0.07000000029802322,9.729999542236328,0,-0.0625,0.0625,30.6875,-29.375,-20.75,-0.3962460458278656,-0.004760812036693096,0.007141217589378357,-0.9181042313575745,37400,1777
0,0.07000000029802322,-0.05000000074505806,9.739999771118164,0.0625,-0.0625,-0.0625,30.6875,-29.375,-20.75,-0.3962460458278656,-0.004760812036693096,0.007141217589378357,-0.9181042313575745,37410,1778
0,0.05000000074505806,-0.07000000029802322,9.720000267028809,0.0625,0,-0.125,30.6875,-29.375,-20.75,-0.3962460458278656,-0.004760812036693096,0.007141217589378357,-0.9181042313575745,37420,1779
0,0.05999999865889549,-0.09000000357627869,9.789999961853027,0.1875,-0.125,0.0625,28.75,-23.375,-19.25,-0.3962460458278656,-0.004760812036693096,0.007141217589378357,-0.9181042313575745,37430,1780
0,0.05999999865889549,-0.09000000357627869,9.739999771118164,-0.0625,0.0625,0.0625,28.75,-23.375,-19.25,-0.3962460458278656,-0.004760812036693096,0.007141217589378357,-0.9181042313575745,37440,1781
0,0.05000000074505806,-0.09000000357627869,9.710000038146973,0,0.125,-0.0625,28.75,-23.375,-19.25,-0.3962460458278656,-0.004760812036693096,0.007141217589378357,-0.9181042313575745,37450,1782
0,0.07000000029802322,-0.05999999865889549,9.75,0.125,0.0625,0,28.75,-23.375,-19.25,-0.3962460458278656,-0.004760812036693096,0.007141217589378357,-0.9181042313575745,37460,1783
0,0.05000000074505806,-0.07999999821186066,9.75,0.0625,0,-0.125,28.75,-23.375,-19.25,-0.3962460458278656,-0.004760812036693096,0.007141217589378357,-0.9181042313575745,37470,1784
0,0.05999999865889549,-0.07999999821186066,9.720000267028809,0.0625,0.0625,0.0625,29.875,-30.1875,-20.5,-0.3962460458278656,-0.004760812036693096,0.007141217589378357,-0.9181042313575745,37480,1785
0,0.05000000074505806,-0.07999999821186066,9.739999771118164,0.125,-0.0625,0,29.875,-30.1875,-20.5,-0.3962460458278656,-0.004760812036693096,0.007141217589378357,-0.9181042313575745,37490,1786
0,0.05999999865889549,-0.07000000029802322,9.720000267028809,0.125,0,0.0625,29.875,-30.1875,-20.5,-0.3962460458278656,-0.004760812036693096,0.007141217589378357,-0.9181042313575745,37500,1787
0,0.03999999910593033,-0.10000000149011612,9.75,-0.0625,-0.0625,-0.0625,29.875,-30.1875,-20.5,-0.3962460458278656,-0.004760812036693096,0.007141217589378357,-0.9181042313575745,37510,1788
0,0.07000000029802322,-0.07999999821186066,9.739999771118164,0.0625,-0.0625,0.0625,29.875,-30.1875,-20.5,-0.3962460458278656,-0.004760812036693096,0.007141217589378357,-0.9181042313575745,37520,1789
0,0.03999999910593033,-0.10000000149011612,9.739999771118164,0.125,-0.0625,0.125,29.5,-29.75,-20.0625,-0.3962460458278656,-0.004760812036693096,0.007141217589378357,-0.9181042313575745,37530,1790
0,0.05999999865889549,-0.05999999865889549,9.75,0.0625,0,0.0625,29.5,-29.75,-20.0625,-0.3962460458278656,-0.004760812036693096,0.007141217589378357,-0.9181042313575745,37540,1791
0,0.05000000074505806,-0.07999999821186066,9.739999771118164,0.125,-0.0625,0.0625,29.5,-29.75,-20.0625,-0.3962460458278656,-0.004760812036693096,0.007141217589378357,-0.9181042313575745,37550,1792
0,0.07000000029802322,-0.10000000149011612,9.720000267028809,0,0.1875,-0.0625,29.5,-29.75,-20.0625,-0.3962460458278656,-0.004760812036693096,0.007141217589378357,-0.9181042313575745,37560,1793
0,0.05000000074505806,-0.09000000357627869,9.739999771118164,0.0625,0.25,-0.0625,29.5,-29.75,-20.0625,-0.3962460458278656,-0.004760812036693096,0.007141217589378357,-0.9181042313575745,37570,1794
0,0.05000000074505806,-0.07999999821186066,9.760000228881836,0,0.0625,0.0625,30.25,-27.5,-19.5625,-0.3962460458278656,-0.004760812036693096,0.007141217589378357,-0.9181042313575745,37580,1795
0,0.03999999910593033,-0.10000000149011612,9.729999542236328,0.125,0,0.0625,30.25,-27.5,-19.5625,-0.3962460458278656,-0.004760812036693096,0.007141217589378357,-0.9181042313575745,37590,1796
0,0.05000000074505806,-0.07999999821186066,9.729999542236328,-0.0625,0.125,0,30.25,-27.5,-19.5625,-0.3962460458278656,-0.004760812036693096,0.007141217589378357,-0.9181042313575745,37600,1797
0,0.05000000074505806,-0.09000000357627869,9.739999771118164,-0.125,0.1875,-0.0625,30.25,-27.5,-19.5625,-0.3962460458278656,-0.004760812036693096,0.007141217589378357,-0.9181042313575745,37610,1798
0,0.03999999910593033,-0.07000000029802322,9.75,0,0.25,0,30.25,-27.5,-19.5625,-0.3962460458278656,-0.004760812036693096,0.007141217589378357,-0.9181042313575745,37620,1799
0,0.05999999865889549,-0.05000000074505806,9.75,0,-0.125,0,30.25,-28.25,-19.5625,-0.3962460458278656,-0.004760812036693096,0.007141217589378357,-0.9181042313575745,37630,1800
0,0.05999999865889549,-0.07000000029802322,9.75,0.0625,0.125,0.125,30.25,-28.25,-19.5625,-0.3962460458278656,-0.004760812036693096,0.007141217589378357,-0.9181042313575745,37640,1801
0,0.05999999865889549,-0.07000000029802322,9.760000228881836,0.0625,0.1875,0,30.25,-28.25,-19.5625,-0.3962460458278656,-0.004760812036693096,0.007141217589378357,-0.9181042313575745,37650,1802
0,0.07999999821186066,-0.07999999821186066,9.770000457763672,0,0.1875,0,30.25,-28.25,-19.5625,-0.3962460458278656,-0.004760812036693096,0.007141217589378357,-0.9181042313575745,37660,1803
0,0.05999999865889549,-0.07999999821186066,9.739999771118164,-0.0625,0,0.0625,30.25,-28.25,-19.5625,-0.3962460458278656,-0.004760812036693096,0.007141217589378357,-0.9181042313575745,37670,1804
0,0.05999999865889549,-0.10000000149011612,9.739999771118164,-0.125,0.125,0,29.1875,-28.6875,-18.75,-0.3962460458278656,-0.004760812036693096,0.007141217589378357,-0.9181042313575745,37680,1805
0,0.05999999865889549,-0.07000000029802322,9.75,0.125,0,0,29.1875,-28.6875,-18.75,-0.3962460458278656,-0.004760812036693096,0.007141217589378357,-0.9181042313575745,37690,1806
0,0.03999999910593033,-0.05999999865889549,9.729999542236328,0.0625,0.125,0.0625,29.1875,-28.6875,-18.75,-0.3962460458278656,-0.004760812036693096,0.007141217589378357,-0.9181042313575745,37700,1807
0,0.05000000074505806,-0.09000000357627869,9.739999771118164,-0.0625,0.125,0.0625,29.1875,-28.6875,-18.75,-0.3962460458278656,-0.004760812036693096,0.007141217589378357,-0.9181042313575745,37710,1808
0,0.07000000029802322,-0.10000000149011612,9.760000228881836,0,-0.125,0,29.1875,-28.6875,-18.75,-0.3962460458278656,-0.004760812036693096,0.007141217589378357,-0.9181042313575745,37720,1809
0,0.05000000074505806,-0.09000000357627869,9.739999771118164,-0.0625,0,-0.0625,29.875,-26.75,-20.5,-0.3962460458278656,-0.004760812036693096,0.007141217589378357,-0.9181042313575745,37730,1810
0,0.03999999910593033,-0.07999999821186066,9.75,0.0625,-0.125,-0.0625,29.875,-26.75,-20.5,-0.3962460458278656,-0.004760812036693096,0.007141217589378357,-0.9181042313575745,37740,1811
0,0.05000000074505806,-0.07000000029802322,9.729999542236328,0.0625,0.0625,0.125,29.875,-26.75,-20.5,-0.3962460458278656,-0.004760812036693096,0.007141217589378357,-0.9181042313575745,37750,1812
0,0.05000000074505806,-0.09000000357627869,9.710000038146973,-0.125,0.25,0,29.875,-26.75,-20.5,-0.3962460458278656,-0.004760812036693096,0.007141217589378357,-0.9181042313575745,37760,1813
0,0.03999999910593033,-0.07999999821186066,9.760000228881836,-0.1875,0.125,0,29.875,-26.75,-20.5,-0.3962460458278656,-0.004760812036693096,0.007141217589378357,-0.9181042313575745,37770,1814
0,0.05000000074505806,-0.07000000029802322,9.75,0,0,-0.0625,29.1875,-28.25,-19.5625,-0.3962460458278656,-0.004760812036693096,0.007141217589378357,-0.9181042313575745,37780,1815
0,0.07000000029802322,-0.10000000149011612,9.720000267028809,0,0,-0.0625,29.1875,-28.25,-19.5625,-0.3962460458278656,-0.004760812036693096,0.007141217589378357,-0.9181042313575745,37790,1816
0,0.03999999910593033,-0.09000000357627869,9.720000267028809,0,0,0,29.1875,-28.25,-19.5625,-0.3962460458278656,-0.004760812036693096,0.007141217589378357,-0.9181042313575745,37800,1817
0,0.05999999865889549,-0.09000000357627869,9.75,0,0,-0.0625,29.1875,-28.25,-19.5625,-0.3962460458278656,-0.004760812036693096,0.007141217589378357,-0.9181042313575745,37810,1818
0,0.05999999865889549,-0.07000000029802322,9.770000457763672,0.0625,0.0625,0,29.1875,-28.25,-19.5625,-0.3962460458278656,-0.004760812036693096,0.007141217589378357,-0.9181042313575745,37820,1819
0,0.05000000074505806,-0.07999999821186066,9.739999771118164,0.0625,-0.125,0.0625,29.5,-29.375,-20.5,-0.3962460458278656,-0.004760812036693096,0.007141217589378357,-0.9181042313575745,37830,1820
0,0.05999999865889549,-0.07999999821186066,9.720000267028809,0.0625,-0.125,0.0625,29.5,-29.375,-20.5,-0.3962460458278656,-0.004760812036693096,0.007141217589378357,-0.9181042313575745,37840,1821
0,0.05999999865889549,-0.07999999821186066,9.720000267028809,-0.0625,-0.1875,0,29.5,-29.375,-20.5,-0.3962460458278656,-0.004760812036693096,0.007141217589378357,-0.9181042313575745,37850,1822
0,0.07000000029802322,-0.07999999821186066,9.75,0.125,0.125,0,29.5,-29.375,-20.5,-0.3962460458278656,-0.004760812036693096,0.007141217589378357,-0.9181042313575745,37860,1823
0,0.05000000074505806,-0.10000000149011612,9.760000228881836,0.1875,0,-0.0625,29.5,-29.375,-20.5,-0.3962460458278656,-0.004760812036693096,0.007141217589378357,-0.9181042313575745,37870,1824
0,0.05000000074505806,-0.07000000029802322,9.729999542236328,0,-0.0625,0,30.6875,-25.6875,-18.5,-0.3962460458278656,-0.004760812036693096,0.007141217589378357,-0.9181042313575745,37880,1825
0,0.07000000029802322,-0.05999999865889549,9.760000228881836,0,0,0.0625,30.6875,-25.6875,-18.5,-0.3962460458278656,-0.004760812036693096,0.007141217589378357,-0.9181042313575745,37890,1826
0,0.07000000029802322,-0.07999999821186066,9.75,0.125,0,0.0625,30.6875,-25.6875,-18.5,-0.3962460458278656,-0.004760812036693096,0.007141217589378357,-0.9181042313575745,37900,1827
0,0.05000000074505806,-0.07999999821186066,9.760000228881836,0,0.0625,-0.0625,30.6875,-25.6875,-18.5,-0.3962460458278656,-0.004760812036693096,0.007141217589378357,-0.9181042313575745,37910,1828
0,0.05999999865889549,-0.09000000357627869,9.760000228881836,-0.0625,0.125,0,30.6875,-25.6875,-18.5,-0.3962460458278656,-0.004760812036693096,0.007141217589378357,-0.9181042313575745,37920,1829
0,0.03999999910593033,-0.05999999865889549,9.739999771118164,0.0625,0.0625,-0.0625,29.5,-29,-18.5,-0.3962460458278656,-0.004760812036693096,0.007141217589378357,-0.9181042313575745,37930,1830
0,0.05000000074505806,-0.07999999821186066,9.729999542236328,-0.0625,0.0625,0.0625,29.5,-29,-18.5,-0.3962460458278656,-0.004760812036693096,0.007141217589378357,-0.9181042313575745,37940,1831
0,0.05000000074505806,-0.07000000029802322,9.729999542236328,-0.0625,0,-0.125,29.5,-29,-18.5,-0.3962460458278656,-0.004760812036693096,0.007141217589378357,-0.9181042313575745,37950,1832
0,0.03999999910593033,-0.07000000029802322,9.760000228881836,0,0.0625,0.0625,29.5,-29,-18.5,-0.3962460458278656,-0.004760812036693096,0.007141217589378357,-0.9181042313575745,37960,1833
0,0.05000000074505806,-0.09000000357627869,9.75,-0.0625,-0.125,0.0625,29.5,-29,-18.5,-0.3962460458278656,-0.004760812036693096,0.007141217589378357,-0.9181042313575745,37970,1834
0,0.03999999910593033,-0.07000000029802322,9.75,0.0625,0.0625,0.0625,29.5,-28.25,-18.75,-0.3962460458278656,-0.004760812036693096,0.007141217589378357,-0.9181042313575745,37980,1835
0,0.05999999865889549,-0.07999999821186066,9.739999771118164,0,0.1875,0.125,29.5,-28.25,-18.75,-0.3962460458278656,-0.004760812036693096,0.007141217589378357,-0.9181042313575745,37990,1836
0,0.05000000074505806,-0.09000000357627869,9.739999771118164,0,0,-0.0625,29.5,-28.25,-18.75,-0.3962460458278656,-0.004760812036693096,0.007141217589378357,-0.9181042313575745,38000,1837
0,0.05999999865889549,-0.07000000029802322,9.739999771118164,0,-0.125,0.0625,29.5,-28.25,-18.75,-0.3962460458278656,-0.004760812036693096,0.007141217589378357,-0.9181042313575745,38010,1838
0,0.07000000029802322,-0.10000000149011612,9.739999771118164,-0.125,0.25,0,29.5,-28.25,-18.75,-0.3962460458278656,-0.004760812036693096,0.007141217589378357,-0.9181042313575745,38020,1839
0,0.05999999865889549,-0.07000000029802322,9.75,0.0625,0.125,0,29.875,-29.75,-20.75,-0.3962460458278656,-0.004760812036693096,0.007141217589378357,-0.9181042313575745,38030,1840
0,0.05000000074505806,-0.09000000357627869,9.739999771118164,0.0625,0.0625,0,29.875,-29.75,-20.75,-0.3962460458278656,-0.004760812036693096,0.007141217589378357,-0.9181042313575745,38040,1841
0,0.05000000074505806,-0.09000000357627869,9.720000267028809,0,0,-0.0625,29.875,-29.75,-20.75,-0.3962460458278656,-0.004760812036693096,0.007141217589378357,-0.9181042313575745,38050,1842
0,0.07000000029802322,-0.07999999821186066,9.760000228881836,0.125,0,0,29.875,-29.75,-20.75,-0.3962460458278656,-0.004760812036693096,0.007141217589378357,-0.9181042313575745,38060,1843
0,0.05999999865889549,-0.05999999865889549,9.75,0.0625,-0.0625,0.0625,29.875,-29.75,-20.75,-0.3962460458278656,-0.004760812036693096,0.007141217589378357,-0.9181042313575745,38070,1844
0,0.03999999910593033,-0.09000000357627869,9.75,0.0625,0.125,0,29.875,-30.5,-19.25,-0.3962460458278656,-0.004760812036693096,0.007141217589378357,-0.9181042313575745,38080,1845
0,0.05999999865889549,-0.07999999821186066,9.729999542236328,-0.0625,0.0625,0.0625,29.875,-30.5,-19.25,-0.3962460458278656,-0.004760812036693096,0.007141217589378357,-0.9181042313575745,38090,1846
0,0.05000000074505806,-0.10999999940395355,9.720000267028809,0.1875,0.0625,0.0625,29.875,-30.5,-19.25,-0.3962460458278656,-0.004760812036693096,0.007141217589378357,-0.9181042313575745,38101,1847
0,0.07999999821186066,-0.07999999821186066,9.75,0.0625,0,-0.0625,29.875,-30.5,-19.25,-0.3962460458278656,-0.004760812036693096,0.007141217589378357,-0.9181042313575745,38111,1848
0,0.05000000074505806,-0.07999999821186066,9.75,0,-0.0625,0.0625,29.875,-30.5,-19.25,-0.3962460458278656,-0.004760812036693096,0.007141217589378357,-0.9181042313575745,38120,1849
0,0.07000000029802322,-0.10000000149011612,9.770000457763672,0,0.0625,0,29.1875,-29.75,-18.875,-0.3962460458278656,-0.004760812036693096,0.007141217589378357,-0.9181042313575745,38131,1850
0,0.05000000074505806,-0.10999999940395355,9.739999771118164,0,-0.125,0,29.1875,-29.75,-18.875,-0.3962460458278656,-0.004760812036693096,0.007141217589378357,-0.9181042313575745,38141,1851
0,0.03999999910593033,-0.09000000357627869,9.729999542236328,0.125,-0.0625,-0.0625,29.1875,-29.75,-18.875,-0.3962460458278656,-0.004760812036693096,0.007141217589378357,-0.9181042313575745,38151,1852
0,0.05000000074505806,-0.07000000029802322,9.720000267028809,0.0625,0.25,-0.0625,29.1875,-29.75,-18.875,-0.3962460458278656,-0.004760812036693096,0.007141217589378357,-0.9181042313575745,38160,1853
0,0.05000000074505806,-0.07999999821186066,9.729999542236328,0.125,-0.0625,-0.0625,29.1875,-29.75,-18.875,-0.3962460458278656,-0.004760812036693096,0.007141217589378357,-0.9181042313575745,38170,1854
0,0.05999999865889549,-0.09000000357627869,9.710000038146973,0.125,-0.125,0.0625,30.25,-30.1875,-18.875,-0.3962460458278656,-0.004760812036693096,0.007141217589378357,-0.9181042313575745,38181,1855
0,0.05000000074505806,-0.07000000029802322,9.729999542236328,0.0625,0.0625,0,30.25,-30.1875,-18.875,-0.3962460458278656,-0.004760812036693096,0.007141217589378357,-0.9181042313575745,38191,1856
0,0.05000000074505806,-0.07999999821186066,9.699999809265137,0.0625,-0.125,0,30.25,-30.1875,-18.875,-0.3962460458278656,-0.004760812036693096,0.007141217589378357,-0.9181042313575745,38201,1857
0,0.05999999865889549,-0.07000000029802322,9.710000038146973,-0.0625,0.125,-0.0625,30.25,-30.1875,-18.875,-0.3962460458278656,-0.004760812036693096,0.007141217589378357,-0.9181042313575745,38211,1858
0,0.05999999865889549,-0.10000000149011612,9.75,-0.0625,0.1875,0.0625,30.25,-30.1875,-18.875,-0.3962460458278656,-0.004760812036693096,0.007141217589378357,-0.9181042313575745,38220,1859
0,0.05000000074505806,-0.09000000357627869,9.770000457763672,0,0.125,0.0625,29.875,-29.75,-18.5,-0.3962460458278656,-0.004760812036693096,0.007141217589378357,-0.9181042313575745,38231,1860
0,0.03999999910593033,-0.07000000029802322,9.760000228881836,0.0625,0,0,29.875,-29.75,-18.5,-0.3962460458278656,-0.004760812036693096,0.007141217589378357,-0.9181042313575745,38241,1861
0,0.05000000074505806,-0.09000000357627869,9.720000267028809,0.0625,-0.125,0.0625,29.875,-29.75,-18.5,-0.3962460458278656,-0.004760812036693096,0.007141217589378357,-0.9181042313575745,38251,1862
0,0.07000000029802322,-0.09000000357627869,9.729999542236328,0.0625,0.125,-0.0625,29.875,-29.75,-18.5,-0.3962460458278656,-0.004760812036693096,0.007141217589378357,-0.9181042313575745,38260,1863
0,0.03999999910593033,-0.07999999821186066,9.75,0.125,0.0625,0,29.875,-29.75,-18.5,-0.3962460458278656,-0.004760812036693096,0.007141217589378357,-0.9181042313575745,38270,1864
0,0.07000000029802322,-0.05000000074505806,9.729999542236328,0.125,-0.1875,0.0625,29.5,-27.875,-18.875,-0.3962460458278656,-0.004760812036693096,0.007141217589378357,-0.9181042313575745,38281,1865
0,0.07000000029802322,-0.05999999865889549,9.75,0.0625,0.0625,0.0625,29.5,-27.875,-18.875,-0.3962460458278656,-0.004760812036693096,0.007141217589378357,-0.9181042313575745,38291,1866
0,0.07000000029802322,-0.07999999821186066,9.720000267028809,0,0.125,-0.0625,29.5,-27.875,-18.875,-0.3962460458278656,-0.004760812036693096,0.007141217589378357,-0.9181042313575745,38301,1867
0,0.05000000074505806,-0.07000000029802322,9.760000228881836,0,0.125,-0.0625,29.5,-27.875,-18.875,-0.3962460458278656,-0.004760812036693096,0.007141217589378357,-0.9181042313575745,38311,1868
0,0.05999999865889549,-0.05999999865889549,9.739999771118164,0,0,0.0625,29.5,-27.875,-18.875,-0.3962460458278656,-0.004760812036693096,0.007141217589378357,-0.9181042313575745,38320,1869
0,0.05999999865889549,-0.07999999821186066,9.729999542236328,-0.0625,0.125,-0.125,30.6875,-27.5,-18.875,-0.3962460458278656,-0.004760812036693096,0.007141217589378357,-0.9181042313575745,38331,1870
0,0.05999999865889549,-0.09000000357627869,9.729999542236328,0,0.25,0,30.6875,-27.5,-18.875,-0.3962460458278656,-0.004760812036693096,0.007141217589378357,-0.9181042313575745,38341,1871
0,0.05999999865889549,-0.07000000029802322,9.760000228881836,0.125,0.125,0,30.6875,-27.5,-18.875,-0.3962460458278656,-0.004760812036693096,0.007141217589378357,-0.9181042313575745,38351,1872
0,0.07000000029802322,-0.10000000149011612,9.75,-0.125,0.0625,0,30.6875,-27.5,-18.875,-0.3962460458278656,-0.004760812036693096,0.007141217589378357,-0.9181042313575745,38360,1873
0,0.05999999865889549,-0.07999999821186066,9.760000228881836,-0.125,0,0.125,30.6875,-27.5,-18.875,-0.3962460458278656,-0.004760812036693096,0.007141217589378357,-0.9181042313575745,38370,1874
0,0.05000000074505806,-0.09000000357627869,9.779999732971191,-0.125,0.125,0.0625,29.875,-27.875,-20.0625,-0.3962460458278656,-0.004760812036693096,0.007141217589378357,-0.9181042313575745,38381,1875
0,0.05000000074505806,-0.10000000149011612,9.760000228881836,0.0625,-0.1875,-0.0625,29.875,-27.875,-20.0625,-0.3962460458278656,-0.004760812036693096,0.007141217589378357,-0.9181042313575745,38391,1876
0,0.07000000029802322,-0.09000000357627869,9.739999771118164,0,-0.0625,0,29.875,-27.875,-20.0625,-0.3962460458278656,-0.004760812036693096,0.007141217589378357,-0.9181042313575745,38401,1877
0,0.07000000029802322,-0.07999999821186066,9.710000038146973,-0.0625,0,0.0625,29.875,-27.875,-20.0625,-0.3962460458278656,-0.004760812036693096,0.007141217589378357,-0.9181042313575745,38411,1878
0,0.03999999910593033,-0.09000000357627869,9.75,-0.125,0.125,-0.0625,29.875,-27.875,-20.0625,-0.3962460458278656,-0.004760812036693096,0.007141217589378357,-0.9181042313575745,38420,1879
0,0.05999999865889549,-0.05999999865889549,9.760000228881836,-0.0625,0.1875,0,29.875,-27.875,-18.5,-0.3962460458278656,-0.004760812036693096,0.007141217589378357,-0.9181042313575745,38431,1880
0,0.05999999865889549,-0.07999999821186066,9.710000038146973,0,0.125,-0.0625,29.875,-27.875,-18.5,-0.3962460458278656,-0.004760812036693096,0.007141217589378357,-0.9181042313575745,38441,1881
0,0.03999999910593033,-0.07999999821186066,9.720000267028809,0.125,0.1875,-0.0625,29.875,-27.875,-18.5,-0.3962460458278656,-0.004760812036693096,0.007141217589378357,-0.9181042313575745,38451,1882
0,0.05000000074505806,-0.07000000029802322,9.729999542236328,0.125,0.0625,0,29.875,-27.875,-18.5,-0.3962460458278656,-0.004760812036693096,0.007141217589378357,-0.9181042313575745,38461,1883
0,0.05000000074505806,-0.07000000029802322,9.739999771118164,0.125,-0.125,-0.0625,29.875,-27.875,-18.5,-0.3962460458278656,-0.004760812036693096,0.007141217589378357,-0.9181042313575745,38470,1884
0,0.03999999910593033,-0.07999999821186066,9.739999771118164,0.0625,0.0625,-0.0625,30.25,-27.1875,-20.75,-0.3962460458278656,-0.004760812036693096,0.007141217589378357,-0.9181042313575745,38482,1885
0,0.05999999865889549,-0.09000000357627869,9.699999809265137,-0.0625,0.125,0.0625,30.25,-27.1875,-20.75,-0.3962460458278656,-0.004760812036693096,0.007141217589378357,-0.9181042313575745,38491,1886
0,0.03999999910593033,-0.07000000029802322,9.710000038146973,0,0.25,-0.0625,30.25,-27.1875,-20.75,-0.3962460458278656,-0.004760812036693096,0.007141217589378357,-0.9181042313575745,38501,1887
0,0.05000000074505806,-0.07999999821186066,9.760000228881836,0.125,0.125,-0.0625,30.25,-27.1875,-20.75,-0.3962460458278656,-0.004760812036693096,0.007141217589378357,-0.9181042313575745,38511,1888
0,0.03999999910593033,-0.09000000357627869,9.75,0,0.125,0.0625,30.25,-27.1875,-20.75,-0.3962460458278656,-0.004760812036693096,0.007141217589378357,-0.9181042313575745,38520,1889
0,0.07000000029802322,-0.07999999821186066,9.729999542236328,0,-0.0625,0,29.875,-27.1875,-19.5625,-0.3962460458278656,-0.004760812036693096,0.007141217589378357,-0.9181042313575745,38532,1890
0,0.07000000029802322,-0.05999999865889549,9.739999771118164,0.1875,-0.1875,-0.125,29.875,-27.1875,-19.5625,-0.3962460458278656,-0.004760812036693096,0.007141217589378357,-0.9181042313575745,38542,1891
0,0.05999999865889549,-0.09000000357627869,9.710000038146973,0.0625,-0.0625,0,29.875,-27.1875,-19.5625,-0.3962460458278656,-0.004760812036693096,0.007141217589378357,-0.9181042313575745,38552,1892
0,0.029999999329447746,-0.07999999821186066,9.75,-0.0625,0.0625,-0.0625,29.875,-27.1875,-19.5625,-0.3962460458278656,-0.004760812036693096,0.007141217589378357,-0.9181042313575745,38561,1893
0,0.03999999910593033,-0.09000000357627869,9.739999771118164,0,0.0625,-0.0625,29.875,-27.1875,-19.5625,-0.3962460458278656,-0.004760812036693096,0.007141217589378357,-0.9181042313575745,38570,1894
0,0.05999999865889549,-0.07000000029802322,9.75,-0.0625,0.0625,0,30.25,-28.6875,-19.25,-0.3962460458278656,-0.004760812036693096,0.007141217589378357,-0.9181042313575745,38582,1895
0,0.05000000074505806,-0.07000000029802322,9.710000038146973,-0.125,0.0625,-0.0625,30.25,-28.6875,-19.25,-0.3962460458278656,-0.004760812036693096,0.007141217589378357,-0.9181042313575745,38592,1896
0,0.05999999865889549,-0.09000000357627869,9.699999809265137,-0.0625,0.1875,-0.0625,30.25,-28.6875,-19.25,-0.3962460458278656,-0.004760812036693096,0.007141217589378357,-0.9181042313575745,38602,1897
0,0.03999999910593033,-0.10000000149011612,9.75,0,-0.125,0.0625,30.25,-28.6875,-19.25,-0.3962460458278656,-0.004760812036693096,0.007141217589378357,-0.9181042313575745,38612,1898
0,0.03999999910593033,-0.07000000029802322,9.739999771118164,0.0625,-0.1875,0,30.25,-28.6875,-19.25,-0.3962460458278656,-0.004760812036693096,0.007141217589378357,-0.9181042313575745,38620,1899
0,0.07000000029802322,-0.07999999821186066,9.75,-0.0625,0.125,0,30.6875,-28.25,-20.0625,-0.3962460458278656,-0.004760812036693096,0.007141217589378357,-0.9181042313575745,38632,1900
0,0.05999999865889549,-0.10000000149011612,9.729999542236328,0.0625,-0.125,0,30.6875,-28.25,-20.0625,-0.3962460458278656,-0.004760812036693096,0.007141217589378357,-0.9181042313575745,38642,1901
0,0.05000000074505806,-0.07999999821186066,9.729999542236328,0.0625,-0.0625,0.125,30.6875,-28.25,-20.0625,-0.3962460458278656,-0.004760812036693096,0.007141217589378357,-0.9181042313575745,38652,1902
0,0.05999999865889549,-0.09000000357627869,9.760000228881836,-0.0625,0.25,-0.1875,30.6875,-28.25,-20.0625,-0.3962460458278656,-0.004760812036693096,0.007141217589378357,-0.9181042313575745,38661,1903
0,0.05000000074505806,-0.07999999821186066,9.760000228881836,0,0.25,0,30.6875,-28.25,-20.0625,-0.3962460458278656,-0.004760812036693096,0.007141217589378357,-0.9181042313575745,38670,1904
0,0.03999999910593033,-0.09000000357627869,9.739999771118164,-0.0625,-0.125,0,29.875,-27.875,-19.25,-0.3962460458278656,-0.004760812036693096,0.007141217589378357,-0.9181042313575745,38682,1905
0,0.05000000074505806,-0.09000000357627869,9.729999542236328,0,-0.0625,-0.0625,29.875,-27.875,-19.25,-0.3962460458278656,-0.004760812036693096,0.007141217589378357,-0.9181042313575745,38692,1906
0,0.05999999865889549,-0.07999999821186066,9.75,-0.0625,-0.1875,0,29.875,-27.875,-19.25,-0.3962460458278656,-0.004760812036693096,0.007141217589378357,-0.9181042313575745,38702,1907
0,0.05999999865889549,-0.07999999821186066,9.75,0.0625,0,0.0625,29.875,-27.875,-19.25,-0.3962460458278656,-0.004760812036693096,0.007141217589378357,-0.9181042313575745,38712,1908
0,0.05999999865889549,-0.07999999821186066,9.760000228881836,0,0.0625,0,29.875,-27.875,-19.25,-0.3962460458278656,-0.004760812036693096,0.007141217589378357,-0.9181042313575745,38720,1909
0,0.07000000029802322,-0.10000000149011612,9.779999732971191,-0.0625,0.0625,-0.0625,29.1875,-24.1875,-19.25,-0.3962460458278656,-0.004760812036693096,0.007141217589378357,-0.9181042313575745,38732,1910
0,0.05000000074505806,-0.10000000149011612,9.729999542236328,0.125,0.125,0.0625,29.1875,-24.1875,-19.25,-0.3962460458278656,-0.004760812036693096,0.007141217589378357,-0.9181042313575745,38742,1911
0,0.05000000074505806,-0.09000000357627869,9.760000228881836,0.0625,0,0,29.1875,-24.1875,-19.25,-0.3962460458278656,-0.004760812036693096,0.007141217589378357,-0.9181042313575745,38752,1912
0,0.05999999865889549,-0.10000000149011612,9.75,0,-0.125,0,29.1875,-24.1875,-19.25,-0.3962460458278656,-0.004760812036693096,0.007141217589378357,-0.9181042313575745,38761,1913
0,0.05000000074505806,-0.10000000149011612,9.720000267028809,0.0625,0,0,29.1875,-24.1875,-19.25,-0.3962460458278656,-0.004760812036693096,0.007141217589378357,-0.9181042313575745,38770,1914
0,0.05999999865889549,-0.07999999821186066,9.770000457763672,-0.0625,0.0625,0,29.5,-28.25,-18.5,-0.3962460458278656,-0.004760812036693096,0.007141217589378357,-0.9181042313575745,38782,1915
0,0.05999999865889549,-0.09000000357627869,9.75,0.125,-0.0625,-0.0625,29.5,-28.25,-18.5,-0.3962460458278656,-0.004760812036693096,0.007141217589378357,-0.9181042313575745,38792,1916
0,0.05000000074505806,-0.07000000029802322,9.75,0,0,0,29.5,-28.25,-18.5,-0.3962460458278656,-0.004760812036693096,0.007141217589378357,-0.9181042313575745,38802,1917
0,0.07000000029802322,-0.09000000357627869,9.760000228881836,-0.0625,-0.125,0,29.5,-28.25,-18.5,-0.3962460458278656,-0.004760812036693096,0.007141217589378357,-0.9181042313575745,38812,1918
0,0.07000000029802322,-0.09000000357627869,9.739999771118164,0.125,-0.125,0.0625,29.5,-28.25,-18.5,-0.3962460458278656,-0.004760812036693096,0.007141217589378357,-0.9181042313575745,38820,1919
0,0.03999999910593033,-0.09000000357627869,9.710000038146973,0.0625,-0.0625,0,29.875,-30.5,-20.0625,-0.3962460458278656,-0.004760812036693096,0.007141217589378357,-0.9181042313575745,38832,1920
0,0.05999999865889549,-0.10000000149011612,9.75,0,0.0625,0.0625,29.875,-30.5,-20.0625,-0.3962460458278656,-0.004760812036693096,0.007141217589378357,-0.9181042313575745,38842,1921
0,0.05999999865889549,-0.07999999821186066,9.710000038146973,0,0.0625,0.0625,29.875,-30.5,-20.0625,-0.3962460458278656,-0.004760812036693096,0.007141217589378357,-0.9181042313575745,38852,1922
0,0.05000000074505806,-0.07999999821186066,9.75,-0.0625,0,0,29.875,-30.5,-20.0625,-0.3962460458278656,-0.004760812036693096,0.007141217589378357,-0.9181042313575745,38861,1923
0,0.05999999865889549,-0.10000000149011612,9.739999771118164,-0.125,0,0,29.875,-30.5,-20.0625,-0.3962460458278656,-0.004760812036693096,0.007141217589378357,-0.9181042313575745,38870,1924
0,0.03999999910593033,-0.07999999821186066,9.729999542236328,0.0625,-0.0625,0.0625,30.25,-30.1875,-18.5,-0.3962460458278656,-0.004760812036693096,0.007141217589378357,-0.9181042313575745,38882,1925
0,0.05999999865889549,-0.07999999821186066,9.739999771118164,0.125,0.0625,-0.125,30.25,-30.1875,-18.5,-0.3962460458278656,-0.004760812036693096,0.007141217589378357,-0.9181042313575745,38892,1926
0,0.05999999865889549,-0.07999999821186066,9.729999542236328,0.0625,-0.0625,0,30.25,-30.1875,-18.5,-0.3962460458278656,-0.004760812036693096,0.007141217589378357,-0.9181042313575745,38902,1927
0,0.05999999865889549,-0.09000000357627869,9.739999771118164,-0.0625,-0.0625,0,30.25,-30.1875,-18.5,-0.3962460458278656,-0.004760812036693096,0.007141217589378357,-0.9181042313575745,38912,1928
0,0.05999999865889549,-0.09000000357627869,9.75,0.0625,0.0625,0,30.25,-30.1875,-18.5,-0.3962460458278656,-0.004760812036693096,0.007141217589378357,-0.9181042313575745,38920,1929
0,0.05000000074505806,-0.10000000149011612,9.770000457763672,0,-0.3125,0.0625,30.6875,-25.25,-19.25,-0.3962460458278656,-0.004760812036693096,0.007141217589378357,-0.9181042313575745,38933,1930
0,0.05999999865889549,-0.07999999821186066,9.729999542236328,0.125,0.1875,0.0625,30.6875,-25.25,-19.25,-0.3962460458278656,-0.004760812036693096,0.007141217589378357,-0.9181042313575745,38942,1931
0,0.03999999910593033,-0.07999999821186066,9.710000038146973,-0.125,-0.0625,0,30.6875,-25.25,-19.25,-0.3962460458278656,-0.004760812036693096,0.007141217589378357,-0.9181042313575745,38952,1932
0,0.03999999910593033,-0.09000000357627869,9.729999542236328,0.0625,-0.125,0.0625,30.6875,-25.25,-19.25,-0.3962460458278656,-0.004760812036693096,0.007141217589378357,-0.9181042313575745,38962,1933
0,0.05000000074505806,-0.09000000357627869,9.739999771118164,0,-0.0625,0.125,30.6875,-25.25,-19.25,-0.3962460458278656,-0.004760812036693096,0.007141217589378357,-0.9181042313575745,38970,1934
0,0.05000000074505806,-0.07000000029802322,9.739999771118164,0.0625,0.0625,0,30.6875,-28.25,-20.5,-0.3962460458278656,-0.004760812036693096,0.007141217589378357,-0.9181042313575745,38983,1935
0,0.03999999910593033,-0.10000000149011612,9.739999771118164,0.125,0,0,30.6875,-28.25,-20.5,-0.3962460458278656,-0.004760812036693096,0.007141217589378357,-0.9181042313575745,38993,1936
0,0.05999999865889549,-0.09000000357627869,9.729999542236328,-0.0625,-0.1875,0.0625,30.6875,-28.25,-20.5,-0.3962460458278656,-0.004760812036693096,0.007141217589378357,-0.9181042313575745,39003,1937
0,0.03999999910593033,-0.10000000149011612,9.770000457763672,0.0625,-0.125,0,30.6875,-28.25,-20.5,-0.3962460458278656,-0.004760812036693096,0.007141217589378357,-0.9181042313575745,39013,1938
0,0.05000000074505806,-0.09000000357627869,9.75,0,0,0.0625,30.6875,-28.25,-20.5,-0.3962460458278656,-0.004760812036693096,0.007141217589378357,-0.9181042313575745,39020,1939
0,0.03999999910593033,-0.07999999821186066,9.760000228881836,0,-0.1875,-0.0625,31,-21.875,-18.5,-0.3962460458278656,-0.004760812036693096,0.007141217589378357,-0.9181042313575745,39033,1940
0,0.03999999910593033,-0.07999999821186066,9.760000228881836,0,-0.25,0.0625,31,-21.875,-18.5,-0.3962460458278656,-0.004760812036693096,0.007141217589378357,-0.9181042313575745,39043,1941
0,0.03999999910593033,-0.07999999821186066,9.710000038146973,0.0625,-0.0625,0,31,-21.875,-18.5,-0.3962460458278656,-0.004760812036693096,0.007141217589378357,-0.9181042313575745,39053,1942
0,0.05999999865889549,-0.09000000357627869,9.710000038146973,0,-0.125,0.0625,31,-21.875,-18.5,-0.3962460458278656,-0.004760812036693096,0.007141217589378357,-0.9181042313575745,39062,1943
0,0.03999999910593033,-0.05999999865889549,9.729999542236328,0,-0.125,0.0625,31,-21.875,-18.5,-0.3962460458278656,-0.004760812036693096,0.007141217589378357,-0.9181042313575745,39070,1944
0,0.07000000029802322,-0.10000000149011612,9.770000457763672,0,-0.125,0,29.875,-27.5,-19.25,-0.3962460458278656,-0.004760812036693096,0.007141217589378357,-0.9181042313575745,39083,1945
0,0.05000000074505806,-0.09000000357627869,9.729999542236328,0.125,-0.0625,0,29.875,-27.5,-19.25,-0.3962460458278656,-0.004760812036693096,0.007141217589378357,-0.9181042313575745,39093,1946
0,0.05999999865889549,-0.07999999821186066,9.729999542236328,0.0625,-0.125,0,29.875,-27.5,-19.25,-0.3962460458278656,-0.004760812036693096,0.007141217589378357,-0.9181042313575745,39103,1947
0,0.03999999910593033,-0.09000000357627869,9.739999771118164,-0.0625,0.125,-0.125,29.875,-27.5,-19.25,-0.3962460458278656,-0.004760812036693096,0.007141217589378357,-0.9181042313575745,39113,1948
0,0.05999999865889549,-0.07000000029802322,9.729999542236328,-0.0625,0.1875,-0.0625,29.875,-27.5,-19.25,-0.3962460458278656,-0.004760812036693096,0.007141217589378357,-0.9181042313575745,39120,1949
0,0.05000000074505806,-0.07000000029802322,9.75,0,0.1875,-0.0625,30.25,-26.75,-17.25,-0.3962460458278656,-0.004760812036693096,0.007141217589378357,-0.9181042313575745,39133,1950
0,0.019999999552965164,-0.10000000149011612,9.760000228881836,0,0.125,0,30.25,-26.75,-17.25,-0.3962460458278656,-0.004760812036693096,0.007141217589378357,-0.9181042313575745,39143,1951
0,0.03999999910593033,-0.07999999821186066,9.760000228881836,-0.125,0.125,0,30.25,-26.75,-17.25,-0.3962460458278656,-0.004760812036693096,0.007141217589378357,-0.9181042313575745,39153,1952
0,0.05000000074505806,-0.09000000357627869,9.75,-0.0625,0,-0.0625,30.25,-26.75,-17.25,-0.3962460458278656,-0.004760812036693096,0.007141217589378357,-0.9181042313575745,39162,1953
0,0.03999999910593033,-0.07000000029802322,9.729999542236328,0.125,-0.25,0.0625,30.25,-26.75,-17.25,-0.3962460458278656,-0.004760812036693096,0.007141217589378357,-0.9181042313575745,39170,1954
0,0.05999999865889549,-0.09000000357627869,9.739999771118164,-0.0625,-0.0625,0,31,-19.25,-19.25,-0.3962460458278656,-0.004760812036693096,0.007141217589378357,-0.9181042313575745,39183,1955
0,0.05999999865889549,-0.07000000029802322,9.720000267028809,0.125,-0.0625,0,31,-19.25,-19.25,-0.3962460458278656,-0.004760812036693096,0.007141217589378357,-0.9181042313575745,39193,1956
0,0.05000000074505806,-0.09000000357627869,9.720000267028809,-0.125,-0.0625,0,31,-19.25,-19.25,-0.3962460458278656,-0.004760812036693096,0.007141217589378357,-0.9181042313575745,39203,1957
0,0.05000000074505806,-0.07999999821186066,9.739999771118164,-0.0625,-0.0625,-0.0625,31,-19.25,-19.25,-0.3962460458278656,-0.004760812036693096,0.007141217589378357,-0.9181042313575745,39213,1958
0,0.03999999910593033,-0.07999999821186066,9.739999771118164,0,-0.0625,0,31,-19.25,-19.25,-0.3962460458278656,-0.004760812036693096,0.007141217589378357,-0.9181042313575745,39220,1959
0,0.05000000074505806,-0.10999999940395355,9.760000228881836,0,-0.1875,0,31,-27.5,-19.25,-0.3962460458278656,-0.004760812036693096,0.007141217589378357,-0.9181042313575745,39233,1960
0,0.03999999910593033,-0.05999999865889549,9.75,-0.0625,-0.125,0,31,-27.5,-19.25,-0.3962460458278656,-0.004760812036693096,0.007141217589378357,-0.9181042313575745,39243,1961
0,0.05000000074505806,-0.07999999821186066,9.720000267028809,0,0.0625,-0.0625,31,-27.5,-19.25,-0.3962460458278656,-0.004760812036693096,0.007141217589378357,-0.9181042313575745,39253,1962
0,0.05000000074505806,-0.07999999821186066,9.729999542236328,0.0625,0,0.0625,31,-27.5,-19.25,-0.3962460458278656,-0.004760812036693096,0.007141217589378357,-0.9181042313575745,39262,1963
0,0.07000000029802322,-0.07999999821186066,9.720000267028809,-0.0625,-0.1875,0.0625,31,-27.5,-19.25,-0.3962460458278656,-0.004760812036693096,0.007141217589378357,-0.9181042313575745,39270,1964
0,0.05000000074505806,-0.07999999821186066,9.789999961853027,-0.0625,0,0,29.5,-27.1875,-18.5,-0.3962460458278656,-0.004760812036693096,0.007141217589378357,-0.9181042313575745,39283,1965
0,0.05999999865889549,-0.05000000074505806,9.760000228881836,0.1875,0.125,0.0625,29.5,-27.1875,-18.5,-0.3962460458278656,-0.004760812036693096,0.007141217589378357,-0.9181042313575745,39293,1966
0,0.07000000029802322,-0.09000000357627869,9.720000267028809,-0.125,0.125,-0.0625,29.5,-27.1875,-18.5,-0.3962460458278656,-0.004760812036693096,0.007141217589378357,-0.9181042313575745,39303,1967
0,0.05000000074505806,-0.07000000029802322,9.720000267028809,0,0.125,-0.0625,29.5,-27.1875,-18.5,-0.3962460458278656,-0.004760812036693096,0.007141217589378357,-0.9181042313575745,39313,1968
0,0.05999999865889549,-0.07999999821186066,9.75,0.125,0,0.0625,29.5,-27.1875,-18.5,-0.3962460458278656,-0.004760812036693096,0.007141217589378357,-0.9181042313575745,39320,1969
0,0.05000000074505806,-0.09000000357627869,9.710000038146973,0,0.0625,0.0625,29.5,-29,-19.25,-0.3962460458278656,-0.004760812036693096,0.007141217589378357,-0.9181042313575745,39333,1970
0,0.03999999910593033,-0.07000000029802322,9.770000457763672,0,-0.125,0,29.5,-29,-19.25,-0.3962460458278656,-0.004760812036693096,0.007141217589378357,-0.9181042313575745,39343,1971
0,0.03999999910593033,-0.07999999821186066,9.720000267028809,0.0625,-0.1875,0.0625,29.5,-29,-19.25,-0.3962460458278656,-0.004760812036693096,0.007141217589378357,-0.9181042313575745,39353,1972
0,0.029999999329447746,-0.05999999865889549,9.739999771118164,0,0.0625,-0.0625,29.5,-29,-19.25,-0.3962460458278656,-0.004760812036693096,0.007141217589378357,-0.9181042313575745,39363,1973
0,0.05999999865889549,-0.07999999821186066,9.739999771118164,-0.125,0.1875,0,29.5,-29,-19.25,-0.3962460458278656,-0.004760812036693096,0.007141217589378357,-0.9181042313575745,39370,1974
0,0.05999999865889549,-0.07999999821186066,9.75,0.0625,0.125,0.0625,29.875,-29.75,-19.5625,-0.3962460458278656,-0.004760812036693096,0.007141217589378357,-0.9181042313575745,39383,1975
0,0.05999999865889549,-0.07999999821186066,9.770000457763672,0.0625,0.125,0.0625,29.875,-29.75,-19.5625,-0.3962460458278656,-0.004760812036693096,0.007141217589378357,-0.9181042313575745,39393,1976
0,0.03999999910593033,-0.09000000357627869,9.710000038146973,0.0625,-0.1875,0.125,29.875,-29.75,-19.5625,-0.3962460458278656,-0.004760812036693096,0.007141217589378357,-0.9181042313575745,39403,1977
0,0.05000000074505806,-0.10000000149011612,9.729999542236328,0.0625,0.0625,0,29.875,-29.75,-19.5625,-0.3962460458278656,-0.004760812036693096,0.007141217589378357,-0.9181042313575745,39413,1978
0,0.05999999865889549,-0.05999999865889549,9.75,0.0625,0.0625,0,29.875,-29.75,-19.5625,-0.3962460458278656,-0.004760812036693096,0.007141217589378357,-0.9181042313575745,39420,1979
0,0.05999999865889549,-0.07999999821186066,9.739999771118164,0.125,0.1875,0,29.875,-18.1875,-18.875,-0.3962460458278656,-0.004760812036693096,0.007141217589378357,-0.9181042313575745,39433,1980
0,0.03999999910593033,-0.10000000149011612,9.720000267028809,0,-0.0625,-0.0625,29.875,-18.1875,-18.875,-0.3962460458278656,-0.004760812036693096,0.007141217589378357,-0.9181042313575745,39443,1981
0,0.07999999821186066,-0.07000000029802322,9.720000267028809,0.125,-0.0625,0,29.875,-18.1875,-18.875,-0.3962460458278656,-0.004760812036693096,0.007141217589378357,-0.9181042313575745,39453,1982
0,0.05000000074505806,-0.09000000357627869,9.75,0.125,-0.0625,0,29.875,-18.1875,-18.875,-0.3962460458278656,-0.004760812036693096,0.007141217589378357,-0.9181042313575745,39463,1983
0,0.05999999865889549,-0.09000000357627869,9.770000457763672,0,0.0625,-0.0625,29.875,-18.1875,-18.875,-0.3962460458278656,-0.004760812036693096,0.007141217589378357,-0.9181042313575745,39470,1984
0,0.05999999865889549,-0.07000000029802322,9.739999771118164,-0.125,0,0.125,30.25,-31.25,-20.5,-0.3962460458278656,-0.004760812036693096,0.007141217589378357,-0.9181042313575745,39483,1985
0,0.05000000074505806,-0.07000000029802322,9.760000228881836,0,-0.0625,0.0625,30.25,-31.25,-20.5,-0.3962460458278656,-0.004760812036693096,0.007141217589378357,-0.9181042313575745,39493,1986
0,0.05999999865889549,-0.09000000357627869,9.729999542236328,-0.125,-0.0625,0,30.25,-31.25,-20.5,-0.3962460458278656,-0.004760812036693096,0.007141217589378357,-0.9181042313575745,39503,1987
0,0.05000000074505806,-0.10000000149011612,9.75,0.0625,-0.0625,0.0625,30.25,-31.25,-20.5,-0.3962460458278656,-0.004760812036693096,0.007141217589378357,-0.9181042313575745,39513,1988
0,0.05000000074505806,-0.07000000029802322,9.75,0.0625,-0.0625,0.0625,30.25,-31.25,-20.5,-0.3962460458278656,-0.004760812036693096,0.007141217589378357,-0.9181042313575745,39520,1989
0,0.07000000029802322,-0.05000000074505806,9.75,0,-0.125,0.125,29.875,-30.875,-19.25,-0.3962460458278656,-0.004760812036693096,0.007141217589378357,-0.9181042313575745,39533,1990
0,0.03999999910593033,-0.07999999821186066,9.729999542236328,0,-0.1875,0.0625,29.875,-30.875,-19.25,-0.3962460458278656,-0.004760812036693096,0.007141217589378357,-0.9181042313575745,39543,1991
0,0.05000000074505806,-0.10000000149011612,9.710000038146973,0,-0.0625,0.0625,29.875,-30.875,-19.25,-0.3962460458278656,-0.004760812036693096,0.007141217589378357,-0.9181042313575745,39553,1992
0,0.029999999329447746,-0.07999999821186066,9.720000267028809,0,-0.0625,0.0625,29.875,-30.875,-19.25,-0.3962460458278656,-0.004760812036693096,0.007141217589378357,-0.9181042313575745,39563,1993
0,0.07000000029802322,-0.07999999821186066,9.75,0.0625,-0.1875,0,29.875,-30.875,-19.25,-0.3962460458278656,-0.004760812036693096,0.007141217589378357,-0.9181042313575745,39570,1994
0,0.05000000074505806,-0.07999999821186066,9.760000228881836,0.125,-0.125,0.125,30.6875,-28.25,-18.0625,-0.3962460458278656,-0.004760812036693096,0.007141217589378357,-0.9181042313575745,39583,1995
0,0.03999999910593033,-0.07999999821186066,9.739999771118164,0.125,-0.0625,0,30.6875,-28.25,-18.0625,-0.3962460458278656,-0.004760812036693096,0.007141217589378357,-0.9181042313575745,39593,1996
0,0.05999999865889549,-0.07999999821186066,9.729999542236328,0.0625,-0.125,0.0625,30.6875,-28.25,-18.0625,-0.3962460458278656,-0.004760812036693096,0.007141217589378357,-0.9181042313575745,39603,1997
0,0.05000000074505806,-0.10000000149011612,9.739999771118164,-0.0625,0.0625,0,30.6875,-28.25,-18.0625,-0.3962460458278656,-0.004760812036693096,0.007141217589378357,-0.9181042313575745,39613,1998
0,0.03999999910593033,-0.05999999865889549,9.75,-0.0625,0.0625,0,30.6875,-28.25,-18.0625,-0.3962460458278656,-0.004760812036693096,0.007141217589378357,-0.9181042313575745,39620,1999
0,0.05000000074505806,-0.10000000149011612,9.739999771118164,-0.0625,-0.125,-0.0625,31,-30.1875,-20.0625,-0.3962460458278656,-0.004760812036693096,0.007141217589378357,-0.9181042313575745,39633,2000
0,0.03999999910593033,-0.09000000357627869,9.739999771118164,0.0625,-0.125,0.0625,31,-30.1875,-20.0625,-0.3962460458278656,-0.004760812036693096,0.007141217589378357,-0.9181042313575745,39643,2001
0,0.05999999865889549,-0.09000000357627869,9.720000267028809,0.1875,0.0625,0,31,-30.1875,-20.0625,-0.3962460458278656,-0.004760812036693096,0.007141217589378357,-0.9181042313575745,39653,2002
0,0.05999999865889549,-0.07999999821186066,9.75,0.0625,0,0.0625,31,-30.1875,-20.0625,-0.3962460458278656,-0.004760812036693096,0.007141217589378357,-0.9181042313575745,39663,2003
0,0.05999999865889549,-0.09000000357627869,9.75,0.0625,0,0.0625,31,-30.1875,-20.0625,-0.3962460458278656,-0.004760812036693096,0.007141217589378357,-0.9181042313575745,39670,2004
0,0.05000000074505806,-0.07000000029802322,9.739999771118164,0,-0.0625,0.125,30.6875,-23.75,-20.0625,-0.3962460458278656,-0.004760812036693096,0.007141217589378357,-0.9181042313575745,39683,2005
0,0.03999999910593033,-0.07999999821186066,9.729999542236328,0,-0.125,0,30.6875,-23.75,-20.0625,-0.3962460458278656,-0.004760812036693096,0.007141217589378357,-0.9181042313575745,39693,2006
0,0.05000000074505806,-0.07999999821186066,9.739999771118164,0.0625,-0.0625,0.0625,30.6875,-23.75,-20.0625,-0.3962460458278656,-0.004760812036693096,0.007141217589378357,-0.9181042313575745,39703,2007
0,0.07000000029802322,-0.07000000029802322,9.729999542236328,0.0625,-0.0625,0,30.6875,-23.75,-20.0625,-0.3962460458278656,-0.004760812036693096,0.007141217589378357,-0.9181042313575745,39713,2008
0,0.07000000029802322,-0.09000000357627869,9.760000228881836,0.0625,-0.0625,0,30.6875,-23.75,-20.0625,-0.3962460458278656,-0.004760812036693096,0.007141217589378357,-0.9181042313575745,39720,2009
0,0.05999999865889549,-0.07999999821186066,9.739999771118164,-0.0625,0,-0.0625,29.5,-26.375,-18.5,-0.3962460458278656,-0.004760812036693096,0.007141217589378357,-0.9181042313575745,39733,2010
0,0.05000000074505806,-0.09000000357627869,9.739999771118164,0.125,0.0625,0,29.5,-26.375,-18.5,-0.3962460458278656,-0.004760812036693096,0.007141217589378357,-0.9181042313575745,39743,2011
0,0.03999999910593033,-0.09000000357627869,9.729999542236328,-0.0625,-0.1875,0,29.5,-26.375,-18.5,-0.3962460458278656,-0.004760812036693096,0.007141217589378357,-0.9181042313575745,39753,2012
0,0.03999999910593033,-0.09000000357627869,9.729999542236328,-0.0625,0,0.0625,29.5,-26.375,-18.5,-0.3962460458278656,-0.004760812036693096,0.007141217589378357,-0.9181042313575745,39763,2013
0,0.05000000074505806,-0.09000000357627869,9.739999771118164,-0.0625,0,0.0625,29.5,-26.375,-18.5,-0.3962460458278656,-0.004760812036693096,0.007141217589378357,-0.9181042313575745,39770,2014
0,0.05999999865889549,-0.09000000357627869,9.760000228881836,-0.0625,0.0625,0,30.6875,-28.6875,-20.0625,-0.3962460458278656,-0.004760812036693096,0.007141217589378357,-0.9181042313575745,39783,2015
0,0.03999999910593033,-0.05999999865889549,9.729999542236328,0,0,0,30.6875,-28.6875,-20.0625,-0.3962460458278656,-0.004760812036693096,0.007141217589378357,-0.9181042313575745,39793,2016
0,0.05000000074505806,-0.07999999821186066,9.720000267028809,0.0625,-0.0625,-0.0625,30.6875,-28.6875,-20.0625,-0.3962460458278656,-0.004760812036693096,0.007141217589378357,-0.9181042313575745,39803,2017
0,0.05000000074505806,-0.07999999821186066,9.75,-0.125,0.0625,0.0625,30.6875,-28.6875,-20.0625,-0.3962460458278656,-0.004760812036693096,0.007141217589378357,-0.9181042313575745,39813,2018
0,0.07000000029802322,-0.07999999821186066,9.75,-0.125,0.0625,0.0625,30.6875,-28.6875,-20.0625,-0.3962460458278656,-0.004760812036693096,0.007141217589378357,-0.9181042313575745,39820,2019
0,0.05000000074505806,-0.07999999821186066,9.779999732971191,-0.0625,-0.125,0.0625,29.875,-28.6875,-19.5625,-0.3962460458278656,-0.004760812036693096,0.007141217589378357,-0.9181042313575745,39833,2020
0,0.07999999821186066,-0.09000000357627869,9.75,0.0625,-0.125,-0.0625,29.875,-28.6875,-19.5625,-0.3962460458278656,-0.004760812036693096,0.007141217589378357,-0.9181042313575745,39843,2021
0,0.05000000074505806,-0.09000000357627869,9.729999542236328,0.125,-0.1875,0,29.875,-28.6875,-19.5625,-0.3962460458278656,-0.004760812036693096,0.007141217589378357,-0.9181042313575745,39853,2022
0,0.05999999865889549,-0.07000000029802322,9.720000267028809,0.125,-0.125,0.0625,29.875,-28.6875,-19.5625,-0.3962460458278656,-0.004760812036693096,0.007141217589378357,-0.9181042313575745,39863,2023
0,0.03999999910593033,-0.07999999821186066,9.720000267028809,0.125,-0.125,0.0625,29.875,-28.6875,-19.5625,-0.3962460458278656,-0.004760812036693096,0.007141217589378357,-0.9181042313575745,39870,2024
0,0.05999999865889549,-0.07999999821186066,9.75,0,-0.0625,0,30.25,-19.6875,-19.5625,-0.3962460458278656,-0.004760812036693096,0.007141217589378357,-0.9181042313575745,39883,2025
0,0.05999999865889549,-0.09000000357627869,9.760000228881836,0.125,0.125,-0.0625,30.25,-19.6875,-19.5625,-0.3962460458278656,-0.004760812036693096,0.007141217589378357,-0.9181042313575745,39893,2026
0,0.05999999865889549,-0.07999999821186066,9.739999771118164,0,0.125,0,30.25,-19.6875,-19.5625,-0.3962460458278656,-0.004760812036693096,0.007141217589378357,-0.9181042313575745,39903,2027
0,0.05000000074505806,-0.09000000357627869,9.710000038146973,0,0.0625,0,30.25,-19.6875,-19.5625,-0.3962460458278656,-0.004760812036693096,0.007141217589378357,-0.9181042313575745,39913,2028
0,0.05999999865889549,-0.05999999865889549,9.710000038146973,0,0.0625,0,30.25,-19.6875,-19.5625,-0.3962460458278656,-0.004760812036693096,0.007141217589378357,-0.9181042313575745,39921,2029
0,0.07000000029802322,-0.07999999821186066,9.75,0.125,0.1875,-0.125,29.1875,-27.5,-18.5,-0.3962460458278656,-0.004760812036693096,0.007141217589378357,-0.9181042313575745,39933,2030
0,0.05000000074505806,-0.09000000357627869,9.739999771118164,0,-0.125,-0.0625,29.1875,-27.5,-18.5,-0.3962460458278656,-0.004760812036693096,0.007141217589378357,-0.9181042313575745,39943,2031
0,0.05000000074505806,-0.07999999821186066,9.729999542236328,0.0625,-0.0625,0,29.1875,-27.5,-18.5,-0.3962460458278656,-0.004760812036693096,0.007141217589378357,-0.9181042313575745,39953,2032
0,0.05999999865889549,-0.07999999821186066,9.729999542236328,0.0625,0.0625,-0.125,29.1875,-27.5,-18.5,-0.3962460458278656,-0.004760812036693096,0.007141217589378357,-0.9181042313575745,39963,2033
0,0.05999999865889549,-0.07000000029802322,9.739999771118164,0.0625,0.0625,-0.125,29.1875,-27.5,-18.5,-0.3962460458278656,-0.004760812036693096,0.007141217589378357,-0.9181042313575745,39971,2034
0,0.05999999865889549,-0.05999999865889549,9.75,-0.0625,-0.0625,-0.0625,30.6875,-17.75,-18.75,-0.3962460458278656,-0.004760812036693096,0.007141217589378357,-0.9181042313575745,39983,2035
0,0.03999999910593033,-0.07000000029802322,9.75,-0.0625,0,0.0625,30.6875,-17.75,-18.75,-0.3962460458278656,-0.004760812036693096,0.007141217589378357,-0.9181042313575745,39993,2036
0,0.05000000074505806,-0.07000000029802322,9.75,0.125,0.0625,0,30.6875,-17.75,-18.75,-0.3962460458278656,-0.004760812036693096,0.007141217589378357,-0.9181042313575745,40003,2037
0,0.03999999910593033,-0.05999999865889549,9.729999542236328,-0.0625,0,0.0625,30.6875,-17.75,-18.75,-0.3962460458278656,-0.004760812036693096,0.007141217589378357,-0.9181042313575745,40013,2038
0,0.03999999910593033,-0.09000000357627869,9.760000228881836,-0.0625,0,0.0625,30.6875,-17.75,-18.75,-0.3962460458278656,-0.004760812036693096,0.007141217589378357,-0.9181042313575745,40021,2039
0,0.05999999865889549,-0.09000000357627869,9.75,0.0625,0,0,29.1875,-27.1875,-18.75,-0.3962460458278656,-0.004760812036693096,0.007141217589378357,-0.9181042313575745,40033,2040
0,0.05999999865889549,-0.07000000029802322,9.729999542236328,0.125,-0.0625,0.125,29.1875,-27.1875,-18.75,-0.3962460458278656,-0.004760812036693096,0.007141217589378357,-0.9181042313575745,40043,2041
0,0.05000000074505806,-0.07000000029802322,9.720000267028809,-0.125,-0.0625,-0.0625,29.1875,-27.1875,-18.75,-0.3962460458278656,-0.004760812036693096,0.007141217589378357,-0.9181042313575745,40053,2042
0,0.05999999865889549,-0.07000000029802322,9.739999771118164,-0.0625,-0.125,0,29.1875,-27.1875,-18.75,-0.3962460458278656,-0.004760812036693096,0.007141217589378357,-0.9181042313575745,40063,2043
0,0.029999999329447746,-0.07999999821186066,9.739999771118164,-0.0625,-0.125,0,29.1875,-27.1875,-18.75,-0.3962460458278656,-0.004760812036693096,0.007141217589378357,-0.9181042313575745,40071,2044
0,0.05999999865889549,-0.07999999821186066,9.75,0.0625,-0.0625,0,30.6875,-27.5,-18.5,-0.3962460458278656,-0.004760812036693096,0.007141217589378357,-0.9181042313575745,40083,2045
0,0.05999999865889549,-0.10000000149011612,9.760000228881836,0.0625,-0.125,0.0625,30.6875,-27.5,-18.5,-0.3962460458278656,-0.004760812036693096,0.007141217589378357,-0.9181042313575745,40092,2046
0,0.029999999329447746,-0.07000000029802322,9.720000267028809,0,0.125,0.0625,30.6875,-27.5,-18.5,-0.3962460458278656,-0.004760812036693096,0.007141217589378357,-0.9181042313575745,40103,2047
0,0.029999999329447746,-0.07999999821186066,9.739999771118164,-0.0625,-0.0625,0,30.6875,-27.5,-18.5,-0.3962460458278656,-0.004760812036693096,0.007141217589378357,-0.9181042313575745,40113,2048
0,0.07000000029802322,-0.05999999865889549,9.760000228881836,-0.0625,-0.0625,0,30.6875,-27.5,-18.5,-0.3962460458278656,-0.004760812036693096,0.007141217589378357,-0.9181042313575745,40121,2049
0,0.07999999821186066,-0.07000000029802322,9.760000228881836,0.0625,-0.1875,0,28.75,-30.1875,-17.5625,-0.3962460458278656,-0.004760812036693096,0.007141217589378357,-0.9181042313575745,40133,2050
0,0.03999999910593033,-0.07999999821186066,9.720000267028809,0,-0.1875,0,28.75,-30.1875,-17.5625,-0.3962460458278656,-0.004760812036693096,0.007141217589378357,-0.9181042313575745,40142,2051
0,0.07999999821186066,-0.09000000357627869,9.75,0.0625,0,-0.0625,28.75,-30.1875,-17.5625,-0.3962460458278656,-0.004760812036693096,0.007141217589378357,-0.9181042313575745,40153,2052
0,0.05999999865889549,-0.07999999821186066,9.739999771118164,-0.0625,0.25,-0.0625,28.75,-30.1875,-17.5625,-0.3962460458278656,-0.004760812036693096,0.007141217589378357,-0.9181042313575745,40163,2053
0,0.05999999865889549,-0.07999999821186066,9.75,-0.0625,0.25,-0.0625,28.75,-30.1875,-17.5625,-0.3962460458278656,-0.004760812036693096,0.007141217589378357,-0.9181042313575745,40171,2054
0,0.03999999910593033,-0.07000000029802322,9.739999771118164,0.0625,-0.125,0.0625,29.875,-30.875,-18.875,-0.3962460458278656,-0.004760812036693096,0.007141217589378357,-0.9181042313575745,40183,2055
0,0.05999999865889549,-0.09000000357627869,9.770000457763672,-0.125,-0.125,-0.0625,29.875,-30.875,-18.875,-0.3962460458278656,-0.004760812036693096,0.007141217589378357,-0.9181042313575745,40193,2056
0,0.05000000074505806,-0.10000000149011612,9.729999542236328,0.0625,0,0,29.875,-30.875,-18.875,-0.3962460458278656,-0.004760812036693096,0.007141217589378357,-0.9181042313575745,40203,2057
0,0.05999999865889549,-0.05999999865889549,9.739999771118164,0.0625,-0.0625,0,29.875,-30.875,-18.875,-0.3962460458278656,-0.004760812036693096,0.007141217589378357,-0.9181042313575745,40213,2058
0,0.07000000029802322,-0.10000000149011612,9.75,0.0625,-0.0625,0,29.875,-30.875,-18.875,-0.3962460458278656,-0.004760812036693096,0.007141217589378357,-0.9181042313575745,40221,2059
0,0.03999999910593033,-0.07000000029802322,9.75,0.0625,0,-0.125,29.875,-29.75,-18.75,-0.3962460458278656,-0.004760812036693096,0.007141217589378357,-0.9181042313575745,40232,2060
0,0.05000000074505806,-0.09000000357627869,9.75,0,-0.0625,0.0625,29.875,-29.75,-18.75,-0.3962460458278656,-0.004760812036693096,0.007141217589378357,-0.9181042313575745,40242,2061
0,0.05999999865889549,-0.07999999821186066,9.710000038146973,0.0625,-0.125,0,29.875,-29.75,-18.75,-0.3962460458278656,-0.004760812036693096,0.007141217589378357,-0.9181042313575745,40252,2062
0,0.03999999910593033,-0.05999999865889549,9.75,0,-0.125,-0.0625,29.875,-29.75,-18.75,-0.3962460458278656,-0.004760812036693096,0.007141217589378357,-0.9181042313575745,40263,2063
0,0.05999999865889549,-0.09000000357627869,9.760000228881836,0,-0.125,-0.0625,29.875,-29.75,-18.75,-0.3962460458278656,-0.004760812036693096,0.007141217589378357,-0.9181042313575745,40271,2064
0,0.05999999865889549,-0.10000000149011612,9.729999542236328,0,-0.125,0,30.25,-19.25,-18.5,-0.3962460458278656,-0.004760812036693096,0.007141217589378357,-0.9181042313575745,40282,2065
0,0.05999999865889549,-0.09000000357627869,9.720000267028809,0.0625,0,0,30.25,-19.25,-18.5,-0.3962460458278656,-0.004760812036693096,0.007141217589378357,-0.9181042313575745,40292,2066
0,0.05000000074505806,-0.07999999821186066,9.739999771118164,0.125,-0.1875,0,30.25,-19.25,-18.5,-0.3962460458278656,-0.004760812036693096,0.007141217589378357,-0.9181042313575745,40302,2067
0,0.05999999865889549,-0.05000000074505806,9.739999771118164,0,0.1875,-0.0625,30.25,-19.25,-18.5,-0.3962460458278656,-0.004760812036693096,0.007141217589378357,-0.9181042313575745,40313,2068
0,0.05999999865889549,-0.09000000357627869,9.75,0,0.1875,-0.0625,30.25,-19.25,-18.5,-0.3962460458278656,-0.004760812036693096,0.007141217589378357,-0.9181042313575745,40321,2069
0,0.05000000074505806,-0.07999999821186066,9.710000038146973,-0.0625,-0.125,0.0625,29.1875,-31.25,-18.5,-0.3962460458278656,-0.004760812036693096,0.007141217589378357,-0.9181042313575745,40332,2070
0,0.05999999865889549,-0.07000000029802322,9.760000228881836,0.0625,-0.0625,0,29.1875,-31.25,-18.5,-0.3962460458278656,-0.004760812036693096,0.007141217589378357,-0.9181042313575745,40342,2071
0,0.05000000074505806,-0.07999999821186066,9.729999542236328,0.0625,-0.0625,0.125,29.1875,-31.25,-18.5,-0.3962460458278656,-0.004760812036693096,0.007141217589378357,-0.9181042313575745,40352,2072
0,0.05999999865889549,-0.07999999821186066,9.75,0.125,0,0,29.1875,-31.25,-18.5,-0.3962460458278656,-0.004760812036693096,0.007141217589378357,-0.9181042313575745,40362,2073
0,0.07000000029802322,-0.07000000029802322,9.760000228881836,0.125,0,0,29.1875,-31.25,-18.5,-0.3962460458278656,-0.004760812036693096,0.007141217589378357,-0.9181042313575745,40371,2074
0,0.05000000074505806,-0.07999999821186066,9.739999771118164,0.0625,0.0625,0.0625,29.875,-31.25,-17.5625,-0.3962460458278656,-0.004760812036693096,0.007141217589378357,-0.9181042313575745,40382,2075
0,0.05000000074505806,-0.09000000357627869,9.760000228881836,0,0,0.0625,29.875,-31.25,-17.5625,-0.3962460458278656,-0.004760812036693096,0.007141217589378357,-0.9181042313575745,40392,2076
0,0.03999999910593033,-0.07000000029802322,9.739999771118164,-0.0625,0,0,29.875,-31.25,-17.5625,-0.3962460458278656,-0.004760812036693096,0.007141217589378357,-0.9181042313575745,40402,2077
0,0.05999999865889549,-0.07999999821186066,9.739999771118164,0.125,-0.125,0.0625,29.875,-31.25,-17.5625,-0.3962460458278656,-0.004760812036693096,0.007141217589378357,-0.9181042313575745,40412,2078
0,0.05000000074505806,-0.07000000029802322,9.760000228881836,0.125,-0.125,0.0625,29.875,-31.25,-17.5625,-0.3962460458278656,-0.004760812036693096,0.007141217589378357,-0.9181042313575745,40421,2079
0,0.07999999821186066,-0.09000000357627869,9.760000228881836,-0.125,-0.125,0.0625,28.75,-27.5,-18.875,-0.3962460458278656,-0.004760812036693096,0.007141217589378357,-0.9181042313575745,40432,2080
0,0.05999999865889549,-0.07999999821186066,9.699999809265137,-0.125,-0.0625,-0.125,28.75,-27.5,-18.875,-0.3962460458278656,-0.004760812036693096,0.007141217589378357,-0.9181042313575745,40442,2081
0,0.05000000074505806,-0.07999999821186066,9.739999771118164,-0.0625,0.0625,0.0625,28.75,-27.5,-18.875,-0.3962460458278656,-0.004760812036693096,0.007141217589378357,-0.9181042313575745,40452,2082
0,0.03999999910593033,-0.07999999821186066,9.720000267028809,0,-0.125,0.0625,28.75,-27.5,-18.875,-0.3962460458278656,-0.004760812036693096,0.007141217589378357,-0.9181042313575745,40462,2083
0,0.05999999865889549,-0.10000000149011612,9.75,0,-0.125,0.0625,28.75,-27.5,-18.875,-0.3962460458278656,-0.004760812036693096,0.007141217589378357,-0.9181042313575745,40471,2084
0,0.03999999910593033,-0.05000000074505806,9.729999542236328,0.0625,-0.1875,0.125,30.25,-30.5,-18.5,-0.3962460458278656,-0.004760812036693096,0.007141217589378357,-0.9181042313575745,40482,2085
0,0.05000000074505806,-0.09000000357627869,9.739999771118164,0.0625,0.1875,-0.0625,30.25,-30.5,-18.5,-0.3962460458278656,-0.004760812036693096,0.007141217589378357,-0.9181042313575745,40492,2086
0,0.03999999910593033,-0.07000000029802322,9.710000038146973,0.0625,-0.125,0.125,30.25,-30.5,-18.5,-0.3962460458278656,-0.004760812036693096,0.007141217589378357,-0.9181042313575745,40502,2087
0,0.03999999910593033,-0.07000000029802322,9.800000190734863,0.0625,-0.1875,-0.0625,30.25,-30.5,-18.5,-0.3962460458278656,-0.004760812036693096,0.007141217589378357,-0.9181042313575745,40512,2088
0,0.03999999910593033,-0.10000000149011612,9.75,-0.0625,-0.125,0.125,30.25,-30.5,-18.5,-0.3962460458278656,-0.004760812036693096,0.007141217589378357,-0.9181042313575745,40521,2089
0,0.029999999329447746,-0.09000000357627869,9.739999771118164,0.1875,0.125,0.0625,30.25,-23.75,-18.0625,-0.3962460458278656,-0.004760812036693096,0.007141217589378357,-0.9181042313575745,40532,2090
0,0.05000000074505806,-0.07000000029802322,9.760000228881836,0.125,-0.1875,0.0625,30.25,-23.75,-18.0625,-0.3962460458278656,-0.004760812036693096,0.007141217589378357,-0.9181042313575745,40542,2091
0,0.05999999865889549,-0.07999999821186066,9.720000267028809,0.125,0,0,30.25,-23.75,-18.0625,-0.3962460458278656,-0.004760812036693096,0.007141217589378357,-0.9181042313575745,40552,2092
0,0.05999999865889549,-0.09000000357627869,9.729999542236328,0.125,0.125,0.0625,30.25,-23.75,-18.0625,-0.3962460458278656,-0.004760812036693096,0.007141217589378357,-0.9181042313575745,40562,2093
0,0.03999999910593033,-0.07999999821186066,9.75,-0.0625,-0.0625,0,30.25,-23.75,-18.0625,-0.3962460458278656,-0.004760812036693096,0.007141217589378357,-0.9181042313575745,40571,2094
0,0.03999999910593033,-0.07000000029802322,9.760000228881836,0.125,-0.125,0,30.25,-29,-19.5625,-0.3962460458278656,-0.004760812036693096,0.007141217589378357,-0.9181042313575745,40582,2095
0,0.05000000074505806,-0.07000000029802322,9.720000267028809,0.0625,-0.1875,-0.0625,30.25,-29,-19.5625,-0.3962460458278656,-0.004760812036693096,0.007141217589378357,-0.9181042313575745,40592,2096
0,0.029999999329447746,-0.10000000149011612,9.720000267028809,0,-0.125,0,30.25,-29,-19.5625,-0.3962460458278656,-0.004760812036693096,0.007141217589378357,-0.9181042313575745,40602,2097
0,0.05000000074505806,-0.10000000149011612,9.720000267028809,-0.1875,0,0.0625,30.25,-29,-19.5625,-0.3962460458278656,-0.004760812036693096,0.007141217589378357,-0.9181042313575745,40612,2098
0,0.03999999910593033,-0.09000000357627869,9.729999542236328,0.0625,0.0625,0,30.25,-29,-19.5625,-0.3962460458278656,-0.004760812036693096,0.007141217589378357,-0.9181042313575745,40621,2099
0,0.05000000074505806,-0.07999999821186066,9.739999771118164,-0.0625,0,0,30.25,-29,-18.0625,-0.3962460458278656,-0.004760812036693096,0.007141217589378357,-0.9181042313575745,40632,2100
0,0.05999999865889549,-0.07000000029802322,9.75,0.0625,-0.0625,0,30.25,-29,-18.0625,-0.3962460458278656,-0.004760812036693096,0.007141217589378357,-0.9181042313575745,40642,2101
0,0.03999999910593033,-0.07999999821186066,9.739999771118164,-0.125,0.0625,0.0625,30.25,-29,-18.0625,-0.3962460458278656,-0.004760812036693096,0.007141217589378357,-0.9181042313575745,40652,2102
0,0.05000000074505806,-0.07000000029802322,9.75,0.0625,0,0,30.25,-29,-18.0625,-0.3962460458278656,-0.004760812036693096,0.007141217589378357,-0.9181042313575745,40662,2103
0,0.05000000074505806,-0.07999999821186066,9.770000457763672,0,0.0625,0.125,30.25,-29,-18.0625,-0.3962460458278656,-0.004760812036693096,0.007141217589378357,-0.9181042313575745,40671,2104
0,0.05000000074505806,-0.10000000149011612,9.739999771118164,-0.0625,0,0,30.6875,-29,-19.5625,-0.3962460458278656,-0.004760812036693096,0.007141217589378357,-0.9181042313575745,40682,2105
0,0.05000000074505806,-0.09000000357627869,9.729999542236328,0.0625,-0.125,-0.0625,30.6875,-29,-19.5625,-0.3962460458278656,-0.004760812036693096,0.007141217589378357,-0.9181042313575745,40692,2106
0,0.029999999329447746,-0.07000000029802322,9.729999542236328,-0.125,-0.125,0.25,30.6875,-29,-19.5625,-0.3962460458278656,-0.004760812036693096,0.007141217589378357,-0.9181042313575745,40702,2107
0,0.029999999329447746,-0.07999999821186066,9.729999542236328,0,-0.0625,-0.0625,30.6875,-29,-19.5625,-0.3962460458278656,-0.004760812036693096,0.007141217589378357,-0.9181042313575745,40712,2108
0,0.05999999865889549,-0.09000000357627869,9.75,0.1875,-0.375,0.125,30.6875,-29,-19.5625,-0.3962460458278656,-0.004760812036693096,0.007141217589378357,-0.9181042313575745,40721,2109
0,0.05999999865889549,-0.07000000029802322,9.75,0.0625,-0.125,-0.0625,29.875,-27.875,-19.25,-0.3962460458278656,-0.004760812036693096,0.007141217589378357,-0.9181042313575745,40732,2110
0,0.05000000074505806,-0.07999999821186066,9.729999542236328,0,0.0625,-0.0625,29.875,-27.875,-19.25,-0.3962460458278656,-0.004760812036693096,0.007141217589378357,-0.9181042313575745,40742,2111
0,0.05000000074505806,-0.07999999821186066,9.75,0.0625,0.0625,0,29.875,-27.875,-19.25,-0.3962460458278656,-0.004760812036693096,0.007141217589378357,-0.9181042313575745,40752,2112
0,0.03999999910593033,-0.09000000357627869,9.760000228881836,0,0.0625,0,29.875,-27.875,-19.25,-0.3962460458278656,-0.004760812036693096,0.007141217589378357,-0.9181042313575745,40762,2113
0,0.05000000074505806,-0.07999999821186066,9.739999771118164,0.0625,0.0625,-0.0625,29.875,-27.875,-19.25,-0.3962460458278656,-0.004760812036693096,0.007141217589378357,-0.9181042313575745,40771,2114
0,0.05000000074505806,-0.10000000149011612,9.739999771118164,0.125,-0.125,0.0625,29.875,-28.6875,-18.75,-0.3962460458278656,-0.004760812036693096,0.007141217589378357,-0.9181042313575745,40782,2115
0,0.05999999865889549,-0.07000000029802322,9.710000038146973,0.125,-0.1875,0.0625,29.875,-28.6875,-18.75,-0.3962460458278656,-0.004760812036693096,0.007141217589378357,-0.9181042313575745,40792,2116
0,0.05000000074505806,-0.07999999821186066,9.720000267028809,0,0.125,0,29.875,-28.6875,-18.75,-0.3962460458278656,-0.004760812036693096,0.007141217589378357,-0.9181042313575745,40802,2117
0,0.05000000074505806,-0.07999999821186066,9.729999542236328,-0.1875,0.0625,0.125,29.875,-28.6875,-18.75,-0.3962460458278656,-0.004760812036693096,0.007141217589378357,-0.9181042313575745,40812,2118
0,0.05999999865889549,-0.09000000357627869,9.710000038146973,0.125,-0.0625,0.125,29.875,-28.6875,-18.75,-0.3962460458278656,-0.004760812036693096,0.007141217589378357,-0.9181042313575745,40821,2119
0,0.05000000074505806,-0.07999999821186066,9.739999771118164,0,0,0,29.875,-31.25,-18.5,-0.3962460458278656,-0.004760812036693096,0.007141217589378357,-0.9181042313575745,40832,2120
0,0.05000000074505806,-0.05999999865889549,9.75,0,0,0,29.875,-31.25,-18.5,-0.3962460458278656,-0.004760812036693096,0.007141217589378357,-0.9181042313575745,40842,2121
0,0.05000000074505806,-0.10000000149011612,9.699999809265137,0,0.25,0.0625,29.875,-31.25,-18.5,-0.3962460458278656,-0.004760812036693096,0.007141217589378357,-0.9181042313575745,40852,2122
0,0.05000000074505806,-0.07999999821186066,9.779999732971191,0,0.25,0.0625,29.875,-31.25,-18.5,-0.3962460458278656,-0.004760812036693096,0.007141217589378357,-0.9181042313575745,40862,2123
0,0.05000000074505806,-0.07000000029802322,9.739999771118164,0,-0.0625,0,29.1875,-30.5,-19.5625,-0.3962460458278656,-0.004760812036693096,0.007141217589378357,-0.9181042313575745,40871,2124
0,0.05000000074505806,-0.09000000357627869,9.75,0,-0.0625,0,29.1875,-30.5,-19.5625,-0.3962460458278656,-0.004760812036693096,0.007141217589378357,-0.9181042313575745,40882,2125
0,0.07000000029802322,-0.07000000029802322,9.75,0.125,0.125,0,29.1875,-30.5,-19.5625,-0.3962460458278656,-0.004760812036693096,0.007141217589378357,-0.9181042313575745,40892,2126
0,0.05000000074505806,-0.07000000029802322,9.729999542236328,0.0625,-0.0625,0,29.1875,-30.5,-19.5625,-0.3962460458278656,-0.004760812036693096,0.007141217589378357,-0.9181042313575745,40902,2127
0,0.05000000074505806,-0.07999999821186066,9.739999771118164,0,-0.125,0.0625,29.1875,-30.5,-19.5625,-0.3962460458278656,-0.004760812036693096,0.007141217589378357,-0.9181042313575745,40912,2128
0,0.07000000029802322,-0.07000000029802322,9.760000228881836,0.0625,0.0625,0.0625,29.1875,-30.5,-19.5625,-0.3962460458278656,-0.004760812036693096,0.007141217589378357,-0.9181042313575745,40921,2129
0,0.05000000074505806,-0.09000000357627869,9.760000228881836,0.125,0.125,0,29.875,-29.75,-18.5,-0.3962460458278656,-0.004760812036693096,0.007141217589378357,-0.9181042313575745,40932,2130
0,0.05999999865889549,-0.07000000029802322,9.739999771118164,0.0625,-0.125,0,29.875,-29.75,-18.5,-0.3962460458278656,-0.004760812036693096,0.007141217589378357,-0.9181042313575745,40942,2131
0,0.05999999865889549,-0.07999999821186066,9.739999771118164,0.125,-0.1875,0.125,29.875,-29.75,-18.5,-0.3962460458278656,-0.004760812036693096,0.007141217589378357,-0.9181042313575745,40952,2132
0,0.07000000029802322,-0.05999999865889549,9.739999771118164,0,0.3125,0,29.875,-29.75,-18.5,-0.3962460458278656,-0.004760812036693096,0.007141217589378357,-0.9181042313575745,40962,2133
0,0.07000000029802322,-0.09000000357627869,9.720000267028809,0,0.125,0.0625,29.875,-25.6875,-19.5625,-0.3962460458278656,-0.004760812036693096,0.007141217589378357,-0.9181042313575745,40971,2134
0,0.05000000074505806,-0.07000000029802322,9.739999771118164,0.0625,0,0.0625,29.875,-25.6875,-19.5625,-0.3962460458278656,-0.004760812036693096,0.007141217589378357,-0.9181042313575745,40982,2135
0,0.05000000074505806,-0.07999999821186066,9.729999542236328,0,-0.0625,0.0625,29.875,-25.6875,-19.5625,-0.3962460458278656,-0.004760812036693096,0.007141217589378357,-0.9181042313575745,40992,2136
0,0.05000000074505806,-0.09000000357627869,9.739999771118164,0.0625,0.0625,0,29.875,-25.6875,-19.5625,-0.3962460458278656,-0.004760812036693096,0.007141217589378357,-0.9181042313575745,41002,2137
0,0.05999999865889549,-0.09000000357627869,9.720000267028809,0.1875,-0.0625,0.125,29.875,-25.6875,-19.5625,-0.3962460458278656,-0.004760812036693096,0.007141217589378357,-0.9181042313575745,41012,2138
0,0.05999999865889549,-0.07000000029802322,9.739999771118164,-0.0625,0,0.0625,29.875,-32,-17.5625,-0.3962460458278656,-0.004760812036693096,0.007141217589378357,-0.9181042313575745,41021,2139
0,0.05000000074505806,-0.07000000029802322,9.760000228881836,0,-0.0625,-0.0625,29.875,-32,-17.5625,-0.3962460458278656,-0.004760812036693096,0.007141217589378357,-0.9181042313575745,41032,2140
0,0.029999999329447746,-0.07000000029802322,9.779999732971191,0,0.0625,0,29.875,-32,-17.5625,-0.3962460458278656,-0.004760812036693096,0.007141217589378357,-0.9181042313575745,41042,2141
0,0.05000000074505806,-0.09000000357627869,9.739999771118164,0.0625,0.0625,0,29.875,-32,-17.5625,-0.3962460458278656,-0.004760812036693096,0.007141217589378357,-0.9181042313575745,41052,2142
0,0.07000000029802322,-0.10000000149011612,9.760000228881836,0,-0.125,0,29.875,-32,-17.5625,-0.3962460458278656,-0.004760812036693096,0.007141217589378357,-0.9181042313575745,41062,2143
0,0.05000000074505806,-0.07999999821186066,9.770000457763672,-0.0625,0,0.125,30.25,-30.875,-19.25,-0.3962460458278656,-0.004760812036693096,0.007141217589378357,-0.9181042313575745,41071,2144
0,0.05999999865889549,-0.07000000029802322,9.75,0.0625,-0.1875,0,30.25,-30.875,-19.25,-0.3962460458278656,-0.004760812036693096,0.007141217589378357,-0.9181042313575745,41082,2145
0,0.05000000074505806,-0.05999999865889549,9.729999542236328,-0.0625,0,-0.0625,30.25,-30.875,-19.25,-0.3962460458278656,-0.004760812036693096,0.007141217589378357,-0.9181042313575745,41092,2146
0,0.05000000074505806,-0.09000000357627869,9.729999542236328,0,0.0625,0,30.25,-30.875,-19.25,-0.3962460458278656,-0.004760812036693096,0.007141217589378357,-0.9181042313575745,41101,2147
0,0.03999999910593033,-0.07000000029802322,9.739999771118164,0.125,-0.125,0.0625,30.25,-30.875,-19.25,-0.3962460458278656,-0.004760812036693096,0.007141217589378357,-0.9181042313575745,41112,2148
0,0.05000000074505806,-0.07999999821186066,9.739999771118164,0,0,0.125,28.75,-29.375,-18.5,-0.3962460458278656,-0.004760812036693096,0.007141217589378357,-0.9181042313575745,41121,2149
0,0.03999999910593033,-0.09000000357627869,9.739999771118164,0.125,-0.125,0.125,28.75,-29.375,-18.5,-0.3962460458278656,-0.004760812036693096,0.007141217589378357,-0.9181042313575745,41131,2150
0,0.05000000074505806,-0.07000000029802322,9.739999771118164,-0.0625,0,-0.0625,28.75,-29.375,-18.5,-0.3962460458278656,-0.004760812036693096,0.007141217589378357,-0.9181042313575745,41141,2151
0,0.03999999910593033,-0.07999999821186066,9.729999542236328,0,-0.0625,0,28.75,-29.375,-18.5,-0.3962460458278656,-0.004760812036693096,0.007141217589378357,-0.9181042313575745,41151,2152
0,0.05000000074505806,-0.09000000357627869,9.729999542236328,-0.125,0,0.0625,28.75,-29.375,-18.5,-0.3962460458278656,-0.004760812036693096,0.007141217589378357,-0.9181042313575745,41162,2153
0,0.05999999865889549,-0.07000000029802322,9.760000228881836,0.0625,-0.1875,0.125,31.375,-23.375,-18.0625,-0.3962460458278656,-0.004760812036693096,0.007141217589378357,-0.9181042313575745,41171,2154
0,0.03999999910593033,-0.07999999821186066,9.770000457763672,-0.125,0.0625,0.0625,31.375,-23.375,-18.0625,-0.3962460458278656,-0.004760812036693096,0.007141217589378357,-0.9181042313575745,41181,2155
0,0.05000000074505806,-0.05999999865889549,9.760000228881836,0,0,0.0625,31.375,-23.375,-18.0625,-0.3962460458278656,-0.004760812036693096,0.007141217589378357,-0.9181042313575745,41191,2156
0,0.03999999910593033,-0.09000000357627869,9.710000038146973,0.125,0,0.0625,31.375,-23.375,-18.0625,-0.3962460458278656,-0.004760812036693096,0.007141217589378357,-0.9181042313575745,41201,2157
0,0.05999999865889549,-0.07000000029802322,9.710000038146973,-0.125,0.1875,0,31.375,-23.375,-18.0625,-0.3962460458278656,-0.004760812036693096,0.007141217589378357,-0.9181042313575745,41212,2158
0,0.05000000074505806,-0.10000000149011612,9.739999771118164,-0.0625,-0.125,0,29.5,-29.75,-18.5,-0.3962460458278656,-0.004760812036693096,0.007141217589378357,-0.9181042313575745,41221,2159
0,0.05000000074505806,-0.07000000029802322,9.739999771118164,0.1875,-0.125,0,29.5,-29.75,-18.5,-0.3962460458278656,-0.004760812036693096,0.007141217589378357,-0.9181042313575745,41231,2160
0,0.05000000074505806,-0.05999999865889549,9.75,0.125,-0.125,-0.0625,29.5,-29.75,-18.5,-0.3962460458278656,-0.004760812036693096,0.007141217589378357,-0.9181042313575745,41241,2161
0,0.03999999910593033,-0.07999999821186066,9.710000038146973,-0.0625,-0.0625,-0.0625,29.5,-29.75,-18.5,-0.3962460458278656,-0.004760812036693096,0.007141217589378357,-0.9181042313575745,41251,2162
0,0.05999999865889549,-0.07999999821186066,9.729999542236328,-0.0625,-0.0625,0,29.5,-29.75,-18.5,-0.3962460458278656,-0.004760812036693096,0.007141217589378357,-0.9181042313575745,41262,2163
0,0.07000000029802322,-0.09000000357627869,9.729999542236328,0,-0.125,0.0625,29.1875,-29.375,-19.25,-0.3962460458278656,-0.004760812036693096,0.007141217589378357,-0.9181042313575745,41271,2164
0,0.03999999910593033,-0.07999999821186066,9.75,0,0,-0.0625,29.1875,-29.375,-19.25,-0.3962460458278656,-0.004760812036693096,0.007141217589378357,-0.9181042313575745,41281,2165
0,0.05999999865889549,-0.05999999865889549,9.75,0,-0.0625,0.0625,29.1875,-29.375,-19.25,-0.3962460458278656,-0.004760812036693096,0.007141217589378357,-0.9181042313575745,41291,2166
0,0.05000000074505806,-0.09000000357627869,9.760000228881836,0.125,-0.125,-0.0625,29.1875,-29.375,-19.25,-0.3962460458278656,-0.004760812036693096,0.007141217589378357,-0.9181042313575745,41301,2167
0,0.05999999865889549,-0.07999999821186066,9.720000267028809,0,-0.0625,0,29.1875,-29.375,-19.25,-0.3962460458278656,-0.004760812036693096,0.007141217589378357,-0.9181042313575745,41312,2168
0,0.05999999865889549,-0.07999999821186066,9.75,0,-0.125,0,30.25,-30.1875,-17.5625,-0.3962460458278656,-0.004760812036693096,0.007141217589378357,-0.9181042313575745,41321,2169
0,0.05000000074505806,-0.07000000029802322,9.770000457763672,0,0.0625,0.125,30.25,-30.1875,-17.5625,-0.3962460458278656,-0.004760812036693096,0.007141217589378357,-0.9181042313575745,41331,2170
0,0.07000000029802322,-0.05999999865889549,9.729999542236328,0,0,0,30.25,-30.1875,-17.5625,-0.3962460458278656,-0.004760812036693096,0.007141217589378357,-0.9181042313575745,41341,2171
0,0.05999999865889549,-0.07000000029802322,9.6899995803833,0,-0.125,0,30.25,-30.1875,-17.5625,-0.3962460458278656,-0.004760812036693096,0.007141217589378357,-0.9181042313575745,41351,2172
0,0.05999999865889549,-0.07999999821186066,9.739999771118164,-0.125,0.0625,0,30.25,-30.1875,-17.5625,-0.3962460458278656,-0.004760812036693096,0.007141217589378357,-0.9181042313575745,41361,2173
0,0.05000000074505806,-0.09000000357627869,9.729999542236328,0.0625,-0.125,0,28.75,-28.6875,-19.25,-0.3962460458278656,-0.004760812036693096,0.007141217589378357,-0.9181042313575745,41371,2174
0,0.029999999329447746,-0.07999999821186066,9.770000457763672,0.0625,-0.1875,-0.0625,28.75,-28.6875,-19.25,-0.3962460458278656,-0.004760812036693096,0.007141217589378357,-0.9181042313575745,41381,2175
0,0.05000000074505806,-0.10999999940395355,9.75,-0.0625,0.1875,-0.0625,28.75,-28.6875,-19.25,-0.3962460458278656,-0.004760812036693096,0.007141217589378357,-0.9181042313575745,41391,2176
0,0.07000000029802322,-0.09000000357627869,9.729999542236328,-0.0625,0.0625,0.125,28.75,-28.6875,-19.25,-0.3962460458278656,-0.004760812036693096,0.007141217589378357,-0.9181042313575745,41401,2177
0,0.05000000074505806,-0.07000000029802322,9.720000267028809,0,0,0,28.75,-28.6875,-19.25,-0.3962460458278656,-0.004760812036693096,0.007141217589378357,-0.9181042313575745,41411,2178
0,0.03999999910593033,-0.07999999821186066,9.770000457763672,0.0625,-0.0625,0.0625,30.25,-28.6875,-18.75,-0.3962460458278656,-0.004760812036693096,0.007141217589378357,-0.9181042313575745,41421,2179
0,0.03999999910593033,-0.07000000029802322,9.739999771118164,0.125,-0.125,0,30.25,-28.6875,-18.75,-0.3962460458278656,-0.004760812036693096,0.007141217589378357,-0.9181042313575745,41431,2180
0,0.03999999910593033,-0.05999999865889549,9.770000457763672,0,-0.0625,0.1875,30.25,-28.6875,-18.75,-0.3962460458278656,-0.004760812036693096,0.007141217589378357,-0.9181042313575745,41441,2181
0,0.05999999865889549,-0.07000000029802322,9.729999542236328,0.0625,0.125,-0.0625,30.25,-28.6875,-18.75,-0.3962460458278656,-0.004760812036693096,0.007141217589378357,-0.9181042313575745,41451,2182
0,0.05000000074505806,-0.07999999821186066,9.729999542236328,-0.0625,0,0,30.25,-28.6875,-18.75,-0.3962460458278656,-0.004760812036693096,0.007141217589378357,-0.9181042313575745,41461,2183
0,0.05999999865889549,-0.07999999821186066,9.760000228881836,0.0625,0.125,-0.0625,30.25,-28.25,-19.5625,-0.3962460458278656,-0.004760812036693096,0.007141217589378357,-0.9181042313575745,41471,2184
0,0.05000000074505806,-0.09000000357627869,9.739999771118164,0.125,0.0625,0,30.25,-28.25,-19.5625,-0.3962460458278656,-0.004760812036693096,0.007141217589378357,-0.9181042313575745,41481,2185
0,0.05000000074505806,-0.07000000029802322,9.75,-0.0625,0.0625,-0.0625,30.25,-28.25,-19.5625,-0.3962460458278656,-0.004760812036693096,0.007141217589378357,-0.9181042313575745,41491,2186
0,0.05999999865889549,-0.10999999940395355,9.739999771118164,0,0,0,30.25,-28.25,-19.5625,-0.3962460458278656,-0.004760812036693096,0.007141217589378357,-0.9181042313575745,41501,2187
0,0.029999999329447746,-0.05999999865889549,9.75,0,0,0,30.25,-28.25,-19.5625,-0.3962460458278656,-0.004760812036693096,0.007141217589378357,-0.9181042313575745,41511,2188
0,0.05000000074505806,-0.07999999821186066,9.739999771118164,0,-0.125,0,29.5,-17.375,-20,-0.3962460458278656,-0.004760812036693096,0.007141217589378357,-0.9181042313575745,41521,2189
0,0.05000000074505806,-0.07000000029802322,9.739999771118164,-0.0625,0.0625,0,29.5,-17.375,-20,-0.3962460458278656,-0.004760812036693096,0.007141217589378357,-0.9181042313575745,41531,2190
0,0.05000000074505806,-0.09000000357627869,9.760000228881836,0.125,-0.125,0.0625,29.5,-17.375,-20,-0.3962460458278656,-0.004760812036693096,0.007141217589378357,-0.9181042313575745,41541,2191
0,0.05000000074505806,-0.07000000029802322,9.739999771118164,0.1875,-0.0625,0,29.5,-17.375,-20,-0.3962460458278656,-0.004760812036693096,0.007141217589378357,-0.9181042313575745,41551,2192
0,0.05999999865889549,-0.07999999821186066,9.760000228881836,0,-0.125,-0.0625,29.5,-17.375,-20,-0.3962460458278656,-0.004760812036693096,0.007141217589378357,-0.9181042313575745,41561,2193
0,0.05999999865889549,-0.09000000357627869,9.729999542236328,0.0625,0.0625,0,29.5,-29.375,-20.0625,-0.3962460458278656,-0.004760812036693096,0.007141217589378357,-0.9181042313575745,41571,2194
0,0.07999999821186066,-0.05999999865889549,9.760000228881836,0.0625,0.1875,0,29.5,-29.375,-20.0625,-0.3962460458278656,-0.004760812036693096,0.007141217589378357,-0.9181042313575745,41581,2195
0,0.05000000074505806,-0.05999999865889549,9.729999542236328,0.125,-0.0625,0.125,29.5,-29.375,-20.0625,-0.3962460458278656,-0.004760812036693096,0.007141217589378357,-0.9181042313575745,41591,2196
0,0.05000000074505806,-0.07999999821186066,9.770000457763672,-0.0625,0,0,29.5,-29.375,-20.0625,-0.3962460458278656,-0.004760812036693096,0.007141217589378357,-0.9181042313575745,41601,2197
0,0.05000000074505806,-0.07999999821186066,9.729999542236328,-0.0625,0.0625,-0.0625,29.5,-29.375,-20.0625,-0.3962460458278656,-0.004760812036693096,0.007141217589378357,-0.9181042313575745,41611,2198
0,0.05999999865889549,-0.07999999821186066,9.75,-0.0625,0,-0.0625,31,-29.75,-19.25,-0.3962460458278656,-0.004760812036693096,0.007141217589378357,-0.9181042313575745,41621,2199
0,0.05999999865889549,-0.07999999821186066,9.739999771118164,0,-0.0625,0,31,-29.75,-19.25,-0.3962460458278656,-0.004760812036693096,0.007141217589378357,-0.9181042313575745,41631,2200
0,0.029999999329447746,-0.07999999821186066,9.739999771118164,-0.0625,0.0625,-0.0625,31,-29.75,-19.25,-0.3962460458278656,-0.004760812036693096,0.007141217589378357,-0.9181042313575745,41641,2201
0,0.05999999865889549,-0.07999999821186066,9.720000267028809,0,-0.0625,0,31,-29.75,-19.25,-0.3962460458278656,-0.004760812036693096,0.007141217589378357,-0.9181042313575745,41651,2202
0,0.05000000074505806,-0.09000000357627869,9.75,0,0,0.0625,31,-29.75,-19.25,-0.3962460458278656,-0.004760812036693096,0.007141217589378357,-0.9181042313575745,41661,2203
0,0.05000000074505806,-0.09000000357627869,9.739999771118164,0,0,-0.0625,30.6875,-18.5,-18.75,-0.3962460458278656,-0.004760812036693096,0.007141217589378357,-0.9181042313575745,41671,2204
0,0.05000000074505806,-0.10000000149011612,9.720000267028809,0.1875,-0.125,0.125,30.6875,-18.5,-18.75,-0.3962460458278656,-0.004760812036693096,0.007141217589378357,-0.9181042313575745,41681,2205
0,0.05000000074505806,-0.09000000357627869,9.720000267028809,0,0,-0.0625,30.6875,-18.5,-18.75,-0.3962460458278656,-0.004760812036693096,0.007141217589378357,-0.9181042313575745,41691,2206
0,0.05000000074505806,-0.05999999865889549,9.75,0,-0.0625,0.0625,30.6875,-18.5,-18.75,-0.3962460458278656,-0.004760812036693096,0.007141217589378357,-0.9181042313575745,41701,2207
0,0.05999999865889549,-0.07000000029802322,9.720000267028809,0.0625,0,-0.0625,30.6875,-18.5,-18.75,-0.3962460458278656,-0.004760812036693096,0.007141217589378357,-0.9181042313575745,41711,2208
0,0.05999999865889549,-0.09000000357627869,9.739999771118164,0.0625,-0.25,0,29.875,-25.25,-18.875,-0.3962460458278656,-0.004760812036693096,0.007141217589378357,-0.9181042313575745,41721,2209
0,0.05000000074505806,-0.10000000149011612,9.760000228881836,0.0625,0.125,-0.0625,29.875,-25.25,-18.875,-0.3962460458278656,-0.004760812036693096,0.007141217589378357,-0.9181042313575745,41731,2210
0,0.05000000074505806,-0.09000000357627869,9.760000228881836,0,-0.0625,0,29.875,-25.25,-18.875,-0.3962460458278656,-0.004760812036693096,0.007141217589378357,-0.9181042313575745,41741,2211
0,0.05000000074505806,-0.10000000149011612,9.760000228881836,0.0625,-0.0625,0,29.875,-25.25,-18.875,-0.3962460458278656,-0.004760812036693096,0.007141217589378357,-0.9181042313575745,41751,2212
0,0.07000000029802322,-0.09000000357627869,9.729999542236328,-0.125,0.125,-0.0625,29.875,-25.25,-18.875,-0.3962460458278656,-0.004760812036693096,0.007141217589378357,-0.9181042313575745,41761,2213
0,0.07000000029802322,-0.09000000357627869,9.739999771118164,0.0625,0,0.0625,29.1875,-31.6875,-20.75,-0.3962460458278656,-0.004760812036693096,0.007141217589378357,-0.9181042313575745,41771,2214
0,0.05000000074505806,-0.05999999865889549,9.75,0.125,0.125,0,29.1875,-31.6875,-20.75,-0.3962460458278656,-0.004760812036693096,0.007141217589378357,-0.9181042313575745,41781,2215
0,0.029999999329447746,-0.09000000357627869,9.710000038146973,0,0,0,29.1875,-31.6875,-20.75,-0.3962460458278656,-0.004760812036693096,0.007141217589378357,-0.9181042313575745,41791,2216
0,0.05000000074505806,-0.07999999821186066,9.739999771118164,0,0,0,29.1875,-31.6875,-20.75,-0.3962460458278656,-0.004760812036693096,0.007141217589378357,-0.9181042313575745,41801,2217
0,0.05000000074505806,-0.05999999865889549,9.739999771118164,0.0625,-0.1875,0,29.1875,-31.6875,-20.75,-0.3962460458278656,-0.004760812036693096,0.007141217589378357,-0.9181042313575745,41811,2218
0,0.05999999865889549,-0.10000000149011612,9.739999771118164,0,-0.125,0.0625,28.375,-30.1875,-19.5625,-0.3962460458278656,-0.004760812036693096,0.007141217589378357,-0.9181042313575745,41821,2219
0,0.05000000074505806,-0.07999999821186066,9.739999771118164,-0.0625,-0.0625,-0.0625,28.375,-30.1875,-19.5625,-0.3962460458278656,-0.004760812036693096,0.007141217589378357,-0.9181042313575745,41831,2220
0,0.05000000074505806,-0.07999999821186066,9.739999771118164,0.0625,0.0625,0,28.375,-30.1875,-19.5625,-0.3962460458278656,-0.004760812036693096,0.007141217589378357,-0.9181042313575745,41841,2221
0,0.07000000029802322,-0.07000000029802322,9.770000457763672,-0.0625,0.25,0.0625,28.375,-30.1875,-19.5625,-0.3962460458278656,-0.004760812036693096,0.007141217589378357,-0.9181042313575745,41851,2222
0,0.05999999865889549,-0.09000000357627869,9.739999771118164,0,0,-0.125,28.375,-30.1875,-19.5625,-0.3962460458278656,-0.004760812036693096,0.007141217589378357,-0.9181042313575745,41861,2223
0,0.07000000029802322,-0.07999999821186066,9.739999771118164,0.1875,-0.0625,0.1875,30.25,-29.375,-18.5,-0.3962460458278656,-0.004760812036693096,0.007141217589378357,-0.9181042313575745,41871,2224
0,0.05000000074505806,-0.09000000357627869,9.729999542236328,0,-0.1875,0.125,30.25,-29.375,-18.5,-0.3962460458278656,-0.004760812036693096,0.007141217589378357,-0.9181042313575745,41881,2225
0,0.05000000074505806,-0.05999999865889549,9.739999771118164,0,-0.0625,0,30.25,-29.375,-18.5,-0.3962460458278656,-0.004760812036693096,0.007141217589378357,-0.9181042313575745,41891,2226
0,0.07000000029802322,-0.09000000357627869,9.739999771118164,0,0,-0.0625,30.25,-29.375,-18.5,-0.3962460458278656,-0.004760812036693096,0.007141217589378357,-0.9181042313575745,41901,2227
0,0.05000000074505806,-0.09000000357627869,9.779999732971191,-0.0625,-0.0625,-0.0625,30.25,-29.375,-18.5,-0.3962460458278656,-0.004760812036693096,0.007141217589378357,-0.9181042313575745,41911,2228
0,0.03999999910593033,-0.10000000149011612,9.729999542236328,0,0,0.125,29.875,-18.875,-19.5625,-0.3962460458278656,-0.004760812036693096,0.007141217589378357,-0.9181042313575745,41921,2229
0,0.05000000074505806,-0.07999999821186066,9.760000228881836,0.0625,-0.125,-0.0625,29.875,-18.875,-19.5625,-0.3962460458278656,-0.004760812036693096,0.007141217589378357,-0.9181042313575745,41931,2230
0,0.07999999821186066,-0.07000000029802322,9.710000038146973,0.0625,-0.4375,0,29.875,-18.875,-19.5625,-0.3962460458278656,-0.004760812036693096,0.007141217589378357,-0.9181042313575745,41941,2231
0,0.05999999865889549,-0.09000000357627869,9.760000228881836,-0.1875,-0.1875,0.0625,29.875,-18.875,-19.5625,-0.3962460458278656,-0.004760812036693096,0.007141217589378357,-0.9181042313575745,41951,2232
0,0.05999999865889549,-0.10000000149011612,9.779999732971191,0,0.125,0.0625,29.875,-18.875,-19.5625,-0.3962460458278656,-0.004760812036693096,0.007141217589378357,-0.9181042313575745,41961,2233
0,0.05000000074505806,-0.07000000029802322,9.720000267028809,0.0625,0,0,29.875,-29.375,-19.25,-0.3962460458278656,-0.004760812036693096,0.007141217589378357,-0.9181042313575745,41971,2234
0,0.05000000074505806,-0.05999999865889549,9.729999542236328,-0.125,0.125,0,29.875,-29.375,-19.25,-0.3962460458278656,-0.004760812036693096,0.007141217589378357,-0.9181042313575745,41981,2235
0,0.05000000074505806,-0.10000000149011612,9.729999542236328,0.0625,0,0.1875,29.875,-29.375,-19.25,-0.3962460458278656,-0.004760812036693096,0.007141217589378357,-0.9181042313575745,41991,2236
0,0.05999999865889549,-0.10000000149011612,9.739999771118164,0,-0.0625,0.0625,29.875,-29.375,-19.25,-0.3962460458278656,-0.004760812036693096,0.007141217589378357,-0.9181042313575745,42001,2237
0,0.03999999910593033,-0.07999999821186066,9.75,0.125,-0.0625,0.0625,29.875,-29.375,-19.25,-0.3962460458278656,-0.004760812036693096,0.007141217589378357,-0.9181042313575745,42011,2238
0,0.05000000074505806,-0.09000000357627869,9.75,0.0625,-0.0625,0,28.375,-29.75,-19.25,-0.3962460458278656,-0.004760812036693096,0.007141217589378357,-0.9181042313575745,42021,2239
0,0.07000000029802322,-0.07999999821186066,9.739999771118164,-0.0625,0,0,28.375,-29.75,-19.25,-0.3962460458278656,-0.004760812036693096,0.007141217589378357,-0.9181042313575745,42031,2240
0,0.05000000074505806,-0.09000000357627869,9.720000267028809,-0.125,-0.1875,-0.0625,28.375,-29.75,-19.25,-0.3962460458278656,-0.004760812036693096,0.007141217589378357,-0.9181042313575745,42041,2241
0,0.07000000029802322,-0.07999999821186066,9.75,0.125,-0.125,0.0625,28.375,-29.75,-19.25,-0.3962460458278656,-0.004760812036693096,0.007141217589378357,-0.9181042313575745,42051,2242
0,0.07000000029802322,-0.09000000357627869,9.75,0.1875,-0.125,0.0625,28.375,-29.75,-19.25,-0.3962460458278656,-0.004760812036693096,0.007141217589378357,-0.9181042313575745,42061,2243
0,0.05999999865889549,-0.07999999821186066,9.739999771118164,0,0,-0.0625,30.6875,-24.1875,-20.5,-0.3962460458278656,-0.004760812036693096,0.007141217589378357,-0.9181042313575745,42071,2244
0,0.05999999865889549,-0.07999999821186066,9.739999771118164,0.125,-0.125,0,30.6875,-24.1875,-20.5,-0.3962460458278656,-0.004760812036693096,0.007141217589378357,-0.9181042313575745,42081,2245
0,0.05999999865889549,-0.09000000357627869,9.729999542236328,0.0625,-0.0625,0,30.6875,-24.1875,-20.5,-0.3962460458278656,-0.004760812036693096,0.007141217589378357,-0.9181042313575745,42091,2246
0,0.03999999910593033,-0.09000000357627869,9.710000038146973,0,-0.0625,0,30.6875,-24.1875,-20.5,-0.3962460458278656,-0.004760812036693096,0.007141217589378357,-0.9181042313575745,42101,2247
0,0.05000000074505806,-0.07999999821186066,9.739999771118164,0,0.0625,-0.0625,30.6875,-24.1875,-20.5,-0.3962460458278656,-0.004760812036693096,0.007141217589378357,-0.9181042313575745,42111,2248
0,0.03999999910593033,-0.07999999821186066,9.75,0,0.0625,0.0625,29.875,-28.25,-19.5625,-0.3962460458278656,-0.004760812036693096,0.007141217589378357,-0.9181042313575745,42121,2249
0,0.05999999865889549,-0.05999999865889549,9.770000457763672,-0.0625,0,0,29.875,-28.25,-19.5625,-0.3962460458278656,-0.004760812036693096,0.007141217589378357,-0.9181042313575745,42131,2250
0,0.029999999329447746,-0.09000000357627869,9.729999542236328,0,0,0.0625,29.875,-28.25,-19.5625,-0.3962460458278656,-0.004760812036693096,0.007141217589378357,-0.9181042313575745,42141,2251
0,0.03999999910593033,-0.09000000357627869,9.699999809265137,-0.0625,0.125,0.0625,29.875,-28.25,-19.5625,-0.3962460458278656,-0.004760812036693096,0.007141217589378357,-0.9181042313575745,42151,2252
0,0.03999999910593033,-0.07999999821186066,9.729999542236328,0,0.25,-0.0625,29.875,-28.25,-19.5625,-0.3962460458278656,-0.004760812036693096,0.007141217589378357,-0.9181042313575745,42161,2253
0,0.03999999910593033,-0.07999999821186066,9.739999771118164,0.0625,0.1875,0.0625,30.25,-17.75,-19.25,-0.3962460458278656,-0.004760812036693096,0.007141217589378357,-0.9181042313575745,42171,2254
0,0.05999999865889549,-0.07000000029802322,9.760000228881836,0.0625,0,0,30.25,-17.75,-19.25,-0.3962460458278656,-0.004760812036693096,0.007141217589378357,-0.9181042313575745,42181,2255
0,0.03999999910593033,-0.07000000029802322,9.729999542236328,0.0625,0.1875,0.0625,30.25,-17.75,-19.25,-0.3962460458278656,-0.004760812036693096,0.007141217589378357,-0.9181042313575745,42191,2256
0,0.03999999910593033,-0.07000000029802322,9.739999771118164,0,0.1875,0,30.25,-17.75,-19.25,-0.3962460458278656,-0.004760812036693096,0.007141217589378357,-0.9181042313575745,42201,2257
0,0.05000000074505806,-0.09000000357627869,9.75,-0.0625,-0.0625,-0.0625,30.25,-17.75,-19.25,-0.3962460458278656,-0.004760812036693096,0.007141217589378357,-0.9181042313575745,42211,2258
0,0.05999999865889549,-0.09000000357627869,9.75,-0.125,0,0.0625,29.5,-28.6875,-19.5625,-0.3962460458278656,-0.004760812036693096,0.007141217589378357,-0.9181042313575745,42221,2259
0,0.05999999865889549,-0.07000000029802322,9.729999542236328,-0.0625,-0.0625,0,29.5,-28.6875,-19.5625,-0.3962460458278656,-0.004760812036693096,0.007141217589378357,-0.9181042313575745,42231,2260
0,0.03999999910593033,-0.09000000357627869,9.710000038146973,0,0.1875,0.0625,29.5,-28.6875,-19.5625,-0.3962460458278656,-0.004760812036693096,0.007141217589378357,-0.9181042313575745,42241,2261
0,0.019999999552965164,-0.07000000029802322,9.710000038146973,-0.125,0.125,-0.0625,29.5,-28.6875,-19.5625,-0.3962460458278656,-0.004760812036693096,0.007141217589378357,-0.9181042313575745,42251,2262
0,0.03999999910593033,-0.07000000029802322,9.760000228881836,0.0625,0.0625,0,29.5,-28.6875,-19.5625,-0.3962460458278656,-0.004760812036693096,0.007141217589378357,-0.9181042313575745,42261,2263
0,0.07000000029802322,-0.05999999865889549,9.75,0,0.0625,-0.0625,29.875,-29,-18.75,-0.3962460458278656,-0.004760812036693096,0.007141217589378357,-0.9181042313575745,42270,2264
0,0.05999999865889549,-0.07999999821186066,9.729999542236328,0,0.0625,-0.0625,29.875,-29,-18.75,-0.3962460458278656,-0.004760812036693096,0.007141217589378357,-0.9181042313575745,42280,2265
0,0.05999999865889549,-0.07000000029802322,9.720000267028809,-0.0625,-0.125,-0.0625,29.875,-29,-18.75,-0.3962460458278656,-0.004760812036693096,0.007141217589378357,-0.9181042313575745,42290,2266
0,0.03999999910593033,-0.09000000357627869,9.729999542236328,-0.0625,0,-0.0625,29.875,-29,-18.75,-0.3962460458278656,-0.004760812036693096,0.007141217589378357,-0.9181042313575745,42300,2267
0,0.05000000074505806,-0.07999999821186066,9.739999771118164,-0.0625,-0.125,0.0625,29.875,-29,-18.75,-0.3962460458278656,-0.004760812036693096,0.007141217589378357,-0.9181042313575745,42311,2268
0,0.05000000074505806,-0.07000000029802322,9.760000228881836,0.125,0,0.0625,29.1875,-30.875,-18.5,-0.3962460458278656,-0.004760812036693096,0.007141217589378357,-0.9181042313575745,42320,2269
0,0.03999999910593033,-0.09000000357627869,9.729999542236328,0.0625,-0.25,0.0625,29.1875,-30.875,-18.5,-0.3962460458278656,-0.004760812036693096,0.007141217589378357,-0.9181042313575745,42330,2270
0,0.05000000074505806,-0.09000000357627869,9.720000267028809,0.0625,-0.0625,0,29.1875,-30.875,-18.5,-0.3962460458278656,-0.004760812036693096,0.007141217589378357,-0.9181042313575745,42340,2271
0,0.07000000029802322,-0.07999999821186066,9.729999542236328,-0.0625,-0.0625,0,29.1875,-30.875,-18.5,-0.3962460458278656,-0.004760812036693096,0.007141217589378357,-0.9181042313575745,42350,2272
0,0.05999999865889549,-0.07999999821186066,9.75,0.125,-0.0625,0,29.1875,-30.875,-18.5,-0.3962460458278656,-0.004760812036693096,0.007141217589378357,-0.9181042313575745,42361,2273
0,0.05000000074505806,-0.05999999865889549,9.75,0.0625,0.0625,0,30.6875,-30.875,-18.75,-0.3962460458278656,-0.004760812036693096,0.007141217589378357,-0.9181042313575745,42370,2274
0,0.07000000029802322,-0.09000000357627869,9.710000038146973,0,0,0,30.6875,-30.875,-18.75,-0.3962460458278656,-0.004760812036693096,0.007141217589378357,-0.9181042313575745,42380,2275
0,0.03999999910593033,-0.09000000357627869,9.739999771118164,-0.0625,-0.0625,0.0625,30.6875,-30.875,-18.75,-0.3962460458278656,-0.004760812036693096,0.007141217589378357,-0.9181042313575745,42390,2276
0,0.03999999910593033,-0.07999999821186066,9.720000267028809,-0.0625,0,0,30.6875,-30.875,-18.75,-0.3962460458278656,-0.004760812036693096,0.007141217589378357,-0.9181042313575745,42400,2277
0,0.05000000074505806,-0.09000000357627869,9.729999542236328,-0.0625,0,-0.0625,30.6875,-30.875,-18.75,-0.3962460458278656,-0.004760812036693096,0.007141217589378357,-0.9181042313575745,42411,2278
0,0.05000000074505806,-0.07999999821186066,9.760000228881836,0,0.1875,0.0625,30.6875,-29,-20.0625,-0.3962460458278656,-0.004760812036693096,0.007141217589378357,-0.9181042313575745,42420,2279
0,0.05000000074505806,-0.07000000029802322,9.75,-0.0625,-0.0625,-0.0625,30.6875,-29,-20.0625,-0.3962460458278656,-0.004760812036693096,0.007141217589378357,-0.9181042313575745,42430,2280
0,0.05000000074505806,-0.07000000029802322,9.75,-0.0625,0.125,-0.0625,30.6875,-29,-20.0625,-0.3962460458278656,-0.004760812036693096,0.007141217589378357,-0.9181042313575745,42440,2281
0,0.05000000074505806,-0.09000000357627869,9.760000228881836,0,-0.125,0.0625,30.6875,-29,-20.0625,-0.3962460458278656,-0.004760812036693096,0.007141217589378357,-0.9181042313575745,42450,2282
0,0.05999999865889549,-0.07999999821186066,9.739999771118164,0,-0.0625,-0.0625,30.6875,-29,-20.0625,-0.3962460458278656,-0.004760812036693096,0.007141217589378357,-0.9181042313575745,42460,2283
0,0.05999999865889549,-0.09000000357627869,9.75,0,0,0,30.25,-31.6875,-17.5625,-0.3962460458278656,-0.004760812036693096,0.007141217589378357,-0.9181042313575745,42470,2284
0,0.03999999910593033,-0.09000000357627869,9.710000038146973,0.0625,0.125,-0.0625,30.25,-31.6875,-17.5625,-0.3962460458278656,-0.004760812036693096,0.007141217589378357,-0.9181042313575745,42480,2285
0,0.05000000074505806,-0.07000000029802322,9.710000038146973,0,0.0625,-0.0625,30.25,-31.6875,-17.5625,-0.3962460458278656,-0.004760812036693096,0.007141217589378357,-0.9181042313575745,42490,2286
0,0.03999999910593033,-0.05999999865889549,9.739999771118164,-0.0625,-0.0625,0.125,30.25,-31.6875,-17.5625,-0.3962460458278656,-0.004760812036693096,0.007141217589378357,-0.9181042313575745,42500,2287
0,0.05999999865889549,-0.07000000029802322,9.729999542236328,0.125,-0.0625,0.0625,30.25,-31.6875,-17.5625,-0.3962460458278656,-0.004760812036693096,0.007141217589378357,-0.9181042313575745,42511,2288
0,0.05999999865889549,-0.09000000357627869,9.75,0.125,-0.0625,0,28.75,-31.6875,-18.875,-0.3962460458278656,-0.004760812036693096,0.007141217589378357,-0.9181042313575745,42520,2289
0,0.05999999865889549,-0.07999999821186066,9.739999771118164,0,0.25,-0.0625,28.75,-31.6875,-18.875,-0.3962460458278656,-0.004760812036693096,0.007141217589378357,-0.9181042313575745,42530,2290
0,0.05000000074505806,-0.09000000357627869,9.729999542236328,-0.0625,0,0,28.75,-31.6875,-18.875,-0.3962460458278656,-0.004760812036693096,0.007141217589378357,-0.9181042313575745,42540,2291
0,0.07000000029802322,-0.09000000357627869,9.739999771118164,0.0625,-0.25,0.0625,28.75,-31.6875,-18.875,-0.3962460458278656,-0.004760812036693096,0.007141217589378357,-0.9181042313575745,42550,2292
0,0.03999999910593033,-0.09000000357627869,9.760000228881836,0.125,-0.0625,-0.0625,28.75,-31.6875,-18.875,-0.3962460458278656,-0.004760812036693096,0.007141217589378357,-0.9181042313575745,42560,2293
0,0.05000000074505806,-0.09000000357627869,9.729999542236328,0.125,0.0625,0,29.875,-27.1875,-20.0625,-0.3962460458278656,-0.004760812036693096,0.007141217589378357,-0.9181042313575745,42570,2294
0,0.07999999821186066,-0.10000000149011612,9.760000228881836,0,-0.125,0,29.875,-27.1875,-20.0625,-0.3962460458278656,-0.004760812036693096,0.007141217589378357,-0.9181042313575745,42580,2295
0,0.07000000029802322,-0.07999999821186066,9.720000267028809,0,-0.1875,0.125,29.875,-27.1875,-20.0625,-0.3962460458278656,-0.004760812036693096,0.007141217589378357,-0.9181042313575745,42590,2296
0,0.05000000074505806,-0.07999999821186066,9.75,-0.0625,0.125,-0.125,29.875,-27.1875,-20.0625,-0.3962460458278656,-0.004760812036693096,0.007141217589378357,-0.9181042313575745,42600,2297
0,0.05999999865889549,-0.10000000149011612,9.770000457763672,0,-0.0625,0.0625,29.875,-27.1875,-20.0625,-0.3962460458278656,-0.004760812036693096,0.007141217589378357,-0.9181042313575745,42610,2298
0,0.07000000029802322,-0.07000000029802322,9.770000457763672,0,0.0625,0,29.5,-29,-17.5625,-0.3962460458278656,-0.004760812036693096,0.007141217589378357,-0.9181042313575745,42620,2299
0,0.05999999865889549,-0.09000000357627869,9.739999771118164,0,0,-0.0625,29.5,-29,-17.5625,-0.3962460458278656,-0.004760812036693096,0.007141217589378357,-0.9181042313575745,42630,2300
0,0.05000000074505806,-0.05000000074505806,9.720000267028809,0.0625,-0.1875,0.0625,29.5,-29,-17.5625,-0.3962460458278656,-0.004760812036693096,0.007141217589378357,-0.9181042313575745,42640,2301
0,0.05999999865889549,-0.07999999821186066,9.760000228881836,0.125,-0.0625,0.0625,29.5,-29,-17.5625,-0.3962460458278656,-0.004760812036693096,0.007141217589378357,-0.9181042313575745,42650,2302
0,0.05000000074505806,-0.05999999865889549,9.729999542236328,0.125,0,0,29.5,-29,-17.5625,-0.3962460458278656,-0.004760812036693096,0.007141217589378357,-0.9181042313575745,42660,2303
0,0.07000000029802322,-0.07000000029802322,9.739999771118164,-0.0625,-0.0625,0,30.6875,-29.75,-20.75,-0.3962460458278656,-0.004760812036693096,0.007141217589378357,-0.9181042313575745,42670,2304
0,0.05000000074505806,-0.10000000149011612,9.770000457763672,0.0625,-0.125,0,30.6875,-29.75,-20.75,-0.3962460458278656,-0.004760812036693096,0.007141217589378357,-0.9181042313575745,42680,2305
0,0.07000000029802322,-0.07000000029802322,9.75,-0.1875,-0.0625,0,30.6875,-29.75,-20.75,-0.3962460458278656,-0.004760812036693096,0.007141217589378357,-0.9181042313575745,42690,2306
0,0.05000000074505806,-0.09000000357627869,9.739999771118164,0,-0.0625,0.125,30.6875,-29.75,-20.75,-0.3962460458278656,-0.004760812036693096,0.007141217589378357,-0.9181042313575745,42700,2307
0,0.05999999865889549,-0.09000000357627869,9.800000190734863,-0.125,-0.0625,-0.0625,30.6875,-29.75,-20.75,-0.3962460458278656,-0.004760812036693096,0.007141217589378357,-0.9181042313575745,42710,2308
0,0.05000000074505806,-0.07000000029802322,9.739999771118164,-0.0625,0.125,-0.0625,29.1875,-29,-20.0625,-0.3962460458278656,-0.004760812036693096,0.007141217589378357,-0.9181042313575745,42720,2309
0,0.07999999821186066,-0.07999999821186066,9.760000228881836,0,0.0625,0,29.1875,-29,-20.0625,-0.3962460458278656,-0.004760812036693096,0.007141217589378357,-0.9181042313575745,42730,2310
0,0.05000000074505806,-0.10000000149011612,9.710000038146973,0.0625,-0.1875,0.0625,29.1875,-29,-20.0625,-0.3962460458278656,-0.004760812036693096,0.007141217589378357,-0.9181042313575745,42740,2311
0,0.03999999910593033,-0.09000000357627869,9.739999771118164,0,0,0,29.1875,-29,-20.0625,-0.3962460458278656,-0.004760812036693096,0.007141217589378357,-0.9181042313575745,42750,2312
0,0.05999999865889549,-0.07000000029802322,9.739999771118164,-0.0625,0.0625,0,29.1875,-29,-20.0625,-0.3962460458278656,-0.004760812036693096,0.007141217589378357,-0.9181042313575745,42760,2313
0,0.03999999910593033,-0.05999999865889549,9.770000457763672,0.0625,0.0625,-0.0625,29.875,-28.6875,-18.5,-0.3962460458278656,-0.004760812036693096,0.007141217589378357,-0.9181042313575745,42770,2314
0,0.05999999865889549,-0.09000000357627869,9.729999542236328,0.0625,-0.125,0.125,29.875,-28.6875,-18.5,-0.3962460458278656,-0.004760812036693096,0.007141217589378357,-0.9181042313575745,42780,2315
0,0.05000000074505806,-0.07999999821186066,9.699999809265137,0.0625,-0.125,0,29.875,-28.6875,-18.5,-0.3962460458278656,-0.004760812036693096,0.007141217589378357,-0.9181042313575745,42790,2316
0,0.05000000074505806,-0.07000000029802322,9.710000038146973,-0.0625,0.125,-0.125,29.875,-28.6875,-18.5,-0.3962460458278656,-0.004760812036693096,0.007141217589378357,-0.9181042313575745,42800,2317
0,0.07000000029802322,-0.05999999865889549,9.770000457763672,-0.0625,0,0,29.875,-28.6875,-18.5,-0.3962460458278656,-0.004760812036693096,0.007141217589378357,-0.9181042313575745,42810,2318
0,0.03999999910593033,-0.09000000357627869,9.760000228881836,-0.0625,-0.25,-0.0625,30.6875,-28.25,-19.5625,-0.3962460458278656,-0.004760812036693096,0.007141217589378357,-0.9181042313575745,42820,2319
0,0.05000000074505806,-0.09000000357627869,9.75,-0.0625,-0.0625,0,30.6875,-28.25,-19.5625,-0.3962460458278656,-0.004760812036693096,0.007141217589378357,-0.9181042313575745,42830,2320
0,0.05999999865889549,-0.07000000029802322,9.729999542236328,0,0,0,30.6875,-28.25,-19.5625,-0.3962460458278656,-0.004760812036693096,0.007141217589378357,-0.9181042313575745,42840,2321
0,0.03999999910593033,-0.09000000357627869,9.729999542236328,-0.1875,-0.125,0.0625,30.6875,-28.25,-19.5625,-0.3962460458278656,-0.004760812036693096,0.007141217589378357,-0.9181042313575745,42850,2322
0,0.05999999865889549,-0.09000000357627869,9.75,-0.0625,-0.125,0,30.6875,-28.25,-19.5625,-0.3962460458278656,-0.004760812036693096,0.007141217589378357,-0.9181042313575745,42860,2323
0,0.07999999821186066,-0.10999999940395355,9.729999542236328,-0.0625,0,0,30.25,-17.75,-19.25,-0.3962460458278656,-0.004760812036693096,0.007141217589378357,-0.9181042313575745,42870,2324
0,0.05000000074505806,-0.07000000029802322,9.75,0,0.125,-0.0625,30.25,-17.75,-19.25,-0.3962460458278656,-0.004760812036693096,0.007141217589378357,-0.9181042313575745,42880,2325
0,0.05000000074505806,-0.09000000357627869,9.710000038146973,0,0,-0.125,30.25,-17.75,-19.25,-0.3962460458278656,-0.004760812036693096,0.007141217589378357,-0.9181042313575745,42890,2326
0,0.05000000074505806,-0.07999999821186066,9.770000457763672,0.0625,0.0625,-0.0625,30.25,-17.75,-19.25,-0.3962460458278656,-0.004760812036693096,0.007141217589378357,-0.9181042313575745,42900,2327
0,0.05999999865889549,-0.09000000357627869,9.75,0,0.1875,0,30.25,-17.75,-19.25,-0.3962460458278656,-0.004760812036693096,0.007141217589378357,-0.9181042313575745,42910,2328
0,0.05999999865889549,-0.05000000074505806,9.779999732971191,0.0625,0.125,-0.0625,29.5,-28.6875,-18.5,-0.3962460458278656,-0.004760812036693096,0.007141217589378357,-0.9181042313575745,42920,2329
0,0.05999999865889549,-0.07000000029802322,9.729999542236328,0,-0.0625,0.125,29.5,-28.6875,-18.5,-0.3962460458278656,-0.004760812036693096,0.007141217589378357,-0.9181042313575745,42930,2330
0,0.05000000074505806,-0.05999999865889549,9.710000038146973,0.0625,0,0,29.5,-28.6875,-18.5,-0.3962460458278656,-0.004760812036693096,0.007141217589378357,-0.9181042313575745,42940,2331
0,0.05999999865889549,-0.05999999865889549,9.75,-0.125,-0.125,0.125,29.5,-28.6875,-18.5,-0.3962460458278656,-0.004760812036693096,0.007141217589378357,-0.9181042313575745,42950,2332
0,0.05999999865889549,-0.07000000029802322,9.729999542236328,0,-0.0625,0.0625,29.5,-28.6875,-18.5,-0.3962460458278656,-0.004760812036693096,0.007141217589378357,-0.9181042313575745,42960,2333
0,0.03999999910593033,-0.07000000029802322,9.760000228881836,0.125,0,0,29.5,-27.875,-20.5,-0.3962460458278656,-0.004760812036693096,0.007141217589378357,-0.9181042313575745,42970,2334
0,0.05000000074505806,-0.07000000029802322,9.699999809265137,0.125,-0.0625,-0.0625,29.5,-27.875,-20.5,-0.3962460458278656,-0.004760812036693096,0.007141217589378357,-0.9181042313575745,42980,2335
0,0.03999999910593033,-0.10000000149011612,9.729999542236328,-0.0625,0.1875,0.125,29.5,-27.875,-20.5,-0.3962460458278656,-0.004760812036693096,0.007141217589378357,-0.9181042313575745,42990,2336
0,0.07000000029802322,-0.07000000029802322,9.739999771118164,0.0625,-0.125,-0.0625,29.5,-27.875,-20.5,-0.3962460458278656,-0.004760812036693096,0.007141217589378357,-0.9181042313575745,43000,2337
0,0.05999999865889549,-0.05999999865889549,9.75,-0.0625,0.0625,0,29.5,-27.875,-20.5,-0.3962460458278656,-0.004760812036693096,0.007141217589378357,-0.9181042313575745,43010,2338
0,0.05000000074505806,-0.09000000357627869,9.75,0.0625,-0.1875,-0.0625,31,-29,-18.875,-0.3962460458278656,-0.004760812036693096,0.007141217589378357,-0.9181042313575745,43020,2339
0,0.03999999910593033,-0.05999999865889549,9.739999771118164,-0.0625,-0.375,0.125,31,-29,-18.875,-0.3962460458278656,-0.004760812036693096,0.007141217589378357,-0.9181042313575745,43030,2340
0,0.05999999865889549,-0.07000000029802322,9.729999542236328,-0.0625,-0.125,0,31,-29,-18.875,-0.3962460458278656,-0.004760812036693096,0.007141217589378357,-0.9181042313575745,43040,2341
0,0.05999999865889549,-0.10999999940395355,9.739999771118164,-0.125,-0.25,0,31,-29,-18.875,-0.3962460458278656,-0.004760812036693096,0.007141217589378357,-0.9181042313575745,43050,2342
0,0.07000000029802322,-0.07999999821186066,9.75,0.0625,0.125,0,31,-29,-18.875,-0.3962460458278656,-0.004760812036693096,0.007141217589378357,-0.9181042313575745,43060,2343
0,0.07000000029802322,-0.07999999821186066,9.729999542236328,0,-0.125,0.0625,30.6875,-28.25,-18.875,-0.3962460458278656,-0.004760812036693096,0.007141217589378357,-0.9181042313575745,43070,2344
0,0.05999999865889549,-0.07999999821186066,9.710000038146973,-0.0625,0,0,30.6875,-28.25,-18.875,-0.3962460458278656,-0.004760812036693096,0.007141217589378357,-0.9181042313575745,43080,2345
0,0.05000000074505806,-0.10000000149011612,9.75,0,0.1875,0,30.6875,-28.25,-18.875,-0.3962460458278656,-0.004760812036693096,0.007141217589378357,-0.9181042313575745,43090,2346
0,0.05999999865889549,-0.07999999821186066,9.729999542236328,-0.0625,0.0625,0.125,30.6875,-28.25,-18.875,-0.3962460458278656,-0.004760812036693096,0.007141217589378357,-0.9181042313575745,43100,2347
0,0.05000000074505806,-0.05999999865889549,9.75,0.125,-0.125,-0.0625,30.6875,-28.25,-18.875,-0.3962460458278656,-0.004760812036693096,0.007141217589378357,-0.9181042313575745,43110,2348
0,0.05000000074505806,-0.09000000357627869,9.760000228881836,-0.0625,0,0,30.25,-29,-20.0625,-0.3962460458278656,-0.004760812036693096,0.007141217589378357,-0.9181042313575745,43120,2349
0,0.05999999865889549,-0.07999999821186066,9.739999771118164,0,0,0.0625,30.25,-29,-20.0625,-0.3962460458278656,-0.004760812036693096,0.007141217589378357,-0.9181042313575745,43130,2350
0,0.05000000074505806,-0.10999999940395355,9.720000267028809,0,-0.0625,0.125,30.25,-29,-20.0625,-0.3962460458278656,-0.004760812036693096,0.007141217589378357,-0.9181042313575745,43140,2351
0,0.05000000074505806,-0.07999999821186066,9.710000038146973,0.1875,0,0,30.25,-29,-20.0625,-0.3962460458278656,-0.004760812036693096,0.007141217589378357,-0.9181042313575745,43150,2352
0,0.03999999910593033,-0.07000000029802322,9.760000228881836,0,0.0625,0,30.25,-29,-20.0625,-0.3962460458278656,-0.004760812036693096,0.007141217589378357,-0.9181042313575745,43160,2353
0,0.03999999910593033,-0.05999999865889549,9.770000457763672,-0.0625,0.0625,-0.1875,29.875,-27.875,-19.5625,-0.3962460458278656,-0.004760812036693096,0.007141217589378357,-0.9181042313575745,43170,2354
0,0.03999999910593033,-0.07999999821186066,9.729999542236328,-0.0625,0.125,-0.0625,29.875,-27.875,-19.5625,-0.3962460458278656,-0.004760812036693096,0.007141217589378357,-0.9181042313575745,43180,2355
0,0.05000000074505806,-0.07000000029802322,9.729999542236328,0.0625,0.0625,0,29.875,-27.875,-19.5625,-0.3962460458278656,-0.004760812036693096,0.007141217589378357,-0.9181042313575745,43190,2356
0,0.05000000074505806,-0.10000000149011612,9.729999542236328,0,-0.25,0,29.875,-27.875,-19.5625,-0.3962460458278656,-0.004760812036693096,0.007141217589378357,-0.9181042313575745,43200,2357
0,0.05000000074505806,-0.07999999821186066,9.760000228881836,0,0,0,29.875,-27.875,-19.5625,-0.3962460458278656,-0.004760812036693096,0.007141217589378357,-0.9181042313575745,43210,2358
0,0.05000000074505806,-0.07000000029802322,9.760000228881836,0.125,-0.125,-0.0625,29.875,-30.5,-18.875,-0.3962460458278656,-0.004760812036693096,0.007141217589378357,-0.9181042313575745,43220,2359
0,0.05000000074505806,-0.07999999821186066,9.729999542236328,0.0625,0.125,-0.125,29.875,-30.5,-18.875,-0.3962460458278656,-0.004760812036693096,0.007141217589378357,-0.9181042313575745,43230,2360
0,0.029999999329447746,-0.09000000357627869,9.720000267028809,0,0,0,29.875,-30.5,-18.875,-0.3962460458278656,-0.004760812036693096,0.007141217589378357,-0.9181042313575745,43240,2361
0,0.07000000029802322,-0.10000000149011612,9.739999771118164,0.0625,0.0625,-0.0625,29.875,-30.5,-18.875,-0.3962460458278656,-0.004760812036693096,0.007141217589378357,-0.9181042313575745,43250,2362
0,0.03999999910593033,-0.10000000149011612,9.760000228881836,-0.125,0,-0.0625,29.875,-30.5,-18.875,-0.3962460458278656,-0.004760812036693096,0.007141217589378357,-0.9181042313575745,43260,2363
0,0.05000000074505806,-0.07000000029802322,9.75,-0.0625,0.125,0.0625,29.875,-23.75,-19.5625,-0.3962460458278656,-0.004760812036693096,0.007141217589378357,-0.9181042313575745,43270,2364
0,0.05000000074505806,-0.09000000357627869,9.739999771118164,0,0,-0.125,29.875,-23.75,-19.5625,-0.3962460458278656,-0.004760812036693096,0.007141217589378357,-0.9181042313575745,43280,2365
0,0.05999999865889549,-0.09000000357627869,9.760000228881836,0.125,-0.0625,0,29.875,-23.75,-19.5625,-0.3962460458278656,-0.004760812036693096,0.007141217589378357,-0.9181042313575745,43290,2366
0,0.05999999865889549,-0.07000000029802322,9.739999771118164,0.125,0.0625,-0.0625,29.875,-23.75,-19.5625,-0.3962460458278656,-0.004760812036693096,0.007141217589378357,-0.9181042313575745,43300,2367
0,0.05999999865889549,-0.09000000357627869,9.75,0.0625,0.1875,0.0625,29.875,-23.75,-19.5625,-0.3962460458278656,-0.004760812036693096,0.007141217589378357,-0.9181042313575745,43310,2368
0,0.05000000074505806,-0.10000000149011612,9.760000228881836,0.0625,0,0.0625,29.875,-30.5,-18.875,-0.3962460458278656,-0.004760812036693096,0.007141217589378357,-0.9181042313575745,43320,2369
0,0.05000000074505806,-0.05999999865889549,9.760000228881836,0.0625,0,0,29.875,-30.5,-18.875,-0.3962460458278656,-0.004760812036693096,0.007141217589378357,-0.9181042313575745,43330,2370
0,0.05000000074505806,-0.07000000029802322,9.710000038146973,0.0625,0.0625,0,29.875,-30.5,-18.875,-0.3962460458278656,-0.004760812036693096,0.007141217589378357,-0.9181042313575745,43340,2371
0,0.05000000074505806,-0.07000000029802322,9.739999771118164,0,0.0625,0.125,29.875,-30.5,-18.875,-0.3962460458278656,-0.004760812036693096,0.007141217589378357,-0.9181042313575745,43350,2372
0,0.05000000074505806,-0.07999999821186066,9.760000228881836,0,0.125,-0.125,29.875,-30.5,-18.875,-0.3962460458278656,-0.004760812036693096,0.007141217589378357,-0.9181042313575745,43360,2373
0,0.05000000074505806,-0.07999999821186066,9.739999771118164,-0.0625,0,-0.0625,29.5,-29,-18.875,-0.3962460458278656,-0.004760812036693096,0.007141217589378357,-0.9181042313575745,43370,2374
0,0.05000000074505806,-0.09000000357627869,9.739999771118164,0,-0.125,0,29.5,-29,-18.875,-0.3962460458278656,-0.004760812036693096,0.007141217589378357,-0.9181042313575745,43380,2375
0,0.03999999910593033,-0.07000000029802322,9.710000038146973,0,-0.0625,0.0625,29.5,-29,-18.875,-0.3962460458278656,-0.004760812036693096,0.007141217589378357,-0.9181042313575745,43390,2376
0,0.03999999910593033,-0.09000000357627869,9.710000038146973,-0.0625,0,-0.125,29.5,-29,-18.875,-0.3962460458278656,-0.004760812036693096,0.007141217589378357,-0.9181042313575745,43400,2377
0,0.05000000074505806,-0.10000000149011612,9.729999542236328,0.0625,0.0625,0,29.5,-29,-18.875,-0.3962460458278656,-0.004760812036693096,0.007141217589378357,-0.9181042313575745,43410,2378
0,0.05000000074505806,-0.07999999821186066,9.760000228881836,0.125,0.125,-0.0625,29.5,-29,-20.5,-0.3962460458278656,-0.004760812036693096,0.007141217589378357,-0.9181042313575745,43420,2379
0,0.05000000074505806,-0.10000000149011612,9.739999771118164,0.0625,-0.0625,0,29.5,-29,-20.5,-0.3962460458278656,-0.004760812036693096,0.007141217589378357,-0.9181042313575745,43430,2380
0,0.03999999910593033,-0.07000000029802322,9.729999542236328,0,0,0,29.5,-29,-20.5,-0.3962460458278656,-0.004760812036693096,0.007141217589378357,-0.9181042313575745,43440,2381
0,0.05999999865889549,-0.07000000029802322,9.720000267028809,0.0625,0,-0.0625,29.5,-29,-20.5,-0.3962460458278656,-0.004760812036693096,0.007141217589378357,-0.9181042313575745,43450,2382
0,0.05999999865889549,-0.07000000029802322,9.75,0.0625,0,-0.0625,29.5,-29,-20.5,-0.3962460458278656,-0.004760812036693096,0.007141217589378357,-0.9181042313575745,43460,2383
0,0.03999999910593033,-0.07999999821186066,9.760000228881836,0,0.125,-0.0625,29.1875,-17.75,-16.875,-0.3962460458278656,-0.004760812036693096,0.007141217589378357,-0.9181042313575745,43470,2384
0,0.029999999329447746,-0.10000000149011612,9.770000457763672,-0.0625,0.125,0,29.1875,-17.75,-16.875,-0.3962460458278656,-0.004760812036693096,0.007141217589378357,-0.9181042313575745,43480,2385
0,0.05000000074505806,-0.07999999821186066,9.720000267028809,-0.0625,-0.0625,0.0625,29.1875,-17.75,-16.875,-0.3962460458278656,-0.004760812036693096,0.007141217589378357,-0.9181042313575745,43490,2386
0,0.05000000074505806,-0.07000000029802322,9.770000457763672,-0.0625,-0.0625,0.0625,29.1875,-17.75,-16.875,-0.3962460458278656,-0.004760812036693096,0.007141217589378357,-0.9181042313575745,43500,2387
0,0.05000000074505806,-0.07000000029802322,9.720000267028809,0,-0.0625,-0.0625,29.1875,-17.75,-16.875,-0.3962460458278656,-0.004760812036693096,0.007141217589378357,-0.9181042313575745,43510,2388
0,0.05000000074505806,-0.09000000357627869,9.739999771118164,0.0625,0.1875,-0.0625,30.6875,-28.6875,-20.5,-0.3962460458278656,-0.004760812036693096,0.007141217589378357,-0.9181042313575745,43520,2389
0,0.05000000074505806,-0.07999999821186066,9.760000228881836,0.125,0,0.125,30.6875,-28.6875,-20.5,-0.3962460458278656,-0.004760812036693096,0.007141217589378357,-0.9181042313575745,43530,2390
0,0.029999999329447746,-0.07000000029802322,9.710000038146973,0.0625,-0.0625,-0.0625,30.6875,-28.6875,-20.5,-0.3962460458278656,-0.004760812036693096,0.007141217589378357,-0.9181042313575745,43540,2391
0,0.05999999865889549,-0.07999999821186066,9.720000267028809,0.0625,0,0.125,30.6875,-28.6875,-20.5,-0.3962460458278656,-0.004760812036693096,0.007141217589378357,-0.9181042313575745,43550,2392
0,0.03999999910593033,-0.05999999865889549,9.770000457763672,-0.0625,0.0625,0.0625,30.6875,-28.6875,-20.5,-0.3962460458278656,-0.004760812036693096,0.007141217589378357,-0.9181042313575745,43560,2393
0,0.029999999329447746,-0.07999999821186066,9.75,-0.0625,0.0625,0.0625,30.6875,-28.25,-20.0625,-0.3962460458278656,-0.004760812036693096,0.007141217589378357,-0.9181042313575745,43570,2394
0,0.05000000074505806,-0.07000000029802322,9.710000038146973,0.1875,-0.0625,-0.125,30.6875,-28.25,-20.0625,-0.3962460458278656,-0.004760812036693096,0.007141217589378357,-0.9181042313575745,43580,2395
0,0.05999999865889549,-0.07999999821186066,9.720000267028809,0.0625,-0.1875,-0.0625,30.6875,-28.25,-20.0625,-0.3962460458278656,-0.004760812036693096,0.007141217589378357,-0.9181042313575745,43590,2396
0,0.05000000074505806,-0.07000000029802322,9.720000267028809,0.125,0,0,30.6875,-28.25,-20.0625,-0.3962460458278656,-0.004760812036693096,0.007141217589378357,-0.9181042313575745,43600,2397
0,0.07000000029802322,-0.05999999865889549,9.770000457763672,0.0625,0,0.0625,30.6875,-28.25,-20.0625,-0.3962460458278656,-0.004760812036693096,0.007141217589378357,-0.9181042313575745,43610,2398
0,0.05000000074505806,-0.07999999821186066,9.739999771118164,0.0625,-0.0625,0.0625,30.25,-16.6875,-19.5625,-0.3962460458278656,-0.004760812036693096,0.007141217589378357,-0.9181042313575745,43620,2399
0,0.05999999865889549,-0.10000000149011612,9.75,0.0625,0.0625,0,30.25,-16.6875,-19.5625,-0.3962460458278656,-0.004760812036693096,0.007141217589378357,-0.9181042313575745,43630,2400
0,0.07000000029802322,-0.07000000029802322,9.739999771118164,0,-0.0625,0.0625,30.25,-16.6875,-19.5625,-0.3962460458278656,-0.004760812036693096,0.007141217589378357,-0.9181042313575745,43640,2401
0,0.05000000074505806,-0.10000000149011612,9.720000267028809,0,0.0625,0.1875,30.25,-16.6875,-19.5625,-0.3962460458278656,-0.004760812036693096,0.007141217589378357,-0.9181042313575745,43650,2402
0,0.05999999865889549,-0.07000000029802322,9.75,0,0,0,30.25,-16.6875,-19.5625,-0.3962460458278656,-0.004760812036693096,0.007141217589378357,-0.9181042313575745,43660,2403
0,0.03999999910593033,-0.07999999821186066,9.75,0.125,-0.0625,0.0625,30.25,-26.75,-19.25,-0.3962460458278656,-0.004760812036693096,0.007141217589378357,-0.9181042313575745,43670,2404
0,0.029999999329447746,-0.07999999821186066,9.75,0.0625,0.0625,0.0625,30.25,-26.75,-19.25,-0.3962460458278656,-0.004760812036693096,0.007141217589378357,-0.9181042313575745,43680,2405
0,0.05999999865889549,-0.09000000357627869,9.720000267028809,-0.0625,-0.0625,0.0625,30.25,-26.75,-19.25,-0.3962460458278656,-0.004760812036693096,0.007141217589378357,-0.9181042313575745,43690,2406
0,0.05999999865889549,-0.07000000029802322,9.75,0,0.1875,-0.0625,30.25,-26.75,-19.25,-0.3962460458278656,-0.004760812036693096,0.007141217589378357,-0.9181042313575745,43700,2407
0,0.05000000074505806,-0.09000000357627869,9.720000267028809,0,0.0625,0,30.25,-26.75,-19.25,-0.3962460458278656,-0.004760812036693096,0.007141217589378357,-0.9181042313575745,43710,2408
0,0.07000000029802322,-0.10000000149011612,9.739999771118164,0,0.0625,0.0625,29.875,-18.875,-20.0625,-0.3962460458278656,-0.004760812036693096,0.007141217589378357,-0.9181042313575745,43720,2409
0,0.05999999865889549,-0.10000000149011612,9.739999771118164,0,-0.0625,-0.125,29.875,-18.875,-20.0625,-0.3962460458278656,-0.004760812036693096,0.007141217589378357,-0.9181042313575745,43730,2410
0,0.05000000074505806,-0.10000000149011612,9.729999542236328,-0.0625,0.125,-0.0625,29.875,-18.875,-20.0625,-0.3962460458278656,-0.004760812036693096,0.007141217589378357,-0.9181042313575745,43740,2411
0,0.05999999865889549,-0.07999999821186066,9.75,-0.0625,-0.125,0.0625,29.875,-18.875,-20.0625,-0.3962460458278656,-0.004760812036693096,0.007141217589378357,-0.9181042313575745,43750,2412
0,0.03999999910593033,-0.09000000357627869,9.75,0.0625,-0.0625,0.0625,29.875,-18.875,-20.0625,-0.3962460458278656,-0.004760812036693096,0.007141217589378357,-0.9181042313575745,43760,2413
0,0.03999999910593033,-0.10000000149011612,9.770000457763672,0,0,0,30.6875,-29.375,-20.0625,-0.3962460458278656,-0.004760812036693096,0.007141217589378357,-0.9181042313575745,43770,2414
0,0.05000000074505806,-0.07999999821186066,9.729999542236328,0.0625,-0.1875,0.0625,30.6875,-29.375,-20.0625,-0.3962460458278656,-0.004760812036693096,0.007141217589378357,-0.9181042313575745,43780,2415
0,0.05000000074505806,-0.05000000074505806,9.729999542236328,0.25,0.0625,0,30.6875,-29.375,-20.0625,-0.3962460458278656,-0.004760812036693096,0.007141217589378357,-0.9181042313575745,43790,2416
0,0.05000000074505806,-0.05999999865889549,9.75,0.0625,0.125,0,30.6875,-29.375,-20.0625,-0.3962460458278656,-0.004760812036693096,0.007141217589378357,-0.9181042313575745,43800,2417
0,0.05999999865889549,-0.07999999821186066,9.75,-0.125,-0.0625,-0.0625,30.6875,-29.375,-20.0625,-0.3962460458278656,-0.004760812036693096,0.007141217589378357,-0.9181042313575745,43810,2418
0,0.05000000074505806,-0.07999999821186066,9.729999542236328,0.0625,-0.0625,0,29.875,-29,-18.5,-0.3962460458278656,-0.004760812036693096,0.007141217589378357,-0.9181042313575745,43820,2419
0,0.05000000074505806,-0.07999999821186066,9.75,-0.0625,0.125,0,29.875,-29,-18.5,-0.3962460458278656,-0.004760812036693096,0.007141217589378357,-0.9181042313575745,43830,2420
0,0.05999999865889549,-0.05999999865889549,9.75,0.0625,-0.0625,0.0625,29.875,-29,-18.5,-0.3962460458278656,-0.004760812036693096,0.007141217589378357,-0.9181042313575745,43840,2421
0,0.05999999865889549,-0.10000000149011612,9.720000267028809,0.125,0.0625,0.0625,29.875,-29,-18.5,-0.3962460458278656,-0.004760812036693096,0.007141217589378357,-0.9181042313575745,43850,2422
0,0.05000000074505806,-0.09000000357627869,9.729999542236328,0.0625,0.125,0.0625,29.875,-29,-18.5,-0.3962460458278656,-0.004760812036693096,0.007141217589378357,-0.9181042313575745,43860,2423
0,0.05000000074505806,-0.07999999821186066,9.770000457763672,0,0.0625,0.0625,30.25,-27.875,-20.75,-0.3962460458278656,-0.004760812036693096,0.007141217589378357,-0.9181042313575745,43870,2424
0,0.05999999865889549,-0.09000000357627869,9.75,-0.0625,-0.125,-0.0625,30.25,-27.875,-20.75,-0.3962460458278656,-0.004760812036693096,0.007141217589378357,-0.9181042313575745,43880,2425
0,0.029999999329447746,-0.09000000357627869,9.720000267028809,0.0625,-0.1875,0,30.25,-27.875,-20.75,-0.3962460458278656,-0.004760812036693096,0.007141217589378357,-0.9181042313575745,43890,2426
0,0.05000000074505806,-0.07000000029802322,9.75,0.0625,0.0625,-0.0625,30.25,-27.875,-20.75,-0.3962460458278656,-0.004760812036693096,0.007141217589378357,-0.9181042313575745,43900,2427
0,0.029999999329447746,-0.07999999821186066,9.75,-0.0625,0,0,30.25,-27.875,-20.75,-0.3962460458278656,-0.004760812036693096,0.007141217589378357,-0.9181042313575745,43910,2428
0,0.05999999865889549,-0.07999999821186066,9.729999542236328,-0.0625,0.125,0,30.6875,-29.375,-19.25,-0.3962460458278656,-0.004760812036693096,0.007141217589378357,-0.9181042313575745,43920,2429
0,0.05000000074505806,-0.07000000029802322,9.75,0.125,-0.125,0.0625,30.6875,-29.375,-19.25,-0.3962460458278656,-0.004760812036693096,0.007141217589378357,-0.9181042313575745,43930,2430
0,0.05000000074505806,-0.07999999821186066,9.710000038146973,-0.125,-0.0625,0.0625,30.6875,-29.375,-19.25,-0.3962460458278656,-0.004760812036693096,0.007141217589378357,-0.9181042313575745,43940,2431
0,0.05000000074505806,-0.07999999821186066,9.739999771118164,-0.125,-0.0625,0.0625,30.6875,-29.375,-19.25,-0.3962460458278656,-0.004760812036693096,0.007141217589378357,-0.9181042313575745,43950,2432
0,0.03999999910593033,-0.07000000029802322,9.729999542236328,0.0625,0,0.0625,30.6875,-29.375,-19.25,-0.3962460458278656,-0.004760812036693096,0.007141217589378357,-0.9181042313575745,43960,2433
0,0.05999999865889549,-0.07999999821186066,9.75,-0.0625,-0.0625,0,30.25,-29.375,-19.25,-0.3962460458278656,-0.004760812036693096,0.007141217589378357,-0.9181042313575745,43970,2434
0,0.07000000029802322,-0.07000000029802322,9.739999771118164,-0.0625,-0.0625,0,30.25,-29.375,-19.25,-0.3962460458278656,-0.004760812036693096,0.007141217589378357,-0.9181042313575745,43980,2435
0,0.05000000074505806,-0.07000000029802322,9.729999542236328,0,0.0625,0,30.25,-29.375,-19.25,-0.3962460458278656,-0.004760812036693096,0.007141217589378357,-0.9181042313575745,43990,2436
0,0.05999999865889549,-0.07000000029802322,9.75,0,0.125,-0.0625,30.25,-29.375,-19.25,-0.3962460458278656,-0.004760812036693096,0.007141217589378357,-0.9181042313575745,44000,2437
0,0.05999999865889549,-0.10000000149011612,9.739999771118164,-0.0625,0,-0.0625,30.25,-29.375,-19.25,-0.3962460458278656,-0.004760812036693096,0.007141217589378357,-0.9181042313575745,44010,2438
0,0.07000000029802322,-0.07000000029802322,9.729999542236328,-0.0625,0.125,-0.0625,29.5,-25.6875,-19.25,-0.3962460458278656,-0.004760812036693096,0.007141217589378357,-0.9181042313575745,44021,2439
0,0.05999999865889549,-0.09000000357627869,9.729999542236328,-0.0625,-0.0625,0.0625,29.5,-25.6875,-19.25,-0.3962460458278656,-0.004760812036693096,0.007141217589378357,-0.9181042313575745,44030,2440
0,0.05999999865889549,-0.10000000149011612,9.710000038146973,0.0625,0.125,0.0625,29.5,-25.6875,-19.25,-0.3962460458278656,-0.004760812036693096,0.007141217589378357,-0.9181042313575745,44041,2441
0,0.05999999865889549,-0.05999999865889549,9.739999771118164,0,0.0625,0.0625,29.5,-25.6875,-19.25,-0.3962460458278656,-0.004760812036693096,0.007141217589378357,-0.9181042313575745,44050,2442
0,0.07000000029802322,-0.07999999821186066,9.739999771118164,0.0625,0.0625,0.0625,29.5,-25.6875,-19.25,-0.3962460458278656,-0.004760812036693096,0.007141217589378357,-0.9181042313575745,44060,2443
0,0.05000000074505806,-0.10000000149011612,9.760000228881836,0.0625,0,0,29.5,-30.5,-18.875,-0.3962460458278656,-0.004760812036693096,0.007141217589378357,-0.9181042313575745,44070,2444
0,0.03999999910593033,-0.07999999821186066,9.760000228881836,0.0625,0.0625,-0.0625,29.5,-30.5,-18.875,-0.3962460458278656,-0.004760812036693096,0.007141217589378357,-0.9181042313575745,44081,2445
0,0.03999999910593033,-0.09000000357627869,9.710000038146973,0.0625,-0.0625,0.0625,29.5,-30.5,-18.875,-0.3962460458278656,-0.004760812036693096,0.007141217589378357,-0.9181042313575745,44091,2446
0,0.05999999865889549,-0.07999999821186066,9.75,0.0625,0,0,29.5,-30.5,-18.875,-0.3962460458278656,-0.004760812036693096,0.007141217589378357,-0.9181042313575745,44100,2447
0,0.07000000029802322,-0.07999999821186066,9.75,0,-0.0625,0,29.5,-30.5,-18.875,-0.3962460458278656,-0.004760812036693096,0.007141217589378357,-0.9181042313575745,44110,2448
0,0.07000000029802322,-0.07999999821186066,9.739999771118164,0,0.0625,-0.0625,30.6875,-26,-18.75,-0.3962460458278656,-0.004760812036693096,0.007141217589378357,-0.9181042313575745,44121,2449
0,0.05999999865889549,-0.10999999940395355,9.75,-0.0625,0,-0.0625,30.6875,-26,-18.75,-0.3962460458278656,-0.004760812036693096,0.007141217589378357,-0.9181042313575745,44131,2450
0,0.05999999865889549,-0.07999999821186066,9.729999542236328,-0.125,-0.125,0.0625,30.6875,-26,-18.75,-0.3962460458278656,-0.004760812036693096,0.007141217589378357,-0.9181042313575745,44141,2451
0,0.03999999910593033,-0.07999999821186066,9.729999542236328,0.0625,-0.0625,-0.0625,30.6875,-26,-18.75,-0.3962460458278656,-0.004760812036693096,0.007141217589378357,-0.9181042313575745,44150,2452
0,0.029999999329447746,-0.07000000029802322,9.770000457763672,0.125,0,0.0625,30.6875,-26,-18.75,-0.3962460458278656,-0.004760812036693096,0.007141217589378357,-0.9181042313575745,44160,2453
0,0.05000000074505806,-0.07000000029802322,9.75,-0.125,0,-0.0625,31.375,-27.875,-20.0625,-0.3962460458278656,-0.004760812036693096,0.007141217589378357,-0.9181042313575745,44171,2454
0,0.05000000074505806,-0.10999999940395355,9.729999542236328,-0.0625,-0.1875,0.0625,31.375,-27.875,-20.0625,-0.3962460458278656,-0.004760812036693096,0.007141217589378357,-0.9181042313575745,44181,2455
0,0.05999999865889549,-0.05999999865889549,9.760000228881836,0.125,0.125,0.0625,31.375,-27.875,-20.0625,-0.3962460458278656,-0.004760812036693096,0.007141217589378357,-0.9181042313575745,44191,2456
0,0.05999999865889549,-0.07999999821186066,9.75,0.0625,0,0.0625,31.375,-27.875,-20.0625,-0.3962460458278656,-0.004760812036693096,0.007141217589378357,-0.9181042313575745,44201,2457
0,0.07999999821186066,-0.07999999821186066,9.75,0,-0.1875,-0.0625,31.375,-27.875,-20.0625,-0.3962460458278656,-0.004760812036693096,0.007141217589378357,-0.9181042313575745,44210,2458
0,0.05000000074505806,-0.07999999821186066,9.760000228881836,-0.0625,0,0.0625,31,-27.5,-19.25,-0.3962460458278656,-0.004760812036693096,0.007141217589378357,-0.9181042313575745,44221,2459
0,0.07000000029802322,-0.05999999865889549,9.729999542236328,0,0.0625,-0.125,31,-27.5,-19.25,-0.3962460458278656,-0.004760812036693096,0.007141217589378357,-0.9181042313575745,44231,2460
0,0.05999999865889549,-0.07000000029802322,9.75,0.125,-0.125,0.0625,31,-27.5,-19.25,-0.3962460458278656,-0.004760812036693096,0.007141217589378357,-0.9181042313575745,44241,2461
0,0.05000000074505806,-0.09000000357627869,9.729999542236328,0.0625,0,0.0625,31,-27.5,-19.25,-0.3962460458278656,-0.004760812036693096,0.007141217589378357,-0.9181042313575745,44250,2462
0,0.03999999910593033,-0.07999999821186066,9.789999961853027,0,0.25,0,31,-27.5,-19.25,-0.3962460458278656,-0.004760812036693096,0.007141217589378357,-0.9181042313575745,44260,2463
0,0.05999999865889549,-0.07999999821186066,9.760000228881836,0.0625,0,0,29.1875,-27.875,-20.5,-0.3962460458278656,-0.004760812036693096,0.007141217589378357,-0.9181042313575745,44271,2464
0,0.05000000074505806,-0.05999999865889549,9.720000267028809,-0.0625,0,0,29.1875,-27.875,-20.5,-0.3962460458278656,-0.004760812036693096,0.007141217589378357,-0.9181042313575745,44281,2465
0,0.05000000074505806,-0.09000000357627869,9.729999542236328,0.0625,-0.0625,-0.0625,29.1875,-27.875,-20.5,-0.3962460458278656,-0.004760812036693096,0.007141217589378357,-0.9181042313575745,44291,2466
0,0.05999999865889549,-0.09000000357627869,9.770000457763672,0,0.0625,0,29.1875,-27.875,-20.5,-0.3962460458278656,-0.004760812036693096,0.007141217589378357,-0.9181042313575745,44301,2467
0,0.05999999865889549,-0.07999999821186066,9.710000038146973,0,0.125,-0.0625,29.1875,-27.875,-20.5,-0.3962460458278656,-0.004760812036693096,0.007141217589378357,-0.9181042313575745,44310,2468
0,0.05999999865889549,-0.09000000357627869,9.760000228881836,0.125,-0.125,0.125,29.1875,-27.875,-18.875,-0.3962460458278656,-0.004760812036693096,0.007141217589378357,-0.9181042313575745,44321,2469
0,0.05999999865889549,-0.07999999821186066,9.75,0,0,0,29.1875,-27.875,-18.875,-0.3962460458278656,-0.004760812036693096,0.007141217589378357,-0.9181042313575745,44331,2470
0,0.05999999865889549,-0.10000000149011612,9.75,0.25,-0.25,0,29.1875,-27.875,-18.875,-0.3962460458278656,-0.004760812036693096,0.007141217589378357,-0.9181042313575745,44341,2471
0,0.05000000074505806,-0.07999999821186066,9.729999542236328,0,-0.0625,0.0625,29.1875,-27.875,-18.875,-0.3962460458278656,-0.004760812036693096,0.007141217589378357,-0.9181042313575745,44350,2472
0,0.05000000074505806,-0.10000000149011612,9.729999542236328,0,-0.125,-0.0625,29.1875,-27.875,-18.875,-0.3962460458278656,-0.004760812036693096,0.007141217589378357,-0.9181042313575745,44360,2473
0,0.07999999821186066,-0.05999999865889549,9.75,0,0,0,29.875,-28.25,-18.5,-0.3962460458278656,-0.004760812036693096,0.007141217589378357,-0.9181042313575745,44371,2474
0,0.05999999865889549,-0.09000000357627869,9.75,0.125,-0.0625,0,29.875,-28.25,-18.5,-0.3962460458278656,-0.004760812036693096,0.007141217589378357,-0.9181042313575745,44381,2475
0,0.05000000074505806,-0.07999999821186066,9.739999771118164,-0.0625,0.125,0.0625,29.875,-28.25,-18.5,-0.3962460458278656,-0.004760812036693096,0.007141217589378357,-0.9181042313575745,44391,2476
0,0.05999999865889549,-0.07000000029802322,9.729999542236328,-0.0625,-0.0625,0,29.875,-28.25,-18.5,-0.3962460458278656,-0.004760812036693096,0.007141217589378357,-0.9181042313575745,44401,2477
0,0.029999999329447746,-0.05999999865889549,9.729999542236328,0,0,0,29.875,-28.25,-18.5,-0.3962460458278656,-0.004760812036693096,0.007141217589378357,-0.9181042313575745,44410,2478
0,0.05000000074505806,-0.07000000029802322,9.729999542236328,-0.0625,-0.0625,0,29.1875,-27.5,-19.25,-0.3962460458278656,-0.004760812036693096,0.007141217589378357,-0.9181042313575745,44421,2479
0,0.07000000029802322,-0.07999999821186066,9.760000228881836,0.125,-0.1875,0,29.1875,-27.5,-19.25,-0.3962460458278656,-0.004760812036693096,0.007141217589378357,-0.9181042313575745,44431,2480
0,0.05000000074505806,-0.10000000149011612,9.729999542236328,0.125,-0.1875,0,29.1875,-27.5,-19.25,-0.3962460458278656,-0.004760812036693096,0.007141217589378357,-0.9181042313575745,44442,2481
0,0.07000000029802322,-0.07999999821186066,9.720000267028809,-0.125,0.125,0.0625,29.1875,-27.5,-19.25,-0.3962460458278656,-0.004760812036693096,0.007141217589378357,-0.9181042313575745,44450,2482
0,0.05000000074505806,-0.10000000149011612,9.739999771118164,-0.0625,-0.0625,0.0625,29.1875,-27.5,-19.25,-0.3962460458278656,-0.004760812036693096,0.007141217589378357,-0.9181042313575745,44460,2483
0,0.05000000074505806,-0.10000000149011612,9.75,0.0625,0,0,30.6875,-25.25,-18.5,-0.3962460458278656,-0.004760812036693096,0.007141217589378357,-0.9181042313575745,44472,2484
0,0.05999999865889549,-0.10000000149011612,9.729999542236328,-0.0625,-0.125,-0.0625,30.6875,-25.25,-18.5,-0.3962460458278656,-0.004760812036693096,0.007141217589378357,-0.9181042313575745,44482,2485
0,0.05999999865889549,-0.05999999865889549,9.729999542236328,0.125,0,0,30.6875,-25.25,-18.5,-0.3962460458278656,-0.004760812036693096,0.007141217589378357,-0.9181042313575745,44491,2486
0,0.05000000074505806,-0.07999999821186066,9.720000267028809,0,0.0625,0,30.6875,-25.25,-18.5,-0.3962460458278656,-0.004760812036693096,0.007141217589378357,-0.9181042313575745,44501,2487
0,0.05999999865889549,-0.09000000357627869,9.760000228881836,-0.0625,0,0.125,30.6875,-25.25,-18.5,-0.3962460458278656,-0.004760812036693096,0.007141217589378357,-0.9181042313575745,44510,2488
0,0.05000000074505806,-0.07000000029802322,9.729999542236328,0,0.0625,-0.0625,29.5,-27.1875,-19.5625,-0.3962460458278656,-0.004760812036693096,0.007141217589378357,-0.9181042313575745,44522,2489
0,0.03999999910593033,-0.10000000149011612,9.729999542236328,0.125,0.0625,0.0625,29.5,-27.1875,-19.5625,-0.3962460458278656,-0.004760812036693096,0.007141217589378357,-0.9181042313575745,44531,2490
0,0.07000000029802322,-0.05000000074505806,9.729999542236328,0,-0.25,-0.0625,29.5,-27.1875,-19.5625,-0.3962460458278656,-0.004760812036693096,0.007141217589378357,-0.9181042313575745,44542,2491
0,0.05000000074505806,-0.07999999821186066,9.739999771118164,-0.0625,0.1875,-0.0625,29.5,-27.1875,-19.5625,-0.3962460458278656,-0.004760812036693096,0.007141217589378357,-0.9181042313575745,44550,2492
0,0.05000000074505806,-0.07999999821186066,9.760000228881836,0,-0.0625,0.0625,29.5,-27.1875,-19.5625,-0.3962460458278656,-0.004760812036693096,0.007141217589378357,-0.9181042313575745,44560,2493
0,0.03999999910593033,-0.07999999821186066,9.699999809265137,-0.0625,0.0625,-0.0625,29.875,-27.5,-19.25,-0.3962460458278656,-0.004760812036693096,0.007141217589378357,-0.9181042313575745,44572,2494
0,0.05999999865889549,-0.07000000029802322,9.75,0,0.1875,0,29.875,-27.5,-19.25,-0.3962460458278656,-0.004760812036693096,0.007141217589378357,-0.9181042313575745,44582,2495
0,0.07000000029802322,-0.07999999821186066,9.720000267028809,-0.1875,-0.0625,-0.0625,29.875,-27.5,-19.25,-0.3962460458278656,-0.004760812036693096,0.007141217589378357,-0.9181042313575745,44592,2496
0,0.05000000074505806,-0.09000000357627869,9.75,0,0,-0.0625,29.875,-27.5,-19.25,-0.3962460458278656,-0.004760812036693096,0.007141217589378357,-0.9181042313575745,44602,2497
0,0.07999999821186066,-0.07999999821186066,9.75,0.0625,0,0.0625,29.875,-27.5,-19.25,-0.3962460458278656,-0.004760812036693096,0.007141217589378357,-0.9181042313575745,44610,2498
0,0.07000000029802322,-0.07999999821186066,9.739999771118164,0,-0.0625,-0.0625,30.25,-29.375,-19.25,-0.3962460458278656,-0.004760812036693096,0.007141217589378357,-0.9181042313575745,44622,2499
0,0.07000000029802322,-0.07999999821186066,9.729999542236328,0.0625,0,0.0625,30.25,-29.375,-19.25,-0.3962460458278656,-0.004760812036693096,0.007141217589378357,-0.9181042313575745,44632,2500
0,0.03999999910593033,-0.07000000029802322,9.729999542236328,0.0625,0,-0.0625,30.25,-29.375,-19.25,-0.3962460458278656,-0.004760812036693096,0.007141217589378357,-0.9181042313575745,44642,2501
0,0.03999999910593033,-0.07999999821186066,9.729999542236328,0.1875,-0.0625,0,30.25,-29.375,-19.25,-0.3962460458278656,-0.004760812036693096,0.007141217589378357,-0.9181042313575745,44651,2502
0,0.05999999865889549,-0.07999999821186066,9.770000457763672,0.0625,-0.125,-0.0625,30.25,-29.375,-19.25,-0.3962460458278656,-0.004760812036693096,0.007141217589378357,-0.9181042313575745,44660,2503
0,0.05000000074505806,-0.07999999821186066,9.720000267028809,0.125,-0.125,0.0625,29.875,-23.75,-19.5625,-0.3962460458278656,-0.004760812036693096,0.007141217589378357,-0.9181042313575745,44672,2504
0,0.05999999865889549,-0.10000000149011612,9.729999542236328,0.0625,-0.0625,0.125,29.875,-23.75,-19.5625,-0.3962460458278656,-0.004760812036693096,0.007141217589378357,-0.9181042313575745,44682,2505
0,0.03999999910593033,-0.07999999821186066,9.720000267028809,0.125,-0.125,-0.0625,29.875,-23.75,-19.5625,-0.3962460458278656,-0.004760812036693096,0.007141217589378357,-0.9181042313575745,44692,2506
0,0.03999999910593033,-0.07999999821186066,9.710000038146973,0.125,-0.3125,0,29.875,-23.75,-19.5625,-0.3962460458278656,-0.004760812036693096,0.007141217589378357,-0.9181042313575745,44702,2507
0,0.05999999865889549,-0.07999999821186066,9.760000228881836,-0.0625,0.0625,-0.0625,29.875,-23.75,-19.5625,-0.3962460458278656,-0.004760812036693096,0.007141217589378357,-0.9181042313575745,44710,2508
0,0.05999999865889549,-0.07999999821186066,9.739999771118164,0.0625,-0.0625,0,29.5,-18.5,-19.25,-0.3962460458278656,-0.004760812036693096,0.007141217589378357,-0.9181042313575745,44722,2509
0,0.05000000074505806,-0.09000000357627869,9.739999771118164,0,-0.0625,0.0625,29.5,-18.5,-19.25,-0.3962460458278656,-0.004760812036693096,0.007141217589378357,-0.9181042313575745,44732,2510
0,0.03999999910593033,-0.09000000357627869,9.729999542236328,0.125,-0.25,0.0625,29.5,-18.5,-19.25,-0.3962460458278656,-0.004760812036693096,0.007141217589378357,-0.9181042313575745,44742,2511
0,0.05000000074505806,-0.05999999865889549,9.760000228881836,0.125,-0.0625,0,29.5,-18.5,-19.25,-0.3962460458278656,-0.004760812036693096,0.007141217589378357,-0.9181042313575745,44751,2512
0,0.05999999865889549,-0.10000000149011612,9.75,0.125,-0.0625,0,29.5,-18.5,-19.25,-0.3962460458278656,-0.004760812036693096,0.007141217589378357,-0.9181042313575745,44760,2513
0,0.03999999910593033,-0.07000000029802322,9.75,0,-0.0625,0.0625,30.25,-29.75,-18.5,-0.3962460458278656,-0.004760812036693096,0.007141217589378357,-0.9181042313575745,44772,2514
0,0.05000000074505806,-0.07000000029802322,9.75,-0.0625,0.125,0,30.25,-29.75,-18.5,-0.3962460458278656,-0.004760812036693096,0.007141217589378357,-0.9181042313575745,44782,2515
0,0.05000000074505806,-0.05999999865889549,9.729999542236328,-0.0625,-0.0625,0.125,30.25,-29.75,-18.5,-0.3962460458278656,-0.004760812036693096,0.007141217589378357,-0.9181042313575745,44792,2516
0,0.07000000029802322,-0.09000000357627869,9.720000267028809,0.0625,0,0.0625,30.25,-29.75,-18.5,-0.3962460458278656,-0.004760812036693096,0.007141217589378357,-0.9181042313575745,44802,2517
0,0.03999999910593033,-0.07999999821186066,9.739999771118164,-0.0625,-0.1875,0.0625,30.25,-29.75,-18.5,-0.3962460458278656,-0.004760812036693096,0.007141217589378357,-0.9181042313575745,44810,2518
0,0.05000000074505806,-0.07000000029802322,9.779999732971191,0.0625,-0.125,0,30.6875,-29,-19.5625,-0.3962460458278656,-0.004760812036693096,0.007141217589378357,-0.9181042313575745,44822,2519
0,0.05000000074505806,-0.07000000029802322,9.710000038146973,0.0625,-0.125,0.125,30.6875,-29,-19.5625,-0.3962460458278656,-0.004760812036693096,0.007141217589378357,-0.9181042313575745,44832,2520
0,0.03999999910593033,-0.07000000029802322,9.720000267028809,0,-0.125,0,30.6875,-29,-19.5625,-0.3962460458278656,-0.004760812036693096,0.007141217589378357,-0.9181042313575745,44842,2521
0,0.07000000029802322,-0.09000000357627869,9.75,-0.0625,0,-0.0625,30.6875,-29,-19.5625,-0.3962460458278656,-0.004760812036693096,0.007141217589378357,-0.9181042313575745,44851,2522
0,0.05000000074505806,-0.07999999821186066,9.739999771118164,0,-0.0625,0.0625,30.6875,-29,-19.5625,-0.3962460458278656,-0.004760812036693096,0.007141217589378357,-0.9181042313575745,44860,2523
0,0.07999999821186066,-0.07999999821186066,9.739999771118164,-0.125,0,0.0625,30.6875,-16.25,-19.5625,-0.3962460458278656,-0.004760812036693096,0.007141217589378357,-0.9181042313575745,44872,2524
0,0.05000000074505806,-0.07999999821186066,9.739999771118164,0,-0.1875,-0.0625,30.6875,-16.25,-19.5625,-0.3962460458278656,-0.004760812036693096,0.007141217589378357,-0.9181042313575745,44882,2525
0,0.05000000074505806,-0.07000000029802322,9.729999542236328,0.0625,0.0625,0.0625,30.6875,-16.25,-19.5625,-0.3962460458278656,-0.004760812036693096,0.007141217589378357,-0.9181042313575745,44892,2526
0,0.05999999865889549,-0.05999999865889549,9.739999771118164,-0.0625,0.125,0.0625,30.6875,-16.25,-19.5625,-0.3962460458278656,-0.004760812036693096,0.007141217589378357,-0.9181042313575745,44902,2527
0,0.05000000074505806,-0.09000000357627869,9.739999771118164,0.0625,0.1875,0.0625,30.6875,-16.25,-19.5625,-0.3962460458278656,-0.004760812036693096,0.007141217589378357,-0.9181042313575745,44910,2528
0,0.03999999910593033,-0.05999999865889549,9.729999542236328,-0.0625,0.0625,0,29.5,-29.375,-19.25,-0.3962460458278656,-0.004760812036693096,0.007141217589378357,-0.9181042313575745,44922,2529
0,0.05000000074505806,-0.07999999821186066,9.75,0,-0.125,0.0625,29.5,-29.375,-19.25,-0.3962460458278656,-0.004760812036693096,0.007141217589378357,-0.9181042313575745,44932,2530
0,0.07000000029802322,-0.07999999821186066,9.710000038146973,-0.0625,0,-0.0625,29.5,-29.375,-19.25,-0.3962460458278656,-0.004760812036693096,0.007141217589378357,-0.9181042313575745,44942,2531
0,0.07000000029802322,-0.09000000357627869,9.75,-0.125,0.125,0.0625,29.5,-29.375,-19.25,-0.3962460458278656,-0.004760812036693096,0.007141217589378357,-0.9181042313575745,44951,2532
0,0.05000000074505806,-0.07000000029802322,9.770000457763672,0.0625,-0.0625,0.125,29.5,-29.375,-19.25,-0.3962460458278656,-0.004760812036693096,0.007141217589378357,-0.9181042313575745,44960,2533
0,0.07000000029802322,-0.09000000357627869,9.720000267028809,0.0625,0,0.0625,30.6875,-27.5,-19.25,-0.3962460458278656,-0.004760812036693096,0.007141217589378357,-0.9181042313575745,44972,2534
0,0.05000000074505806,-0.05999999865889549,9.75,0.1875,0,0,30.6875,-27.5,-19.25,-0.3962460458278656,-0.004760812036693096,0.007141217589378357,-0.9181042313575745,44983,2535
0,0.05999999865889549,-0.10000000149011612,9.739999771118164,0.0625,-0.0625,0.0625,30.6875,-27.5,-19.25,-0.3962460458278656,-0.004760812036693096,0.007141217589378357,-0.9181042313575745,44992,2536
0,0.05000000074505806,-0.05999999865889549,9.720000267028809,0.1875,-0.0625,0.0625,30.6875,-27.5,-19.25,-0.3962460458278656,-0.004760812036693096,0.007141217589378357,-0.9181042313575745,45003,2537
0,0.05000000074505806,-0.07999999821186066,9.75,0.125,-0.0625,0,30.6875,-27.5,-19.25,-0.3962460458278656,-0.004760812036693096,0.007141217589378357,-0.9181042313575745,45010,2538
0,0.05000000074505806,-0.09000000357627869,9.770000457763672,0,-0.1875,0.0625,29.875,-27.5,-18.0625,-0.3962460458278656,-0.004760812036693096,0.007141217589378357,-0.9181042313575745,45023,2539
0,0.05999999865889549,-0.05999999865889549,9.779999732971191,-0.0625,0.0625,-0.125,29.875,-27.5,-18.0625,-0.3962460458278656,-0.004760812036693096,0.007141217589378357,-0.9181042313575745,45033,2540
0,0.05000000074505806,-0.07999999821186066,9.739999771118164,0.0625,-0.125,-0.0625,29.875,-27.5,-18.0625,-0.3962460458278656,-0.004760812036693096,0.007141217589378357,-0.9181042313575745,45043,2541
0,0.03999999910593033,-0.09000000357627869,9.729999542236328,0,0,0,29.875,-27.5,-18.0625,-0.3962460458278656,-0.004760812036693096,0.007141217589378357,-0.9181042313575745,45051,2542
0,0.05000000074505806,-0.07999999821186066,9.729999542236328,0.0625,-0.125,0,29.875,-27.5,-18.0625,-0.3962460458278656,-0.004760812036693096,0.007141217589378357,-0.9181042313575745,45060,2543
0,0.05000000074505806,-0.07999999821186066,9.760000228881836,0.125,-0.0625,0.125,31,-27.5,-19.25,-0.3962460458278656,-0.004760812036693096,0.007141217589378357,-0.9181042313575745,45073,2544
0,0.07000000029802322,-0.07999999821186066,9.739999771118164,0.125,-0.0625,0.0625,31,-27.5,-19.25,-0.3962460458278656,-0.004760812036693096,0.007141217589378357,-0.9181042313575745,45083,2545
0,0.03999999910593033,-0.10000000149011612,9.729999542236328,-0.0625,-0.125,0,31,-27.5,-19.25,-0.3962460458278656,-0.004760812036693096,0.007141217589378357,-0.9181042313575745,45093,2546
0,0.05999999865889549,-0.07000000029802322,9.739999771118164,-0.0625,-0.1875,0.125,31,-27.5,-19.25,-0.3962460458278656,-0.004760812036693096,0.007141217589378357,-0.9181042313575745,45103,2547
0,0.05000000074505806,-0.05999999865889549,9.779999732971191,0,0,0.0625,31,-27.5,-19.25,-0.3962460458278656,-0.004760812036693096,0.007141217589378357,-0.9181042313575745,45110,2548
0,0.07000000029802322,-0.10000000149011612,9.75,0,-0.125,-0.125,31.375,-17.375,-18.5,-0.3962460458278656,-0.004760812036693096,0.007141217589378357,-0.9181042313575745,45123,2549
0,0.05999999865889549,-0.07999999821186066,9.710000038146973,0.125,-0.125,0.0625,31.375,-17.375,-18.5,-0.3962460458278656,-0.004760812036693096,0.007141217589378357,-0.9181042313575745,45133,2550
0,0.05999999865889549,-0.07000000029802322,9.720000267028809,0.0625,0,-0.125,31.375,-17.375,-18.5,-0.3962460458278656,-0.004760812036693096,0.007141217589378357,-0.9181042313575745,45143,2551
0,0.05999999865889549,-0.07999999821186066,9.720000267028809,0.0625,0.125,0.0625,31.375,-17.375,-18.5,-0.3962460458278656,-0.004760812036693096,0.007141217589378357,-0.9181042313575745,45152,2552
0,0.05000000074505806,-0.07999999821186066,9.770000457763672,-0.0625,0.125,-0.0625,31.375,-17.375,-18.5,-0.3962460458278656,-0.004760812036693096,0.007141217589378357,-0.9181042313575745,45160,2553
0,0.029999999329447746,-0.07999999821186066,9.75,-0.0625,0.0625,0,29.5,-27.875,-19.25,-0.3962460458278656,-0.004760812036693096,0.007141217589378357,-0.9181042313575745,45173,2554
0,0.05000000074505806,-0.07000000029802322,9.760000228881836,0,-0.1875,0.125,29.5,-27.875,-19.25,-0.3962460458278656,-0.004760812036693096,0.007141217589378357,-0.9181042313575745,45183,2555
0,0.05999999865889549,-0.05999999865889549,9.729999542236328,0,-0.125,-0.0625,29.5,-27.875,-19.25,-0.3962460458278656,-0.004760812036693096,0.007141217589378357,-0.9181042313575745,45193,2556
0,0.05000000074505806,-0.07000000029802322,9.760000228881836,0.0625,0,0,29.5,-27.875,-19.25,-0.3962460458278656,-0.004760812036693096,0.007141217589378357,-0.9181042313575745,45203,2557
0,0.05000000074505806,-0.07000000029802322,9.75,0.0625,-0.125,0.0625,29.5,-27.875,-19.25,-0.3962460458278656,-0.004760812036693096,0.007141217589378357,-0.9181042313575745,45210,2558
0,0.07999999821186066,-0.09000000357627869,9.75,-0.0625,0.125,0.0625,31,-26.375,-19.25,-0.3962460458278656,-0.004760812036693096,0.007141217589378357,-0.9181042313575745,45223,2559
0,0.07000000029802322,-0.07999999821186066,9.739999771118164,-0.0625,0,0.0625,31,-26.375,-19.25,-0.3962460458278656,-0.004760812036693096,0.007141217589378357,-0.9181042313575745,45233,2560
0,0.05999999865889549,-0.07000000029802322,9.739999771118164,-0.0625,0,0,31,-26.375,-19.25,-0.3962460458278656,-0.004760812036693096,0.007141217589378357,-0.9181042313575745,45243,2561
0,0.029999999329447746,-0.07999999821186066,9.710000038146973,0.125,0,0,31,-26.375,-19.25,-0.3962460458278656,-0.004760812036693096,0.007141217589378357,-0.9181042313575745,45252,2562
0,0.05999999865889549,-0.05999999865889549,9.75,0,0,0.0625,31,-26.375,-19.25,-0.3962460458278656,-0.004760812036693096,0.007141217589378357,-0.9181042313575745,45260,2563
0,0.03999999910593033,-0.07000000029802322,9.779999732971191,0.125,0.0625,0,29.5,-18.5,-19.5625,-0.3962460458278656,-0.004760812036693096,0.007141217589378357,-0.9181042313575745,45273,2564
0,0.05000000074505806,-0.10000000149011612,9.729999542236328,-0.125,0.1875,-0.125,29.5,-18.5,-19.5625,-0.3962460458278656,-0.004760812036693096,0.007141217589378357,-0.9181042313575745,45283,2565
0,0.029999999329447746,-0.07999999821186066,9.720000267028809,0.0625,-0.125,-0.0625,29.5,-18.5,-19.5625,-0.3962460458278656,-0.004760812036693096,0.007141217589378357,-0.9181042313575745,45293,2566
0,0.05999999865889549,-0.07999999821186066,9.75,0,-0.1875,0,29.5,-18.5,-19.5625,-0.3962460458278656,-0.004760812036693096,0.007141217589378357,-0.9181042313575745,45303,2567
0,0.03999999910593033,-0.10000000149011612,9.75,0,-0.25,0.0625,29.5,-18.5,-19.5625,-0.3962460458278656,-0.004760812036693096,0.007141217589378357,-0.9181042313575745,45310,2568
0,0.05000000074505806,-0.07000000029802322,9.720000267028809,0.0625,0.125,0,29.1875,-28.6875,-18.5,-0.3962460458278656,-0.004760812036693096,0.007141217589378357,-0.9181042313575745,45323,2569
0,0.05999999865889549,-0.09000000357627869,9.729999542236328,0,-0.1875,0.0625,29.1875,-28.6875,-18.5,-0.3962460458278656,-0.004760812036693096,0.007141217589378357,-0.9181042313575745,45333,2570
0,0.05000000074505806,-0.07999999821186066,9.75,0.0625,-0.1875,0.0625,29.1875,-28.6875,-18.5,-0.3962460458278656,-0.004760812036693096,0.007141217589378357,-0.9181042313575745,45343,2571
0,0.05999999865889549,-0.07999999821186066,9.739999771118164,0,-0.1875,0.0625,29.1875,-28.6875,-18.5,-0.3962460458278656,-0.004760812036693096,0.007141217589378357,-0.9181042313575745,45352,2572
0,0.07000000029802322,-0.09000000357627869,9.729999542236328,-0.0625,0.25,0,29.1875,-28.6875,-18.5,-0.3962460458278656,-0.004760812036693096,0.007141217589378357,-0.9181042313575745,45360,2573
0,0.07000000029802322,-0.07999999821186066,9.739999771118164,0.0625,0.1875,0.0625,31,-29.75,-19.25,-0.3962460458278656,-0.004760812036693096,0.007141217589378357,-0.9181042313575745,45373,2574
0,0.029999999329447746,-0.10999999940395355,9.720000267028809,0.0625,0.0625,0.0625,31,-29.75,-19.25,-0.3962460458278656,-0.004760812036693096,0.007141217589378357,-0.9181042313575745,45383,2575
0,0.05999999865889549,-0.07000000029802322,9.729999542236328,0.0625,0.0625,0,31,-29.75,-19.25,-0.3962460458278656,-0.004760812036693096,0.007141217589378357,-0.9181042313575745,45393,2576
0,0.05000000074505806,-0.07999999821186066,9.720000267028809,0.0625,0,0.125,31,-29.75,-19.25,-0.3962460458278656,-0.004760812036693096,0.007141217589378357,-0.9181042313575745,45403,2577
0,0.05999999865889549,-0.07999999821186066,9.720000267028809,-0.0625,-0.375,0,31,-29.75,-19.25,-0.3962460458278656,-0.004760812036693096,0.007141217589378357,-0.9181042313575745,45410,2578
0,0.05999999865889549,-0.07000000029802322,9.739999771118164,0,-0.0625,-0.0625,30.25,-28.25,-18.75,-0.3962460458278656,-0.004760812036693096,0.007141217589378357,-0.9181042313575745,45423,2579
0,0.07000000029802322,-0.09000000357627869,9.720000267028809,0,-0.125,0.0625,30.25,-28.25,-18.75,-0.3962460458278656,-0.004760812036693096,0.007141217589378357,-0.9181042313575745,45433,2580
0,0.05999999865889549,-0.07000000029802322,9.729999542236328,0,-0.125,0,30.25,-28.25,-18.75,-0.3962460458278656,-0.004760812036693096,0.007141217589378357,-0.9181042313575745,45443,2581
0,0.019999999552965164,-0.09000000357627869,9.75,0,-0.0625,-0.0625,30.25,-28.25,-18.75,-0.3962460458278656,-0.004760812036693096,0.007141217589378357,-0.9181042313575745,45453,2582
0,0.05999999865889549,-0.07999999821186066,9.729999542236328,0.0625,-0.125,0,30.25,-28.25,-18.75,-0.3962460458278656,-0.004760812036693096,0.007141217589378357,-0.9181042313575745,45460,2583
0,0.05999999865889549,-0.07999999821186066,9.729999542236328,-0.0625,0.0625,-0.125,31.75,-30.1875,-18.5,-0.3962460458278656,-0.004760812036693096,0.007141217589378357,-0.9181042313575745,45473,2584
0,0.05000000074505806,-0.07999999821186066,9.739999771118164,-0.0625,0.0625,-0.125,31.75,-30.1875,-18.5,-0.3962460458278656,-0.004760812036693096,0.007141217589378357,-0.9181042313575745,45483,2585
0,0.05000000074505806,-0.07000000029802322,9.710000038146973,0.125,-0.125,0,31.75,-30.1875,-18.5,-0.3962460458278656,-0.004760812036693096,0.007141217589378357,-0.9181042313575745,45493,2586
0,0.05999999865889549,-0.07999999821186066,9.710000038146973,-0.0625,-0.0625,0.0625,31.75,-30.1875,-18.5,-0.3962460458278656,-0.004760812036693096,0.007141217589378357,-0.9181042313575745,45503,2587
0,0.03999999910593033,-0.07000000029802322,9.75,-0.0625,-0.0625,0.0625,31.75,-30.1875,-18.5,-0.3962460458278656,-0.004760812036693096,0.007141217589378357,-0.9181042313575745,45510,2588
0,0.07000000029802322,-0.07999999821186066,9.739999771118164,0.0625,0.125,0,30.6875,-29.75,-20.75,-0.3962460458278656,-0.004760812036693096,0.007141217589378357,-0.9181042313575745,45523,2589
0,0.05999999865889549,-0.05999999865889549,9.739999771118164,0,0,0,30.6875,-29.75,-20.75,-0.3962460458278656,-0.004760812036693096,0.007141217589378357,-0.9181042313575745,45533,2590
0,0.03999999910593033,-0.07000000029802322,9.729999542236328,-0.1875,-0.0625,0,30.6875,-29.75,-20.75,-0.3962460458278656,-0.004760812036693096,0.007141217589378357,-0.9181042313575745,45543,2591
0,0.05000000074505806,-0.10000000149011612,9.720000267028809,-0.1875,-0.0625,0,30.6875,-29.75,-20.75,-0.3962460458278656,-0.004760812036693096,0.007141217589378357,-0.9181042313575745,45553,2592
0,0.029999999329447746,-0.09000000357627869,9.720000267028809,0.0625,0.0625,0.125,30.6875,-29.75,-20.75,-0.3962460458278656,-0.004760812036693096,0.007141217589378357,-0.9181042313575745,45560,2593
0,0.03999999910593033,-0.07999999821186066,9.720000267028809,0.0625,0.125,0.0625,29.875,-27.5,-18.5,-0.3962460458278656,-0.004760812036693096,0.007141217589378357,-0.9181042313575745,45573,2594
0,0.05999999865889549,-0.05000000074505806,9.75,-0.0625,-0.0625,-0.0625,29.875,-27.5,-18.5,-0.3962460458278656,-0.004760812036693096,0.007141217589378357,-0.9181042313575745,45583,2595
0,0.05999999865889549,-0.07000000029802322,9.729999542236328,0.0625,0,0,29.875,-27.5,-18.5,-0.3962460458278656,-0.004760812036693096,0.007141217589378357,-0.9181042313575745,45593,2596
0,0.05000000074505806,-0.07999999821186066,9.710000038146973,0.0625,0,0.0625,29.875,-27.5,-18.5,-0.3962460458278656,-0.004760812036693096,0.007141217589378357,-0.9181042313575745,45603,2597
0,0.05999999865889549,-0.07999999821186066,9.710000038146973,0.0625,0,0.0625,29.875,-27.5,-18.5,-0.3962460458278656,-0.004760812036693096,0.007141217589378357,-0.9181042313575745,45610,2598
0,0.05000000074505806,-0.07000000029802322,9.729999542236328,0.0625,0.0625,0.0625,29.875,-18.1875,-18.5,-0.3962460458278656,-0.004760812036693096,0.007141217589378357,-0.9181042313575745,45623,2599
0,0.05999999865889549,-0.07999999821186066,9.729999542236328,0.125,-0.25,0.125,29.875,-18.1875,-18.5,-0.3962460458278656,-0.004760812036693096,0.007141217589378357,-0.9181042313575745,45633,2600
0,0.07000000029802322,-0.07999999821186066,9.739999771118164,0.0625,-0.0625,0,29.875,-18.1875,-18.5,-0.3962460458278656,-0.004760812036693096,0.007141217589378357,-0.9181042313575745,45643,2601
0,0.07999999821186066,-0.10000000149011612,9.75,0.0625,-0.0625,0,29.875,-18.1875,-18.5,-0.3962460458278656,-0.004760812036693096,0.007141217589378357,-0.9181042313575745,45653,2602
0,0.07999999821186066,-0.09000000357627869,9.729999542236328,0.0625,0.125,0,29.875,-18.1875,-18.5,-0.3962460458278656,-0.004760812036693096,0.007141217589378357,-0.9181042313575745,45660,2603
0,0.05999999865889549,-0.07000000029802322,9.739999771118164,0,0.1875,-0.0625,30.25,-28.25,-18.875,-0.3962460458278656,-0.004760812036693096,0.007141217589378357,-0.9181042313575745,45673,2604
0,0.05999999865889549,-0.09000000357627869,9.710000038146973,0,0.125,0.0625,30.25,-28.25,-18.875,-0.3962460458278656,-0.004760812036693096,0.007141217589378357,-0.9181042313575745,45683,2605
0,0.05999999865889549,-0.07000000029802322,9.739999771118164,0,-0.125,0.0625,30.25,-28.25,-18.875,-0.3962460458278656,-0.004760812036693096,0.007141217589378357,-0.9181042313575745,45693,2606
0,0.05999999865889549,-0.05999999865889549,9.710000038146973,0.0625,-0.125,0.0625,30.25,-28.25,-18.875,-0.3962460458278656,-0.004760812036693096,0.007141217589378357,-0.9181042313575745,45703,2607
0,0.05000000074505806,-0.07000000029802322,9.779999732971191,0.0625,-0.125,0.0625,30.25,-28.25,-18.875,-0.3962460458278656,-0.004760812036693096,0.007141217589378357,-0.9181042313575745,45710,2608
0,0.03999999910593033,-0.07000000029802322,9.729999542236328,-0.0625,-0.1875,0.0625,29.875,-28.25,-20.0625,-0.3962460458278656,-0.004760812036693096,0.007141217589378357,-0.9181042313575745,45723,2609
0,0.07000000029802322,-0.07999999821186066,9.760000228881836,0.0625,-0.0625,0,29.875,-28.25,-20.0625,-0.3962460458278656,-0.004760812036693096,0.007141217589378357,-0.9181042313575745,45733,2610
0,0.03999999910593033,-0.07000000029802322,9.739999771118164,0.0625,0,0,29.875,-28.25,-20.0625,-0.3962460458278656,-0.004760812036693096,0.007141217589378357,-0.9181042313575745,45743,2611
0,0.03999999910593033,-0.07000000029802322,9.729999542236328,0.0625,0,0,29.875,-28.25,-20.0625,-0.3962460458278656,-0.004760812036693096,0.007141217589378357,-0.9181042313575745,45753,2612
0,0.05000000074505806,-0.09000000357627869,9.770000457763672,0.0625,0.0625,0.0625,29.875,-28.25,-20.0625,-0.3962460458278656,-0.004760812036693096,0.007141217589378357,-0.9181042313575745,45760,2613
0,0.05999999865889549,-0.07999999821186066,9.760000228881836,-0.125,0.125,-0.0625,29.875,-29.375,-19.5625,-0.3962460458278656,-0.004760812036693096,0.007141217589378357,-0.9181042313575745,45773,2614
0,0.03999999910593033,-0.05999999865889549,9.720000267028809,0,-0.0625,0.0625,29.875,-29.375,-19.5625,-0.3962460458278656,-0.004760812036693096,0.007141217589378357,-0.9181042313575745,45783,2615
0,0.05000000074505806,-0.09000000357627869,9.710000038146973,-0.125,-0.125,-0.0625,29.875,-29.375,-19.5625,-0.3962460458278656,-0.004760812036693096,0.007141217589378357,-0.9181042313575745,45793,2616
0,0.05999999865889549,-0.09000000357627869,9.75,0,-0.125,0,29.875,-29.375,-19.5625,-0.3962460458278656,-0.004760812036693096,0.007141217589378357,-0.9181042313575745,45803,2617
0,0.05999999865889549,-0.09000000357627869,9.75,0,-0.125,0,29.875,-29.375,-19.5625,-0.3962460458278656,-0.004760812036693096,0.007141217589378357,-0.9181042313575745,45810,2618
0,0.05999999865889549,-0.07000000029802322,9.770000457763672,0.0625,-0.0625,0.0625,29.875,-28.6875,-18.0625,-0.3962460458278656,-0.004760812036693096,0.007141217589378357,-0.9181042313575745,45823,2619
0,0.05000000074505806,-0.09000000357627869,9.770000457763672,0,0.0625,-0.0625,29.875,-28.6875,-18.0625,-0.3962460458278656,-0.004760812036693096,0.007141217589378357,-0.9181042313575745,45833,2620
0,0.05000000074505806,-0.10000000149011612,9.6899995803833,0.125,-0.1875,0.125,29.875,-28.6875,-18.0625,-0.3962460458278656,-0.004760812036693096,0.007141217589378357,-0.9181042313575745,45843,2621
0,0.07999999821186066,-0.07999999821186066,9.739999771118164,0.0625,0.0625,-0.125,29.875,-28.6875,-18.0625,-0.3962460458278656,-0.004760812036693096,0.007141217589378357,-0.9181042313575745,45853,2622
0,0.05000000074505806,-0.07999999821186066,9.75,0.0625,0.0625,-0.125,29.875,-28.6875,-18.0625,-0.3962460458278656,-0.004760812036693096,0.007141217589378357,-0.9181042313575745,45860,2623
0,0.07000000029802322,-0.10000000149011612,9.75,0.0625,0,0.0625,29.875,-27.5,-18.0625,-0.3962460458278656,-0.004760812036693096,0.007141217589378357,-0.9181042313575745,45873,2624
0,0.05000000074505806,-0.09000000357627869,9.739999771118164,0,0.0625,0,29.875,-27.5,-18.0625,-0.3962460458278656,-0.004760812036693096,0.007141217589378357,-0.9181042313575745,45883,2625
0,0.05000000074505806,-0.05999999865889549,9.729999542236328,-0.0625,0,-0.0625,29.875,-27.5,-18.0625,-0.3962460458278656,-0.004760812036693096,0.007141217589378357,-0.9181042313575745,45893,2626
0,0.05999999865889549,-0.07000000029802322,9.720000267028809,0.0625,0.0625,0,29.875,-27.5,-18.0625,-0.3962460458278656,-0.004760812036693096,0.007141217589378357,-0.9181042313575745,45903,2627
0,0.03999999910593033,-0.07000000029802322,9.739999771118164,0.0625,0.0625,0,29.875,-27.5,-18.0625,-0.3962460458278656,-0.004760812036693096,0.007141217589378357,-0.9181042313575745,45910,2628
0,0.07000000029802322,-0.09000000357627869,9.760000228881836,0.0625,0,0,29.875,-28.6875,-18.75,-0.3962460458278656,-0.004760812036693096,0.007141217589378357,-0.9181042313575745,45923,2629
0,0.05999999865889549,-0.09000000357627869,9.729999542236328,0,-0.1875,0,29.875,-28.6875,-18.75,-0.3962460458278656,-0.004760812036693096,0.007141217589378357,-0.9181042313575745,45933,2630
0,0.05000000074505806,-0.09000000357627869,9.699999809265137,0.0625,-0.1875,0,29.875,-28.6875,-18.75,-0.3962460458278656,-0.004760812036693096,0.007141217589378357,-0.9181042313575745,45943,2631
0,0.029999999329447746,-0.07000000029802322,9.729999542236328,0,-0.125,-0.0625,29.875,-28.6875,-18.75,-0.3962460458278656,-0.004760812036693096,0.007141217589378357,-0.9181042313575745,45953,2632
0,0.07000000029802322,-0.05999999865889549,9.729999542236328,0,-0.125,-0.0625,29.875,-28.6875,-18.75,-0.3962460458278656,-0.004760812036693096,0.007141217589378357,-0.9181042313575745,45960,2633
0,0.05999999865889549,-0.07999999821186066,9.739999771118164,0.1875,-0.25,0.125,30.6875,-28.6875,-18.5,-0.3962460458278656,-0.004760812036693096,0.007141217589378357,-0.9181042313575745,45973,2634
0,0.03999999910593033,-0.07999999821186066,9.739999771118164,0.1875,0.1875,0,30.6875,-28.6875,-18.5,-0.3962460458278656,-0.004760812036693096,0.007141217589378357,-0.9181042313575745,45983,2635
0,0.07000000029802322,-0.09000000357627869,9.720000267028809,-0.0625,0.0625,0,30.6875,-28.6875,-18.5,-0.3962460458278656,-0.004760812036693096,0.007141217589378357,-0.9181042313575745,45993,2636
0,0.05000000074505806,-0.07000000029802322,9.729999542236328,-0.125,-0.0625,-0.0625,30.6875,-28.6875,-18.5,-0.3962460458278656,-0.004760812036693096,0.007141217589378357,-0.9181042313575745,46003,2637
0,0.05999999865889549,-0.07999999821186066,9.739999771118164,-0.125,-0.0625,-0.0625,30.6875,-28.6875,-18.5,-0.3962460458278656,-0.004760812036693096,0.007141217589378357,-0.9181042313575745,46011,2638
0,0.05000000074505806,-0.07999999821186066,9.729999542236328,0,-0.1875,-0.0625,29.1875,-18.875,-18.5,-0.3962460458278656,-0.004760812036693096,0.007141217589378357,-0.9181042313575745,46023,2639
0,0.05000000074505806,-0.07000000029802322,9.779999732971191,0.0625,0.0625,-0.0625,29.1875,-18.875,-18.5,-0.3962460458278656,-0.004760812036693096,0.007141217589378357,-0.9181042313575745,46033,2640
0,0.03999999910593033,-0.09000000357627869,9.710000038146973,0.1875,0,0.25,29.1875,-18.875,-18.5,-0.3962460458278656,-0.004760812036693096,0.007141217589378357,-0.9181042313575745,46043,2641
0,0.05000000074505806,-0.03999999910593033,9.739999771118164,-0.0625,-0.125,-0.0625,29.1875,-18.875,-18.5,-0.3962460458278656,-0.004760812036693096,0.007141217589378357,-0.9181042313575745,46053,2642
0,0.03999999910593033,-0.07999999821186066,9.75,-0.0625,-0.125,-0.0625,29.1875,-18.875,-18.5,-0.3962460458278656,-0.004760812036693096,0.007141217589378357,-0.9181042313575745,46061,2643
0,0.03999999910593033,-0.07999999821186066,9.739999771118164,0.0625,0.0625,-0.0625,29.1875,-29.375,-18.5,-0.3962460458278656,-0.004760812036693096,0.007141217589378357,-0.9181042313575745,46073,2644
0,0.05999999865889549,-0.09000000357627869,9.739999771118164,0,-0.125,0,29.1875,-29.375,-18.5,-0.3962460458278656,-0.004760812036693096,0.007141217589378357,-0.9181042313575745,46083,2645
0,0.03999999910593033,-0.07999999821186066,9.720000267028809,0.1875,-0.0625,0.0625,29.1875,-29.375,-18.5,-0.3962460458278656,-0.004760812036693096,0.007141217589378357,-0.9181042313575745,46093,2646
0,0.03999999910593033,-0.07999999821186066,9.739999771118164,-0.0625,-0.0625,0,29.1875,-29.375,-18.5,-0.3962460458278656,-0.004760812036693096,0.007141217589378357,-0.9181042313575745,46103,2647
0,0.029999999329447746,-0.07000000029802322,9.729999542236328,-0.0625,-0.0625,0,29.1875,-29.375,-18.5,-0.3962460458278656,-0.004760812036693096,0.007141217589378357,-0.9181042313575745,46111,2648
0,0.07999999821186066,-0.05000000074505806,9.770000457763672,0.125,0,0,29.875,-25.25,-20.0625,-0.3962460458278656,-0.004760812036693096,0.007141217589378357,-0.9181042313575745,46123,2649
0,0.03999999910593033,-0.07000000029802322,9.729999542236328,0.0625,0,0.0625,29.875,-25.25,-20.0625,-0.3962460458278656,-0.004760812036693096,0.007141217589378357,-0.9181042313575745,46133,2650
0,0.03999999910593033,-0.09000000357627869,9.729999542236328,0.0625,-0.0625,0,29.875,-25.25,-20.0625,-0.3962460458278656,-0.004760812036693096,0.007141217589378357,-0.9181042313575745,46143,2651
0,0.07000000029802322,-0.07000000029802322,9.729999542236328,0,-0.0625,0.1875,29.875,-25.25,-20.0625,-0.3962460458278656,-0.004760812036693096,0.007141217589378357,-0.9181042313575745,46153,2652
0,0.05999999865889549,-0.09000000357627869,9.779999732971191,0,-0.0625,0.1875,29.875,-25.25,-20.0625,-0.3962460458278656,-0.004760812036693096,0.007141217589378357,-0.9181042313575745,46161,2653
0,0.05000000074505806,-0.05999999865889549,9.710000038146973,0.0625,0,-0.0625,29.5,-30.875,-17.25,-0.3962460458278656,-0.004760812036693096,0.007141217589378357,-0.9181042313575745,46172,2654
0,0.07000000029802322,-0.07999999821186066,9.75,0,0,0.0625,29.5,-30.875,-17.25,-0.3962460458278656,-0.004760812036693096,0.007141217589378357,-0.9181042313575745,46183,2655
0,0.05999999865889549,-0.09000000357627869,9.720000267028809,-0.125,0.0625,0,29.5,-30.875,-17.25,-0.3962460458278656,-0.004760812036693096,0.007141217589378357,-0.9181042313575745,46193,2656
0,0.07000000029802322,-0.07999999821186066,9.720000267028809,0,-0.1875,-0.0625,29.5,-30.875,-17.25,-0.3962460458278656,-0.004760812036693096,0.007141217589378357,-0.9181042313575745,46203,2657
0,0.05999999865889549,-0.07999999821186066,9.739999771118164,0,-0.1875,-0.0625,29.5,-30.875,-17.25,-0.3962460458278656,-0.004760812036693096,0.007141217589378357,-0.9181042313575745,46211,2658
0,0.03999999910593033,-0.09000000357627869,9.75,0,-0.0625,-0.125,29.1875,-31.25,-18.5,-0.3962460458278656,-0.004760812036693096,0.007141217589378357,-0.9181042313575745,46223,2659
0,0.05999999865889549,-0.10000000149011612,9.75,0.1875,-0.125,0.0625,29.1875,-31.25,-18.5,-0.3962460458278656,-0.004760812036693096,0.007141217589378357,-0.9181042313575745,46233,2660
0,0.03999999910593033,-0.05999999865889549,9.739999771118164,-0.0625,0.0625,0,29.1875,-31.25,-18.5,-0.3962460458278656,-0.004760812036693096,0.007141217589378357,-0.9181042313575745,46243,2661
0,0.05000000074505806,-0.07000000029802322,9.699999809265137,0,0.125,0.0625,29.1875,-31.25,-18.5,-0.3962460458278656,-0.004760812036693096,0.007141217589378357,-0.9181042313575745,46253,2662
0,0.05999999865889549,-0.10000000149011612,9.729999542236328,0,0.125,0.0625,29.1875,-31.25,-18.5,-0.3962460458278656,-0.004760812036693096,0.007141217589378357,-0.9181042313575745,46261,2663
0,0.05000000074505806,-0.05999999865889549,9.739999771118164,0.1875,-0.0625,0,30.6875,-20,-17.5625,-0.3962460458278656,-0.004760812036693096,0.007141217589378357,-0.9181042313575745,46273,2664
0,0.05000000074505806,-0.07999999821186066,9.760000228881836,0.0625,0,0.125,30.6875,-20,-17.5625,-0.3962460458278656,-0.004760812036693096,0.007141217589378357,-0.9181042313575745,46282,2665
0,0.05000000074505806,-0.09000000357627869,9.75,0.0625,-0.25,0,30.6875,-20,-17.5625,-0.3962460458278656,-0.004760812036693096,0.007141217589378357,-0.9181042313575745,46292,2666
0,0.05999999865889549,-0.07999999821186066,9.729999542236328,0,0,-0.0625,30.6875,-20,-17.5625,-0.3962460458278656,-0.004760812036693096,0.007141217589378357,-0.9181042313575745,46303,2667
0,0.05999999865889549,-0.07999999821186066,9.739999771118164,0,0,-0.0625,30.6875,-20,-17.5625,-0.3962460458278656,-0.004760812036693096,0.007141217589378357,-0.9181042313575745,46311,2668
0,0.05999999865889549,-0.05999999865889549,9.739999771118164,0.125,0.0625,0,29.875,-29.75,-19.25,-0.3962460458278656,-0.004760812036693096,0.007141217589378357,-0.9181042313575745,46322,2669
0,0.03999999910593033,-0.07999999821186066,9.760000228881836,0,0.0625,0,29.875,-29.75,-19.25,-0.3962460458278656,-0.004760812036693096,0.007141217589378357,-0.9181042313575745,46332,2670
0,0.05999999865889549,-0.07999999821186066,9.75,0,0,0.0625,29.875,-29.75,-19.25,-0.3962460458278656,-0.004760812036693096,0.007141217589378357,-0.9181042313575745,46342,2671
0,0.05000000074505806,-0.07999999821186066,9.739999771118164,0,-0.0625,0,29.875,-29.75,-19.25,-0.3962460458278656,-0.004760812036693096,0.007141217589378357,-0.9181042313575745,46353,2672
0,0.05999999865889549,-0.09000000357627869,9.729999542236328,0,-0.0625,0,29.875,-29.75,-19.25,-0.3962460458278656,-0.004760812036693096,0.007141217589378357,-0.9181042313575745,46361,2673
0,0.07000000029802322,-0.09000000357627869,9.739999771118164,0,-0.0625,0,29.5,-29.375,-18.875,-0.3962460458278656,-0.004760812036693096,0.007141217589378357,-0.9181042313575745,46372,2674
0,0.05000000074505806,-0.09000000357627869,9.75,0.0625,0.0625,0,29.5,-29.375,-18.875,-0.3962460458278656,-0.004760812036693096,0.007141217589378357,-0.9181042313575745,46382,2675
0,0.03999999910593033,-0.05999999865889549,9.75,0.0625,-0.0625,0.0625,29.5,-29.375,-18.875,-0.3962460458278656,-0.004760812036693096,0.007141217589378357,-0.9181042313575745,46392,2676
0,0.07000000029802322,-0.07999999821186066,9.75,-0.125,-0.0625,-0.0625,29.5,-29.375,-18.875,-0.3962460458278656,-0.004760812036693096,0.007141217589378357,-0.9181042313575745,46402,2677
0,0.05000000074505806,-0.07999999821186066,9.739999771118164,-0.125,-0.0625,-0.0625,29.5,-29.375,-18.875,-0.3962460458278656,-0.004760812036693096,0.007141217589378357,-0.9181042313575745,46411,2678
0,0.05000000074505806,-0.07000000029802322,9.739999771118164,0,0.125,-0.125,29.1875,-25.25,-18.0625,-0.3962460458278656,-0.004760812036693096,0.007141217589378357,-0.9181042313575745,46422,2679
0,0.05000000074505806,-0.07999999821186066,9.720000267028809,0.0625,-0.0625,0.125,29.1875,-25.25,-18.0625,-0.3962460458278656,-0.004760812036693096,0.007141217589378357,-0.9181042313575745,46432,2680
0,0.03999999910593033,-0.09000000357627869,9.729999542236328,0,-0.25,-0.0625,29.1875,-25.25,-18.0625,-0.3962460458278656,-0.004760812036693096,0.007141217589378357,-0.9181042313575745,46442,2681
0,0.05000000074505806,-0.09000000357627869,9.720000267028809,0,-0.25,0.0625,29.1875,-25.25,-18.0625,-0.3962460458278656,-0.004760812036693096,0.007141217589378357,-0.9181042313575745,46452,2682
0,0.05000000074505806,-0.07999999821186066,9.779999732971191,0,-0.25,0.0625,29.1875,-25.25,-18.0625,-0.3962460458278656,-0.004760812036693096,0.007141217589378357,-0.9181042313575745,46461,2683
0,0.05999999865889549,-0.09000000357627869,9.720000267028809,0,-0.0625,-0.0625,29.875,-29,-18.0625,-0.3962460458278656,-0.004760812036693096,0.007141217589378357,-0.9181042313575745,46472,2684
0,0.029999999329447746,-0.05999999865889549,9.729999542236328,0,0,0.125,29.875,-29,-18.0625,-0.3962460458278656,-0.004760812036693096,0.007141217589378357,-0.9181042313575745,46482,2685
0,0.05999999865889549,-0.09000000357627869,9.720000267028809,0.0625,-0.0625,0.0625,29.875,-29,-18.0625,-0.3962460458278656,-0.004760812036693096,0.007141217589378357,-0.9181042313575745,46492,2686
0,0.05999999865889549,-0.09000000357627869,9.739999771118164,0,-0.1875,-0.0625,29.875,-29,-18.0625,-0.3962460458278656,-0.004760812036693096,0.007141217589378357,-0.9181042313575745,46502,2687
0,0.05000000074505806,-0.07000000029802322,9.75,0,-0.1875,-0.0625,29.875,-29,-18.0625,-0.3962460458278656,-0.004760812036693096,0.007141217589378357,-0.9181042313575745,46511,2688
0,0.05000000074505806,-0.09000000357627869,9.75,0,-0.0625,-0.0625,30.25,-29.375,-19.5625,-0.3962460458278656,-0.004760812036693096,0.007141217589378357,-0.9181042313575745,46522,2689
0,0.05000000074505806,-0.09000000357627869,9.739999771118164,-0.125,-0.1875,0,30.25,-29.375,-19.5625,-0.3962460458278656,-0.004760812036693096,0.007141217589378357,-0.9181042313575745,46532,2690
0,0.03999999910593033,-0.07000000029802322,9.699999809265137,-0.0625,0,0.0625,30.25,-29.375,-19.5625,-0.3962460458278656,-0.004760812036693096,0.007141217589378357,-0.9181042313575745,46542,2691
0,0.03999999910593033,-0.07000000029802322,9.720000267028809,0.125,-0.125,0.0625,30.25,-29.375,-19.5625,-0.3962460458278656,-0.004760812036693096,0.007141217589378357,-0.9181042313575745,46552,2692
0,0.05000000074505806,-0.09000000357627869,9.75,0,0,0,30.25,-29.375,-19.5625,-0.3962460458278656,-0.004760812036693096,0.007141217589378357,-0.9181042313575745,46561,2693
0,0.05999999865889549,-0.07999999821186066,9.75,-0.0625,-0.1875,0,30.6875,-20,-18.5,-0.3962460458278656,-0.004760812036693096,0.007141217589378357,-0.9181042313575745,46572,2694
0,0.05999999865889549,-0.05000000074505806,9.75,-0.0625,0,0,30.6875,-20,-18.5,-0.3962460458278656,-0.004760812036693096,0.007141217589378357,-0.9181042313575745,46582,2695
0,0.05000000074505806,-0.05999999865889549,9.729999542236328,-0.0625,-0.1875,-0.0625,30.6875,-20,-18.5,-0.3962460458278656,-0.004760812036693096,0.007141217589378357,-0.9181042313575745,46592,2696
0,0.07000000029802322,-0.07000000029802322,9.699999809265137,-0.125,-0.0625,-0.125,30.6875,-20,-18.5,-0.3962460458278656,-0.004760812036693096,0.007141217589378357,-0.9181042313575745,46602,2697
0,0.05999999865889549,-0.07999999821186066,9.739999771118164,-0.0625,0.125,0.0625,30.6875,-20,-18.5,-0.3962460458278656,-0.004760812036693096,0.007141217589378357,-0.9181042313575745,46611,2698
0,0.029999999329447746,-0.07999999821186066,9.739999771118164,0.0625,0,0,30.25,-30.1875,-18.0625,-0.3962460458278656,-0.004760812036693096,0.007141217589378357,-0.9181042313575745,46622,2699
0,0.05999999865889549,-0.05999999865889549,9.739999771118164,0.0625,-0.3125,0.0625,30.25,-30.1875,-18.0625,-0.3962460458278656,-0.004760812036693096,0.007141217589378357,-0.9181042313575745,46632,2700
0,0.05000000074505806,-0.09000000357627869,9.739999771118164,0,-0.0625,0.0625,30.25,-30.1875,-18.0625,-0.3962460458278656,-0.004760812036693096,0.007141217589378357,-0.9181042313575745,46642,2701
0,0.05999999865889549,-0.07999999821186066,9.710000038146973,0,-0.0625,0.125,30.25,-30.1875,-18.0625,-0.3962460458278656,-0.004760812036693096,0.007141217589378357,-0.9181042313575745,46652,2702
0,0.05000000074505806,-0.09000000357627869,9.75,0.125,-0.125,0,30.25,-30.1875,-18.0625,-0.3962460458278656,-0.004760812036693096,0.007141217589378357,-0.9181042313575745,46661,2703
0,0.05999999865889549,-0.07000000029802322,9.75,0,0,-0.1875,29.875,-27.875,-18.75,-0.3962460458278656,-0.004760812036693096,0.007141217589378357,-0.9181042313575745,46672,2704
0,0.03999999910593033,-0.07000000029802322,9.770000457763672,0.0625,-0.1875,0.0625,29.875,-27.875,-18.75,-0.3962460458278656,-0.004760812036693096,0.007141217589378357,-0.9181042313575745,46682,2705
0,0.05000000074505806,-0.09000000357627869,9.729999542236328,0.0625,-0.0625,-0.0625,29.875,-27.875,-18.75,-0.3962460458278656,-0.004760812036693096,0.007141217589378357,-0.9181042313575745,46692,2706
0,0.03999999910593033,-0.07999999821186066,9.739999771118164,0,0.0625,0,29.875,-27.875,-18.75,-0.3962460458278656,-0.004760812036693096,0.007141217589378357,-0.9181042313575745,46702,2707
0,0.07000000029802322,-0.07999999821186066,9.75,0,-0.0625,0.0625,29.875,-27.875,-18.75,-0.3962460458278656,-0.004760812036693096,0.007141217589378357,-0.9181042313575745,46711,2708
0,0.05000000074505806,-0.07000000029802322,9.760000228881836,0.0625,0.125,0,29.5,-29.75,-18.5,-0.3962460458278656,-0.004760812036693096,0.007141217589378357,-0.9181042313575745,46722,2709
0,0.05000000074505806,-0.09000000357627869,9.720000267028809,0.0625,-0.0625,0,29.5,-29.75,-18.5,-0.3962460458278656,-0.004760812036693096,0.007141217589378357,-0.9181042313575745,46732,2710
0,0.05000000074505806,-0.07999999821186066,9.710000038146973,-0.0625,0.0625,0.0625,29.5,-29.75,-18.5,-0.3962460458278656,-0.004760812036693096,0.007141217589378357,-0.9181042313575745,46742,2711
0,0.07000000029802322,-0.07000000029802322,9.75,0,0.125,0,29.5,-29.75,-18.5,-0.3962460458278656,-0.004760812036693096,0.007141217589378357,-0.9181042313575745,46752,2712
0,0.05999999865889549,-0.07999999821186066,9.75,0.125,0,0.0625,29.5,-29.75,-18.5,-0.3962460458278656,-0.004760812036693096,0.007141217589378357,-0.9181042313575745,46761,2713
0,0.05999999865889549,-0.07000000029802322,9.729999542236328,0,0.0625,0,30.25,-30.5,-18.5,-0.3962460458278656,-0.004760812036693096,0.007141217589378357,-0.9181042313575745,46772,2714
0,0.05000000074505806,-0.07000000029802322,9.729999542236328,0.125,0.0625,0.0625,30.25,-30.5,-18.5,-0.3962460458278656,-0.004760812036693096,0.007141217589378357,-0.9181042313575745,46782,2715
0,0.07000000029802322,-0.07999999821186066,9.710000038146973,-0.0625,-0.0625,0,30.25,-30.5,-18.5,-0.3962460458278656,-0.004760812036693096,0.007141217589378357,-0.9181042313575745,46792,2716
0,0.05999999865889549,-0.10000000149011612,9.779999732971191,0,0.0625,-0.0625,30.25,-30.5,-18.5,-0.3962460458278656,-0.004760812036693096,0.007141217589378357,-0.9181042313575745,46802,2717
0,0.03999999910593033,-0.07000000029802322,9.75,-0.125,0.0625,0,30.25,-30.5,-18.5,-0.3962460458278656,-0.004760812036693096,0.007141217589378357,-0.9181042313575745,46811,2718
0,0.05000000074505806,-0.10000000149011612,9.760000228881836,-0.0625,-0.0625,-0.0625,30.25,-29.375,-18.75,-0.3962460458278656,-0.004760812036693096,0.007141217589378357,-0.9181042313575745,46822,2719
0,0.029999999329447746,-0.07999999821186066,9.779999732971191,0.0625,-0.125,0,30.25,-29.375,-18.75,-0.3962460458278656,-0.004760812036693096,0.007141217589378357,-0.9181042313575745,46832,2720
0,0.05000000074505806,-0.07000000029802322,9.710000038146973,0.0625,-0.25,0,30.25,-29.375,-18.75,-0.3962460458278656,-0.004760812036693096,0.007141217589378357,-0.9181042313575745,46842,2721
0,0.05000000074505806,-0.10000000149011612,9.720000267028809,0.0625,-0.0625,0.0625,30.25,-29.375,-18.75,-0.3962460458278656,-0.004760812036693096,0.007141217589378357,-0.9181042313575745,46852,2722
0,0.05000000074505806,-0.07000000029802322,9.75,0.125,-0.25,0.0625,30.25,-29.375,-18.75,-0.3962460458278656,-0.004760812036693096,0.007141217589378357,-0.9181042313575745,46861,2723
0,0.03999999910593033,-0.05999999865889549,9.739999771118164,0.0625,-0.25,0.0625,30.6875,-30.5,-17.5625,-0.3962460458278656,-0.004760812036693096,0.007141217589378357,-0.9181042313575745,46872,2724
0,0.05000000074505806,-0.10000000149011612,9.760000228881836,0,0,0,30.6875,-30.5,-17.5625,-0.3962460458278656,-0.004760812036693096,0.007141217589378357,-0.9181042313575745,46882,2725
0,0.05000000074505806,-0.09000000357627869,9.739999771118164,-0.0625,-0.0625,-0.0625,30.6875,-30.5,-17.5625,-0.3962460458278656,-0.004760812036693096,0.007141217589378357,-0.9181042313575745,46892,2726
0,0.05000000074505806,-0.09000000357627869,9.739999771118164,-0.125,0.0625,0,30.6875,-30.5,-17.5625,-0.3962460458278656,-0.004760812036693096,0.007141217589378357,-0.9181042313575745,46902,2727
0,0.03999999910593033,-0.10000000149011612,9.739999771118164,0,0.0625,-0.0625,30.6875,-30.5,-17.5625,-0.3962460458278656,-0.004760812036693096,0.007141217589378357,-0.9181042313575745,46911,2728
0,0.05000000074505806,-0.09000000357627869,9.739999771118164,-0.0625,0.125,0.0625,29.5,-31.25,-18.875,-0.3962460458278656,-0.004760812036693096,0.007141217589378357,-0.9181042313575745,46922,2729
0,0.07000000029802322,-0.07999999821186066,9.729999542236328,-0.0625,-0.1875,0,29.5,-31.25,-18.875,-0.3962460458278656,-0.004760812036693096,0.007141217589378357,-0.9181042313575745,46932,2730
0,0.05999999865889549,-0.07999999821186066,9.729999542236328,0,0,0,29.5,-31.25,-18.875,-0.3962460458278656,-0.004760812036693096,0.007141217589378357,-0.9181042313575745,46942,2731
0,0.07000000029802322,-0.10000000149011612,9.770000457763672,0.1875,-0.0625,0.0625,29.5,-31.25,-18.875,-0.3962460458278656,-0.004760812036693096,0.007141217589378357,-0.9181042313575745,46952,2732
0,0.05999999865889549,-0.05999999865889549,9.75,0,-0.0625,0,29.5,-31.25,-18.875,-0.3962460458278656,-0.004760812036693096,0.007141217589378357,-0.9181042313575745,46961,2733
0,0.05999999865889549,-0.09000000357627869,9.75,-0.0625,-0.125,0.125,29.875,-30.875,-19.5625,-0.3962460458278656,-0.004760812036693096,0.007141217589378357,-0.9181042313575745,46972,2734
0,0.05000000074505806,-0.07999999821186066,9.739999771118164,-0.0625,-0.0625,0.0625,29.875,-30.875,-19.5625,-0.3962460458278656,-0.004760812036693096,0.007141217589378357,-0.9181042313575745,46982,2735
0,0.05999999865889549,-0.07000000029802322,9.770000457763672,-0.0625,0,0.0625,29.875,-30.875,-19.5625,-0.3962460458278656,-0.004760812036693096,0.007141217589378357,-0.9181042313575745,46992,2736
0,0.05000000074505806,-0.07999999821186066,9.739999771118164,-0.0625,0.125,0.0625,29.875,-30.875,-19.5625,-0.3962460458278656,-0.004760812036693096,0.007141217589378357,-0.9181042313575745,47002,2737
0,0.03999999910593033,-0.07999999821186066,9.779999732971191,0,-0.3125,0.125,30.6875,-20.75,-18.875,-0.3962460458278656,-0.004760812036693096,0.007141217589378357,-0.9181042313575745,47011,2738
0,0.05000000074505806,-0.10000000149011612,9.770000457763672,0,-0.3125,0.125,30.6875,-20.75,-18.875,-0.3962460458278656,-0.004760812036693096,0.007141217589378357,-0.9181042313575745,47022,2739
0,0.07000000029802322,-0.07000000029802322,9.720000267028809,0,0.25,0.0625,30.6875,-20.75,-18.875,-0.3962460458278656,-0.004760812036693096,0.007141217589378357,-0.9181042313575745,47032,2740
0,0.05999999865889549,-0.07999999821186066,9.710000038146973,0.0625,-0.0625,0,30.6875,-20.75,-18.875,-0.3962460458278656,-0.004760812036693096,0.007141217589378357,-0.9181042313575745,47042,2741
0,0.05000000074505806,-0.09000000357627869,9.720000267028809,0.0625,-0.0625,0,30.6875,-20.75,-18.875,-0.3962460458278656,-0.004760812036693096,0.007141217589378357,-0.9181042313575745,47052,2742
0,0.05999999865889549,-0.09000000357627869,9.770000457763672,-0.0625,-0.0625,-0.0625,29.875,-30.875,-19.5625,-0.3962460458278656,-0.004760812036693096,0.007141217589378357,-0.9181042313575745,47061,2743
0,0.03999999910593033,-0.07999999821186066,9.760000228881836,-0.0625,-0.0625,-0.0625,29.875,-30.875,-19.5625,-0.3962460458278656,-0.004760812036693096,0.007141217589378357,-0.9181042313575745,47072,2744
0,0.05000000074505806,-0.09000000357627869,9.760000228881836,-0.0625,-0.125,-0.0625,29.875,-30.875,-19.5625,-0.3962460458278656,-0.004760812036693096,0.007141217589378357,-0.9181042313575745,47082,2745
0,0.05000000074505806,-0.07999999821186066,9.739999771118164,0.0625,-0.125,0.1875,29.875,-30.875,-19.5625,-0.3962460458278656,-0.004760812036693096,0.007141217589378357,-0.9181042313575745,47092,2746
0,0.05999999865889549,-0.07000000029802322,9.739999771118164,0.125,-0.3125,0.0625,29.875,-30.875,-19.5625,-0.3962460458278656,-0.004760812036693096,0.007141217589378357,-0.9181042313575745,47102,2747
0,0.05999999865889549,-0.05999999865889549,9.739999771118164,0,-0.25,0,31.375,-19.6875,-19.25,-0.3962460458278656,-0.004760812036693096,0.007141217589378357,-0.9181042313575745,47111,2748
0,0.05999999865889549,-0.05999999865889549,9.739999771118164,-0.0625,-0.1875,0,31.375,-19.6875,-19.25,-0.3962460458278656,-0.004760812036693096,0.007141217589378357,-0.9181042313575745,47122,2749
0,0.05999999865889549,-0.09000000357627869,9.760000228881836,0.0625,-0.0625,0,31.375,-19.6875,-19.25,-0.3962460458278656,-0.004760812036693096,0.007141217589378357,-0.9181042313575745,47132,2750
0,0.09000000357627869,-0.05999999865889549,9.710000038146973,0,0.0625,0.0625,31.375,-19.6875,-19.25,-0.3962460458278656,-0.004760812036693096,0.007141217589378357,-0.9181042313575745,47142,2751
0,0.05999999865889549,-0.09000000357627869,9.729999542236328,0.0625,-0.1875,0,31.375,-19.6875,-19.25,-0.3962460458278656,-0.004760812036693096,0.007141217589378357,-0.9181042313575745,47152,2752
0,0.03999999910593033,-0.10000000149011612,9.739999771118164,0.0625,-0.1875,0.125,29.875,-30.5,-17.25,-0.3962460458278656,-0.004760812036693096,0.007141217589378357,-0.9181042313575745,47161,2753
0,0.05000000074505806,-0.07000000029802322,9.739999771118164,0,-0.125,-0.0625,29.875,-30.5,-17.25,-0.3962460458278656,-0.004760812036693096,0.007141217589378357,-0.9181042313575745,47172,2754
0,0.05999999865889549,-0.10000000149011612,9.75,0.0625,0.0625,0.0625,29.875,-30.5,-17.25,-0.3962460458278656,-0.004760812036693096,0.007141217589378357,-0.9181042313575745,47181,2755
0,0.05999999865889549,-0.05999999865889549,9.720000267028809,0.0625,-0.0625,0.125,29.875,-30.5,-17.25,-0.3962460458278656,-0.004760812036693096,0.007141217589378357,-0.9181042313575745,47191,2756
0,0.05000000074505806,-0.09000000357627869,9.760000228881836,-0.0625,-0.0625,0.0625,29.875,-30.5,-17.25,-0.3962460458278656,-0.004760812036693096,0.007141217589378357,-0.9181042313575745,47202,2757
0,0.03999999910593033,-0.10000000149011612,9.760000228881836,0.0625,-0.25,0,30.25,-30.5,-19.25,-0.3962460458278656,-0.004760812036693096,0.007141217589378357,-0.9181042313575745,47211,2758
0,0.05000000074505806,-0.09000000357627869,9.720000267028809,-0.0625,0,-0.0625,30.25,-30.5,-19.25,-0.3962460458278656,-0.004760812036693096,0.007141217589378357,-0.9181042313575745,47221,2759
0,0.03999999910593033,-0.07000000029802322,9.710000038146973,0.0625,-0.0625,0.0625,30.25,-30.5,-19.25,-0.3962460458278656,-0.004760812036693096,0.007141217589378357,-0.9181042313575745,47231,2760
0,0.05000000074505806,-0.09000000357627869,9.720000267028809,-0.0625,-0.125,0,30.25,-30.5,-19.25,-0.3962460458278656,-0.004760812036693096,0.007141217589378357,-0.9181042313575745,47241,2761
0,0.05000000074505806,-0.10000000149011612,9.729999542236328,0.0625,-0.25,-0.0625,30.25,-30.5,-19.25,-0.3962460458278656,-0.004760812036693096,0.007141217589378357,-0.9181042313575745,47252,2762
0,0.05000000074505806,-0.07000000029802322,9.760000228881836,-0.0625,0.1875,-0.0625,30.6875,-18.875,-18.0625,-0.3962460458278656,-0.004760812036693096,0.007141217589378357,-0.9181042313575745,47261,2763
0,0.05000000074505806,-0.07000000029802322,9.770000457763672,0.0625,0,-0.0625,30.6875,-18.875,-18.0625,-0.3962460458278656,-0.004760812036693096,0.007141217589378357,-0.9181042313575745,47271,2764
0,0.05999999865889549,-0.05999999865889549,9.739999771118164,0.0625,0,0.0625,30.6875,-18.875,-18.0625,-0.3962460458278656,-0.004760812036693096,0.007141217589378357,-0.9181042313575745,47281,2765
0,0.03999999910593033,-0.09000000357627869,9.710000038146973,0.0625,0.0625,0,30.6875,-18.875,-18.0625,-0.3962460458278656,-0.004760812036693096,0.007141217589378357,-0.9181042313575745,47291,2766
0,0.05999999865889549,-0.09000000357627869,9.729999542236328,0,-0.125,0,30.6875,-18.875,-18.0625,-0.3962460458278656,-0.004760812036693096,0.007141217589378357,-0.9181042313575745,47302,2767
0,0.05000000074505806,-0.07999999821186066,9.729999542236328,0.0625,0.0625,0,29.5,-29.375,-17.5625,-0.3962460458278656,-0.004760812036693096,0.007141217589378357,-0.9181042313575745,47311,2768
0,0.05000000074505806,-0.09000000357627869,9.739999771118164,-0.125,0,0,29.5,-29.375,-17.5625,-0.3962460458278656,-0.004760812036693096,0.007141217589378357,-0.9181042313575745,47321,2769
0,0.05999999865889549,-0.07999999821186066,9.739999771118164,0.0625,0.0625,0,29.5,-29.375,-17.5625,-0.3962460458278656,-0.004760812036693096,0.007141217589378357,-0.9181042313575745,47331,2770
0,0.05999999865889549,-0.07999999821186066,9.75,0.0625,0.125,0,29.5,-29.375,-17.5625,-0.3962460458278656,-0.004760812036693096,0.007141217589378357,-0.9181042313575745,47341,2771
0,0.05999999865889549,-0.07000000029802322,9.729999542236328,-0.0625,-0.125,0.0625,29.5,-29.375,-17.5625,-0.3962460458278656,-0.004760812036693096,0.007141217589378357,-0.9181042313575745,47352,2772
0,0.05000000074505806,-0.05999999865889549,9.760000228881836,0,0.0625,-0.0625,29.875,-30.875,-19.25,-0.3962460458278656,-0.004760812036693096,0.007141217589378357,-0.9181042313575745,47361,2773
0,0.07000000029802322,-0.07000000029802322,9.75,0,0.0625,0,29.875,-30.875,-19.25,-0.3962460458278656,-0.004760812036693096,0.007141217589378357,-0.9181042313575745,47371,2774
0,0.07000000029802322,-0.07999999821186066,9.75,0,0.0625,0.0625,29.875,-30.875,-19.25,-0.3962460458278656,-0.004760812036693096,0.007141217589378357,-0.9181042313575745,47381,2775
0,0.019999999552965164,-0.07000000029802322,9.729999542236328,-0.0625,0.125,-0.0625,29.875,-30.875,-19.25,-0.3962460458278656,-0.004760812036693096,0.007141217589378357,-0.9181042313575745,47391,2776
0,0.05000000074505806,-0.09000000357627869,9.720000267028809,0,0,0.0625,29.875,-30.875,-19.25,-0.3962460458278656,-0.004760812036693096,0.007141217589378357,-0.9181042313575745,47402,2777
0,0.05000000074505806,-0.09000000357627869,9.739999771118164,0,-0.0625,0.0625,30.25,-18.5,-18.5,-0.3962460458278656,-0.004760812036693096,0.007141217589378357,-0.9181042313575745,47411,2778
0,0.03999999910593033,-0.07999999821186066,9.779999732971191,-0.0625,0.0625,-0.0625,30.25,-18.5,-18.5,-0.3962460458278656,-0.004760812036693096,0.007141217589378357,-0.9181042313575745,47421,2779
0,0.05000000074505806,-0.07999999821186066,9.75,0,0.0625,-0.0625,30.25,-18.5,-18.5,-0.3962460458278656,-0.004760812036693096,0.007141217589378357,-0.9181042313575745,47431,2780
0,0.029999999329447746,-0.07999999821186066,9.75,0,-0.0625,0.125,30.25,-18.5,-18.5,-0.3962460458278656,-0.004760812036693096,0.007141217589378357,-0.9181042313575745,47441,2781
0,0.05000000074505806,-0.09000000357627869,9.720000267028809,0,0.1875,0.0625,30.25,-18.5,-18.5,-0.3962460458278656,-0.004760812036693096,0.007141217589378357,-0.9181042313575745,47451,2782
0,0.03999999910593033,-0.07999999821186066,9.739999771118164,0.0625,0.0625,0,29.875,-29,-17.5625,-0.3962460458278656,-0.004760812036693096,0.007141217589378357,-0.9181042313575745,47461,2783
0,0.029999999329447746,-0.07999999821186066,9.710000038146973,0.125,-0.125,0,29.875,-29,-17.5625,-0.3962460458278656,-0.004760812036693096,0.007141217589378357,-0.9181042313575745,47471,2784
0,0.05000000074505806,-0.09000000357627869,9.75,0.0625,-0.1875,0.125,29.875,-29,-17.5625,-0.3962460458278656,-0.004760812036693096,0.007141217589378357,-0.9181042313575745,47481,2785
0,0.05999999865889549,-0.09000000357627869,9.739999771118164,0.0625,-0.25,0.0625,29.875,-29,-17.5625,-0.3962460458278656,-0.004760812036693096,0.007141217589378357,-0.9181042313575745,47491,2786
0,0.05000000074505806,-0.10000000149011612,9.729999542236328,0.0625,-0.1875,0,29.875,-29,-17.5625,-0.3962460458278656,-0.004760812036693096,0.007141217589378357,-0.9181042313575745,47501,2787
0,0.05999999865889549,-0.07000000029802322,9.75,0.125,0.0625,0,29.875,-29.375,-19.25,-0.3962460458278656,-0.004760812036693096,0.007141217589378357,-0.9181042313575745,47511,2788
0,0.05999999865889549,-0.07000000029802322,9.75,0.125,-0.0625,0.125,29.875,-29.375,-19.25,-0.3962460458278656,-0.004760812036693096,0.007141217589378357,-0.9181042313575745,47521,2789
0,0.05999999865889549,-0.07000000029802322,9.75,0.0625,0,0,29.875,-29.375,-19.25,-0.3962460458278656,-0.004760812036693096,0.007141217589378357,-0.9181042313575745,47531,2790
0,0.03999999910593033,-0.07000000029802322,9.720000267028809,-0.0625,0,0.0625,29.875,-29.375,-19.25,-0.3962460458278656,-0.004760812036693096,0.007141217589378357,-0.9181042313575745,47541,2791
0,0.07000000029802322,-0.05999999865889549,9.760000228881836,-0.0625,0.125,-0.0625,29.875,-29.375,-19.25,-0.3962460458278656,-0.004760812036693096,0.007141217589378357,-0.9181042313575745,47551,2792
0,0.05999999865889549,-0.07999999821186066,9.739999771118164,-0.0625,-0.1875,-0.0625,31,-31.6875,-18.875,-0.3962460458278656,-0.004760812036693096,0.007141217589378357,-0.9181042313575745,47561,2793
0,0.029999999329447746,-0.05999999865889549,9.739999771118164,0.0625,0.25,0,31,-31.6875,-18.875,-0.3962460458278656,-0.004760812036693096,0.007141217589378357,-0.9181042313575745,47571,2794
0,0.03999999910593033,-0.10000000149011612,9.729999542236328,0,0,0.0625,31,-31.6875,-18.875,-0.3962460458278656,-0.004760812036693096,0.007141217589378357,-0.9181042313575745,47581,2795
0,0.05999999865889549,-0.07000000029802322,9.729999542236328,-0.0625,0.1875,-0.0625,31,-31.6875,-18.875,-0.3962460458278656,-0.004760812036693096,0.007141217589378357,-0.9181042313575745,47591,2796
0,0.05999999865889549,-0.05999999865889549,9.720000267028809,0.0625,0.1875,0,31,-31.6875,-18.875,-0.3962460458278656,-0.004760812036693096,0.007141217589378357,-0.9181042313575745,47601,2797
0,0.05000000074505806,-0.07999999821186066,9.739999771118164,0.0625,0.1875,-0.125,30.25,-32,-19.5625,-0.3962460458278656,-0.004760812036693096,0.007141217589378357,-0.9181042313575745,47611,2798
0,0.09000000357627869,-0.07999999821186066,9.720000267028809,0.125,-0.1875,0.1875,30.25,-32,-19.5625,-0.3962460458278656,-0.004760812036693096,0.007141217589378357,-0.9181042313575745,47621,2799
0,0.05999999865889549,-0.07000000029802322,9.720000267028809,0,-0.125,0.125,30.25,-32,-19.5625,-0.3962460458278656,-0.004760812036693096,0.007141217589378357,-0.9181042313575745,47631,2800
0,0.07000000029802322,-0.07999999821186066,9.739999771118164,-0.0625,0,0.0625,30.25,-32,-19.5625,-0.3962460458278656,-0.004760812036693096,0.007141217589378357,-0.9181042313575745,47641,2801
0,0.05000000074505806,-0.09000000357627869,9.739999771118164,0.0625,-0.125,0,30.25,-32,-19.5625,-0.3962460458278656,-0.004760812036693096,0.007141217589378357,-0.9181042313575745,47651,2802
0,0.07000000029802322,-0.07999999821186066,9.729999542236328,0,-0.0625,0.125,29.1875,-30.5,-19.25,-0.3962460458278656,-0.004760812036693096,0.007141217589378357,-0.9181042313575745,47661,2803
0,0.05000000074505806,-0.07000000029802322,9.720000267028809,0.125,0.0625,-0.0625,29.1875,-30.5,-19.25,-0.3962460458278656,-0.004760812036693096,0.007141217589378357,-0.9181042313575745,47671,2804
0,0.07999999821186066,-0.05000000074505806,9.739999771118164,0.0625,-0.125,0,29.1875,-30.5,-19.25,-0.3962460458278656,-0.004760812036693096,0.007141217589378357,-0.9181042313575745,47681,2805
0,0.07000000029802322,-0.10000000149011612,9.770000457763672,0.0625,-0.0625,0,29.1875,-30.5,-19.25,-0.3962460458278656,-0.004760812036693096,0.007141217589378357,-0.9181042313575745,47691,2806
0,0.05000000074505806,-0.09000000357627869,9.75,0,-0.0625,0.0625,29.1875,-30.5,-19.25,-0.3962460458278656,-0.004760812036693096,0.007141217589378357,-0.9181042313575745,47701,2807
0,0.05000000074505806,-0.07000000029802322,9.739999771118164,0,-0.0625,-0.0625,30.25,-32,-18.875,-0.3962460458278656,-0.004760812036693096,0.007141217589378357,-0.9181042313575745,47711,2808
0,0.05999999865889549,-0.07000000029802322,9.729999542236328,0.0625,-0.125,0.0625,30.25,-32,-18.875,-0.3962460458278656,-0.004760812036693096,0.007141217589378357,-0.9181042313575745,47721,2809
0,0.05000000074505806,-0.09000000357627869,9.729999542236328,0.125,0,-0.0625,30.25,-32,-18.875,-0.3962460458278656,-0.004760812036693096,0.007141217589378357,-0.9181042313575745,47731,2810
0,0.029999999329447746,-0.07999999821186066,9.75,0.1875,-0.0625,0.125,30.25,-32,-18.875,-0.3962460458278656,-0.004760812036693096,0.007141217589378357,-0.9181042313575745,47741,2811
0,0.05999999865889549,-0.07999999821186066,9.729999542236328,-0.125,0.0625,-0.125,30.25,-32,-18.875,-0.3962460458278656,-0.004760812036693096,0.007141217589378357,-0.9181042313575745,47751,2812
0,0.05000000074505806,-0.07999999821186066,9.739999771118164,0,-0.1875,0,29.5,-30.875,-18.5,-0.3962460458278656,-0.004760812036693096,0.007141217589378357,-0.9181042313575745,47761,2813
0,0.05999999865889549,-0.07999999821186066,9.720000267028809,0,0.0625,-0.0625,29.5,-30.875,-18.5,-0.3962460458278656,-0.004760812036693096,0.007141217589378357,-0.9181042313575745,47771,2814
0,0.05999999865889549,-0.07999999821186066,9.710000038146973,-0.0625,-0.125,0,29.5,-30.875,-18.5,-0.3962460458278656,-0.004760812036693096,0.007141217589378357,-0.9181042313575745,47781,2815
0,0.03999999910593033,-0.07999999821186066,9.75,0,-0.1875,0,29.5,-30.875,-18.5,-0.3962460458278656,-0.004760812036693096,0.007141217589378357,-0.9181042313575745,47791,2816
0,0.05999999865889549,-0.07000000029802322,9.729999542236328,0.125,-0.0625,0.125,29.5,-30.875,-18.5,-0.3962460458278656,-0.004760812036693096,0.007141217589378357,-0.9181042313575745,47801,2817
0,0.05000000074505806,-0.09000000357627869,9.75,0.0625,-0.0625,-0.0625,29.875,-27.875,-18.875,-0.3962460458278656,-0.004760812036693096,0.007141217589378357,-0.9181042313575745,47811,2818
0,0.05999999865889549,-0.07999999821186066,9.739999771118164,0,-0.0625,0.125,29.875,-27.875,-18.875,-0.3962460458278656,-0.004760812036693096,0.007141217589378357,-0.9181042313575745,47821,2819
0,0.05000000074505806,-0.07000000029802322,9.729999542236328,0.125,-0.25,0.0625,29.875,-27.875,-18.875,-0.3962460458278656,-0.004760812036693096,0.007141217589378357,-0.9181042313575745,47831,2820
0,0.05000000074505806,-0.07999999821186066,9.779999732971191,0.0625,-0.0625,-0.0625,29.875,-27.875,-18.875,-0.3962460458278656,-0.004760812036693096,0.007141217589378357,-0.9181042313575745,47841,2821
0,0.05000000074505806,-0.07999999821186066,9.770000457763672,0.0625,0,0,29.875,-27.875,-18.875,-0.3962460458278656,-0.004760812036693096,0.007141217589378357,-0.9181042313575745,47851,2822
0,0.05000000074505806,-0.09000000357627869,9.729999542236328,0.0625,0.125,0,30.6875,-28.25,-18.875,-0.3962460458278656,-0.004760812036693096,0.007141217589378357,-0.9181042313575745,47861,2823
0,0.05999999865889549,-0.05999999865889549,9.729999542236328,0.0625,0.0625,0,30.6875,-28.25,-18.875,-0.3962460458278656,-0.004760812036693096,0.007141217589378357,-0.9181042313575745,47871,2824
0,0.05999999865889549,-0.07999999821186066,9.729999542236328,0.0625,0.0625,-0.0625,30.6875,-28.25,-18.875,-0.3962460458278656,-0.004760812036693096,0.007141217589378357,-0.9181042313575745,47881,2825
0,0.07000000029802322,-0.05999999865889549,9.75,0,-0.1875,-0.0625,30.6875,-28.25,-18.875,-0.3962460458278656,-0.004760812036693096,0.007141217589378357,-0.9181042313575745,47891,2826
0,0.03999999910593033,-0.07000000029802322,9.729999542236328,0,0.0625,0,30.6875,-28.25,-18.875,-0.3962460458278656,-0.004760812036693096,0.007141217589378357,-0.9181042313575745,47901,2827
0,0.07000000029802322,-0.09000000357627869,9.739999771118164,0,0.0625,0.0625,30.6875,-29.75,-17.25,-0.3962460458278656,-0.004760812036693096,0.007141217589378357,-0.9181042313575745,47911,2828
0,0.05000000074505806,-0.07000000029802322,9.720000267028809,-0.0625,0,0,30.6875,-29.75,-17.25,-0.3962460458278656,-0.004760812036693096,0.007141217589378357,-0.9181042313575745,47921,2829
0,0.05999999865889549,-0.07999999821186066,9.710000038146973,0.125,-0.1875,0.0625,30.6875,-29.75,-17.25,-0.3962460458278656,-0.004760812036693096,0.007141217589378357,-0.9181042313575745,47931,2830
0,0.03999999910593033,-0.07999999821186066,9.739999771118164,0,-0.0625,0.125,30.6875,-29.75,-17.25,-0.3962460458278656,-0.004760812036693096,0.007141217589378357,-0.9181042313575745,47941,2831
0,0.05999999865889549,-0.07999999821186066,9.760000228881836,0.0625,0.0625,-0.125,30.6875,-29.75,-17.25,-0.3962460458278656,-0.004760812036693096,0.007141217589378357,-0.9181042313575745,47951,2832
0,0.05000000074505806,-0.07999999821186066,9.739999771118164,-0.0625,-0.0625,0.0625,29.875,-29.375,-18.5,-0.3962460458278656,-0.004760812036693096,0.007141217589378357,-0.9181042313575745,47961,2833
0,0.03999999910593033,-0.07000000029802322,9.75,0.0625,0,0,29.875,-29.375,-18.5,-0.3962460458278656,-0.004760812036693096,0.007141217589378357,-0.9181042313575745,47971,2834
0,0.05000000074505806,-0.07999999821186066,9.729999542236328,-0.0625,0.1875,0,29.875,-29.375,-18.5,-0.3962460458278656,-0.004760812036693096,0.007141217589378357,-0.9181042313575745,47981,2835
0,0.03999999910593033,-0.07000000029802322,9.739999771118164,0.0625,0.0625,0,29.875,-29.375,-18.5,-0.3962460458278656,-0.004760812036693096,0.007141217589378357,-0.9181042313575745,47991,2836
0,0.05000000074505806,-0.07999999821186066,9.760000228881836,0.125,0.125,0.0625,29.875,-29.375,-18.5,-0.3962460458278656,-0.004760812036693096,0.007141217589378357,-0.9181042313575745,48001,2837
0,0.07999999821186066,-0.07000000029802322,9.75,-0.0625,0,0.0625,30.25,-29,-18.75,-0.3962460458278656,-0.004760812036693096,0.007141217589378357,-0.9181042313575745,48011,2838
0,0.05000000074505806,-0.07999999821186066,9.710000038146973,0,-0.0625,0,30.25,-29,-18.75,-0.3962460458278656,-0.004760812036693096,0.007141217589378357,-0.9181042313575745,48021,2839
0,0.05999999865889549,-0.07999999821186066,9.75,0,0,0,30.25,-29,-18.75,-0.3962460458278656,-0.004760812036693096,0.007141217589378357,-0.9181042313575745,48031,2840
0,0.03999999910593033,-0.05000000074505806,9.729999542236328,-0.0625,-0.0625,-0.125,30.25,-29,-18.75,-0.3962460458278656,-0.004760812036693096,0.007141217589378357,-0.9181042313575745,48041,2841
0,0.05000000074505806,-0.10000000149011612,9.739999771118164,0,0,0.0625,30.25,-29,-18.75,-0.3962460458278656,-0.004760812036693096,0.007141217589378357,-0.9181042313575745,48051,2842
0,0.07000000029802322,-0.09000000357627869,9.75,0,0.1875,-0.0625,31.75,-28.6875,-18.5,-0.3962460458278656,-0.004760812036693096,0.007141217589378357,-0.9181042313575745,48061,2843
0,0.05000000074505806,-0.07999999821186066,9.729999542236328,-0.1875,0.125,0,31.75,-28.6875,-18.5,-0.3962460458278656,-0.004760812036693096,0.007141217589378357,-0.9181042313575745,48071,2844
0,0.05000000074505806,-0.07999999821186066,9.729999542236328,0.0625,0.125,0,31.75,-28.6875,-18.5,-0.3962460458278656,-0.004760812036693096,0.007141217589378357,-0.9181042313575745,48081,2845
0,0.05000000074505806,-0.10000000149011612,9.729999542236328,0,0.1875,-0.0625,31.75,-28.6875,-18.5,-0.3962460458278656,-0.004760812036693096,0.007141217589378357,-0.9181042313575745,48091,2846
0,0.05000000074505806,-0.10000000149011612,9.770000457763672,0.0625,-0.0625,0.125,31.75,-28.6875,-18.5,-0.3962460458278656,-0.004760812036693096,0.007141217589378357,-0.9181042313575745,48101,2847
0,0.05000000074505806,-0.05999999865889549,9.760000228881836,0,0.125,-0.0625,30.25,-18.1875,-18.75,-0.3962460458278656,-0.004760812036693096,0.007141217589378357,-0.9181042313575745,48111,2848
0,0.07999999821186066,-0.10000000149011612,9.720000267028809,0,-0.1875,0.0625,30.25,-18.1875,-18.75,-0.3962460458278656,-0.004760812036693096,0.007141217589378357,-0.9181042313575745,48121,2849
0,0.07000000029802322,-0.07000000029802322,9.720000267028809,0.125,-0.1875,0.0625,30.25,-18.1875,-18.75,-0.3962460458278656,-0.004760812036693096,0.007141217589378357,-0.9181042313575745,48131,2850
0,0.05999999865889549,-0.09000000357627869,9.729999542236328,0.0625,0,0,30.25,-18.1875,-18.75,-0.3962460458278656,-0.004760812036693096,0.007141217589378357,-0.9181042313575745,48141,2851
0,0.03999999910593033,-0.09000000357627869,9.729999542236328,0,-0.0625,0.0625,30.25,-18.1875,-18.75,-0.3962460458278656,-0.004760812036693096,0.007141217589378357,-0.9181042313575745,48151,2852
0,0.05000000074505806,-0.07999999821186066,9.770000457763672,0.125,0.125,0.0625,30.25,-30.1875,-19.25,-0.3962460458278656,-0.004760812036693096,0.007141217589378357,-0.9181042313575745,48161,2853
0,0.03999999910593033,-0.10000000149011612,9.729999542236328,0,-0.0625,0,30.25,-30.1875,-19.25,-0.3962460458278656,-0.004760812036693096,0.007141217589378357,-0.9181042313575745,48171,2854
0,0.03999999910593033,-0.09000000357627869,9.710000038146973,0.125,-0.0625,0.0625,30.25,-30.1875,-19.25,-0.3962460458278656,-0.004760812036693096,0.007141217589378357,-0.9181042313575745,48181,2855
0,0.07000000029802322,-0.09000000357627869,9.720000267028809,0,-0.125,0,30.25,-30.1875,-19.25,-0.3962460458278656,-0.004760812036693096,0.007141217589378357,-0.9181042313575745,48191,2856
0,0.05000000074505806,-0.07999999821186066,9.739999771118164,0,-0.125,0.0625,30.25,-30.1875,-19.25,-0.3962460458278656,-0.004760812036693096,0.007141217589378357,-0.9181042313575745,48201,2857
0,0.03999999910593033,-0.07999999821186066,9.760000228881836,-0.125,0.0625,-0.0625,29.1875,-30.5,-18.75,-0.3962460458278656,-0.004760812036693096,0.007141217589378357,-0.9181042313575745,48211,2858
0,0.05999999865889549,-0.07000000029802322,9.760000228881836,0.0625,-0.0625,-0.0625,29.1875,-30.5,-18.75,-0.3962460458278656,-0.004760812036693096,0.007141217589378357,-0.9181042313575745,48221,2859
0,0.05000000074505806,-0.07999999821186066,9.720000267028809,-0.0625,0.0625,0,29.1875,-30.5,-18.75,-0.3962460458278656,-0.004760812036693096,0.007141217589378357,-0.9181042313575745,48231,2860
0,0.07000000029802322,-0.09000000357627869,9.739999771118164,0.0625,0.125,0,29.1875,-30.5,-18.75,-0.3962460458278656,-0.004760812036693096,0.007141217589378357,-0.9181042313575745,48241,2861
0,0.05000000074505806,-0.05999999865889549,9.739999771118164,0,0,-0.0625,29.1875,-30.5,-18.75,-0.3962460458278656,-0.004760812036693096,0.007141217589378357,-0.9181042313575745,48251,2862
0,0.05999999865889549,-0.10999999940395355,9.779999732971191,0,-0.25,0.125,29.875,-29.375,-18.75,-0.3962460458278656,-0.004760812036693096,0.007141217589378357,-0.9181042313575745,48261,2863
0,0.05000000074505806,-0.07999999821186066,9.739999771118164,-0.0625,0.125,-0.0625,29.875,-29.375,-18.75,-0.3962460458278656,-0.004760812036693096,0.007141217589378357,-0.9181042313575745,48271,2864
0,0.07000000029802322,-0.07000000029802322,9.739999771118164,0,0.0625,0.0625,29.875,-29.375,-18.75,-0.3962460458278656,-0.004760812036693096,0.007141217589378357,-0.9181042313575745,48281,2865
0,0.05999999865889549,-0.07000000029802322,9.720000267028809,-0.0625,0.0625,0,29.875,-29.375,-18.75,-0.3962460458278656,-0.004760812036693096,0.007141217589378357,-0.9181042313575745,48291,2866
0,0.05999999865889549,-0.07000000029802322,9.75,0,-0.3125,0.125,29.875,-29.375,-18.75,-0.3962460458278656,-0.004760812036693096,0.007141217589378357,-0.9181042313575745,48301,2867
0,0.07000000029802322,-0.07999999821186066,9.760000228881836,-0.0625,0.0625,0,29.5,-29,-19.25,-0.3962460458278656,-0.004760812036693096,0.007141217589378357,-0.9181042313575745,48311,2868
0,0.05999999865889549,-0.07999999821186066,9.770000457763672,-0.0625,0.0625,-0.0625,29.5,-29,-19.25,-0.3962460458278656,-0.004760812036693096,0.007141217589378357,-0.9181042313575745,48321,2869
0,0.03999999910593033,-0.07999999821186066,9.729999542236328,0.0625,-0.0625,0.0625,29.5,-29,-19.25,-0.3962460458278656,-0.004760812036693096,0.007141217589378357,-0.9181042313575745,48330,2870
0,0.03999999910593033,-0.09000000357627869,9.729999542236328,0,-0.0625,0.0625,29.5,-29,-19.25,-0.3962460458278656,-0.004760812036693096,0.007141217589378357,-0.9181042313575745,48340,2871
0,0.03999999910593033,-0.09000000357627869,9.75,0.0625,0.0625,0.0625,29.5,-29,-19.25,-0.3962460458278656,-0.004760812036693096,0.007141217589378357,-0.9181042313575745,48351,2872
0,0.05999999865889549,-0.09000000357627869,9.739999771118164,0.0625,-0.1875,0.125,29.875,-30.1875,-18.5,-0.3962460458278656,-0.004760812036693096,0.007141217589378357,-0.9181042313575745,48360,2873
0,0.03999999910593033,-0.10000000149011612,9.739999771118164,0.0625,-0.1875,-0.0625,29.875,-30.1875,-18.5,-0.3962460458278656,-0.004760812036693096,0.007141217589378357,-0.9181042313575745,48370,2874
0,0.05000000074505806,-0.07999999821186066,9.729999542236328,0,-0.0625,0.0625,29.875,-30.1875,-18.5,-0.3962460458278656,-0.004760812036693096,0.007141217589378357,-0.9181042313575745,48380,2875
0,0.05999999865889549,-0.07000000029802322,9.729999542236328,0.125,-0.0625,0.0625,29.875,-30.1875,-18.5,-0.3962460458278656,-0.004760812036693096,0.007141217589378357,-0.9181042313575745,48390,2876
0,0.05000000074505806,-0.07999999821186066,9.75,0.0625,0.1875,-0.0625,29.875,-30.1875,-18.5,-0.3962460458278656,-0.004760812036693096,0.007141217589378357,-0.9181042313575745,48401,2877
0,0.05000000074505806,-0.07000000029802322,9.770000457763672,-0.0625,-0.125,0.0625,30.25,-32,-18.0625,-0.3962460458278656,-0.004760812036693096,0.007141217589378357,-0.9181042313575745,48410,2878
0,0.05000000074505806,-0.07999999821186066,9.779999732971191,0,0.0625,-0.0625,30.25,-32,-18.0625,-0.3962460458278656,-0.004760812036693096,0.007141217589378357,-0.9181042313575745,48420,2879
0,0.05999999865889549,-0.07000000029802322,9.710000038146973,0,0.125,0,30.25,-32,-18.0625,-0.3962460458278656,-0.004760812036693096,0.007141217589378357,-0.9181042313575745,48430,2880
0,0.05000000074505806,-0.07000000029802322,9.739999771118164,0.125,-0.125,0,30.25,-32,-18.0625,-0.3962460458278656,-0.004760812036693096,0.007141217589378357,-0.9181042313575745,48440,2881
0,0.05999999865889549,-0.07000000029802322,9.760000228881836,0.0625,0.0625,0,30.25,-32,-18.0625,-0.3962460458278656,-0.004760812036693096,0.007141217589378357,-0.9181042313575745,48451,2882
0,0.05000000074505806,-0.07000000029802322,9.75,0,0,0,29.875,-31.25,-18.75,-0.3962460458278656,-0.004760812036693096,0.007141217589378357,-0.9181042313575745,48460,2883
0,0.05000000074505806,-0.09000000357627869,9.75,0.125,-0.1875,0.125,29.875,-31.25,-18.75,-0.3962460458278656,-0.004760812036693096,0.007141217589378357,-0.9181042313575745,48470,2884
0,0.029999999329447746,-0.07000000029802322,9.729999542236328,0,-0.0625,0,29.875,-31.25,-18.75,-0.3962460458278656,-0.004760812036693096,0.007141217589378357,-0.9181042313575745,48480,2885
0,0.029999999329447746,-0.07000000029802322,9.760000228881836,0.0625,-0.0625,-0.0625,29.875,-31.25,-18.75,-0.3962460458278656,-0.004760812036693096,0.007141217589378357,-0.9181042313575745,48490,2886
0,0.03999999910593033,-0.09000000357627869,9.770000457763672,-0.0625,0.0625,-0.0625,29.875,-31.25,-18.75,-0.3962460458278656,-0.004760812036693096,0.007141217589378357,-0.9181042313575745,48500,2887
0,0.05000000074505806,-0.10000000149011612,9.739999771118164,0.0625,0,0,30.6875,-26.75,-19.25,-0.3962460458278656,-0.004760812036693096,0.007141217589378357,-0.9181042313575745,48510,2888
0,0.03999999910593033,-0.07999999821186066,9.75,0,-0.25,0,30.6875,-26.75,-19.25,-0.3962460458278656,-0.004760812036693096,0.007141217589378357,-0.9181042313575745,48520,2889
0,0.05000000074505806,-0.09000000357627869,9.729999542236328,0.0625,-0.125,0,30.6875,-26.75,-19.25,-0.3962460458278656,-0.004760812036693096,0.007141217589378357,-0.9181042313575745,48530,2890
0,0.07000000029802322,-0.07999999821186066,9.729999542236328,0,0,0,30.6875,-26.75,-19.25,-0.3962460458278656,-0.004760812036693096,0.007141217589378357,-0.9181042313575745,48540,2891
0,0.05000000074505806,-0.07999999821186066,9.770000457763672,-0.0625,0.1875,0.0625,30.6875,-26.75,-19.25,-0.3962460458278656,-0.004760812036693096,0.007141217589378357,-0.9181042313575745,48551,2892
0,0.03999999910593033,-0.05999999865889549,9.75,0,-0.0625,0,28.75,-29.75,-18.875,-0.3962460458278656,-0.004760812036693096,0.007141217589378357,-0.9181042313575745,48560,2893
0,0.03999999910593033,-0.10000000149011612,9.760000228881836,0.0625,-0.125,0,28.75,-29.75,-18.875,-0.3962460458278656,-0.004760812036693096,0.007141217589378357,-0.9181042313575745,48570,2894
0,0.07000000029802322,-0.07999999821186066,9.760000228881836,0.0625,0.125,0.0625,28.75,-29.75,-18.875,-0.3962460458278656,-0.004760812036693096,0.007141217589378357,-0.9181042313575745,48580,2895
0,0.07000000029802322,-0.09000000357627869,9.739999771118164,0,0.0625,0,28.75,-29.75,-18.875,-0.3962460458278656,-0.004760812036693096,0.007141217589378357,-0.9181042313575745,48590,2896
0,0.05999999865889549,-0.07999999821186066,9.75,-0.0625,0.125,0,28.75,-29.75,-18.875,-0.3962460458278656,-0.004760812036693096,0.007141217589378357,-0.9181042313575745,48600,2897
0,0.03999999910593033,-0.07000000029802322,9.760000228881836,0.0625,-0.0625,0.0625,29.875,-29.75,-18.0625,-0.3962460458278656,-0.004760812036693096,0.007141217589378357,-0.9181042313575745,48610,2898
0,0.05000000074505806,-0.10000000149011612,9.710000038146973,-0.0625,0.1875,-0.125,29.875,-29.75,-18.0625,-0.3962460458278656,-0.004760812036693096,0.007141217589378357,-0.9181042313575745,48620,2899
0,0.03999999910593033,-0.07000000029802322,9.739999771118164,0.0625,0.125,0.125,29.875,-29.75,-18.0625,-0.3962460458278656,-0.004760812036693096,0.007141217589378357,-0.9181042313575745,48630,2900
0,0.03999999910593033,-0.07000000029802322,9.779999732971191,0.125,-0.0625,-0.0625,29.875,-29.75,-18.0625,-0.3962460458278656,-0.004760812036693096,0.007141217589378357,-0.9181042313575745,48640,2901
0,0.03999999910593033,-0.09000000357627869,9.770000457763672,0,-0.125,0.0625,29.875,-29.75,-18.0625,-0.3962460458278656,-0.004760812036693096,0.007141217589378357,-0.9181042313575745,48650,2902
0,0.05999999865889549,-0.09000000357627869,9.739999771118164,0,-0.25,-0.0625,29.1875,-26.375,-18.0625,-0.3962460458278656,-0.004760812036693096,0.007141217589378357,-0.9181042313575745,48660,2903
0,0.07000000029802322,-0.09000000357627869,9.770000457763672,0,0,0.0625,29.1875,-26.375,-18.0625,-0.3962460458278656,-0.004760812036693096,0.007141217589378357,-0.9181042313575745,48670,2904
0,0.05000000074505806,-0.07000000029802322,9.739999771118164,0.0625,-0.25,0.0625,29.1875,-26.375,-18.0625,-0.3962460458278656,-0.004760812036693096,0.007141217589378357,-0.9181042313575745,48680,2905
0,0.07000000029802322,-0.07999999821186066,9.739999771118164,0.0625,-0.125,0.0625,29.1875,-26.375,-18.0625,-0.3962460458278656,-0.004760812036693096,0.007141217589378357,-0.9181042313575745,48690,2906
0,0.05999999865889549,-0.07999999821186066,9.779999732971191,0,-0.125,-0.0625,29.1875,-26.375,-18.0625,-0.3962460458278656,-0.004760812036693096,0.007141217589378357,-0.9181042313575745,48700,2907
0,0.05000000074505806,-0.07999999821186066,9.770000457763672,-0.125,0.0625,0,29.5,-20.75,-18.0625,-0.3962460458278656,-0.004760812036693096,0.007141217589378357,-0.9181042313575745,48710,2908
0,0.05000000074505806,-0.07999999821186066,9.75,0.0625,0.0625,0.0625,29.5,-20.75,-18.0625,-0.3962460458278656,-0.004760812036693096,0.007141217589378357,-0.9181042313575745,48720,2909
0,0.05999999865889549,-0.07000000029802322,9.739999771118164,-0.125,-0.0625,0,29.5,-20.75,-18.0625,-0.3962460458278656,-0.004760812036693096,0.007141217589378357,-0.9181042313575745,48730,2910
0,0.05000000074505806,-0.09000000357627869,9.729999542236328,0.0625,-0.0625,-0.125,29.5,-20.75,-18.0625,-0.3962460458278656,-0.004760812036693096,0.007141217589378357,-0.9181042313575745,48740,2911
0,0.05000000074505806,-0.07000000029802322,9.75,0,0,0,29.5,-20.75,-18.0625,-0.3962460458278656,-0.004760812036693096,0.007141217589378357,-0.9181042313575745,48750,2912
0,0.05000000074505806,-0.05000000074505806,9.760000228881836,0,0,-0.0625,29.875,-29,-18.5,-0.3962460458278656,-0.004760812036693096,0.007141217589378357,-0.9181042313575745,48760,2913
0,0.07000000029802322,-0.09000000357627869,9.760000228881836,0.0625,-0.125,0.0625,29.875,-29,-18.5,-0.3962460458278656,-0.004760812036693096,0.007141217589378357,-0.9181042313575745,48770,2914
0,0.03999999910593033,-0.07999999821186066,9.720000267028809,0,-0.125,-0.0625,29.875,-29,-18.5,-0.3962460458278656,-0.004760812036693096,0.007141217589378357,-0.9181042313575745,48780,2915
0,0.05999999865889549,-0.09000000357627869,9.739999771118164,0.0625,-0.1875,-0.0625,29.875,-29,-18.5,-0.3962460458278656,-0.004760812036693096,0.007141217589378357,-0.9181042313575745,48790,2916
0,0.05999999865889549,-0.07999999821186066,9.739999771118164,0,0.0625,0,29.875,-29,-18.5,-0.3962460458278656,-0.004760812036693096,0.007141217589378357,-0.9181042313575745,48800,2917
0,0.05000000074505806,-0.09000000357627869,9.75,0.125,-0.1875,0.0625,29.5,-29.375,-19.25,-0.3962460458278656,-0.004760812036693096,0.007141217589378357,-0.9181042313575745,48810,2918
0,0.05000000074505806,-0.07000000029802322,9.739999771118164,0.125,-0.1875,0.0625,29.5,-29.375,-19.25,-0.3962460458278656,-0.004760812036693096,0.007141217589378357,-0.9181042313575745,48820,2919
0,0.05999999865889549,-0.07000000029802322,9.729999542236328,0.125,-0.125,0,29.5,-29.375,-19.25,-0.3962460458278656,-0.004760812036693096,0.007141217589378357,-0.9181042313575745,48830,2920
0,0.07000000029802322,-0.05999999865889549,9.770000457763672,0.125,-0.1875,0,29.5,-29.375,-19.25,-0.3962460458278656,-0.004760812036693096,0.007141217589378357,-0.9181042313575745,48840,2921
0,0.03999999910593033,-0.07000000029802322,9.739999771118164,-0.0625,0,-0.0625,29.5,-29.375,-19.25,-0.3962460458278656,-0.004760812036693096,0.007141217589378357,-0.9181042313575745,48850,2922
0,0.05999999865889549,-0.07000000029802322,9.729999542236328,0.0625,-0.0625,0,30.25,-29,-19.25,-0.3962460458278656,-0.004760812036693096,0.007141217589378357,-0.9181042313575745,48860,2923
0,0.03999999910593033,-0.10000000149011612,9.75,0,0,0,30.25,-29,-19.25,-0.3962460458278656,-0.004760812036693096,0.007141217589378357,-0.9181042313575745,48870,2924
0,0.07999999821186066,-0.09000000357627869,9.710000038146973,-0.0625,0,0.0625,30.25,-29,-19.25,-0.3962460458278656,-0.004760812036693096,0.007141217589378357,-0.9181042313575745,48880,2925
0,0.05000000074505806,-0.05999999865889549,9.75,0,0.125,-0.0625,30.25,-29,-19.25,-0.3962460458278656,-0.004760812036693096,0.007141217589378357,-0.9181042313575745,48890,2926
0,0.05999999865889549,-0.07000000029802322,9.760000228881836,0,-0.125,0.0625,30.25,-29,-19.25,-0.3962460458278656,-0.004760812036693096,0.007141217589378357,-0.9181042313575745,48900,2927
0,0.05999999865889549,-0.09000000357627869,9.729999542236328,0.125,-0.1875,-0.125,30.6875,-29,-18.75,-0.3962460458278656,-0.004760812036693096,0.007141217589378357,-0.9181042313575745,48910,2928
0,0.05999999865889549,-0.07999999821186066,9.739999771118164,-0.0625,-0.125,0,30.6875,-29,-18.75,-0.3962460458278656,-0.004760812036693096,0.007141217589378357,-0.9181042313575745,48920,2929
0,0.05999999865889549,-0.09000000357627869,9.720000267028809,0,-0.125,0,30.6875,-29,-18.75,-0.3962460458278656,-0.004760812036693096,0.007141217589378357,-0.9181042313575745,48930,2930
0,0.03999999910593033,-0.10000000149011612,9.75,0,-0.125,0,30.6875,-29,-18.75,-0.3962460458278656,-0.004760812036693096,0.007141217589378357,-0.9181042313575745,48940,2931
0,0.03999999910593033,-0.07000000029802322,9.739999771118164,-0.125,0.0625,0,30.6875,-29,-18.75,-0.3962460458278656,-0.004760812036693096,0.007141217589378357,-0.9181042313575745,48950,2932
0,0.05999999865889549,-0.10000000149011612,9.779999732971191,-0.125,-0.0625,0,30.6875,-28.25,-19.5625,-0.3962460458278656,-0.004760812036693096,0.007141217589378357,-0.9181042313575745,48960,2933
0,0.05999999865889549,-0.07999999821186066,9.739999771118164,0.0625,-0.0625,0,30.6875,-28.25,-19.5625,-0.3962460458278656,-0.004760812036693096,0.007141217589378357,-0.9181042313575745,48970,2934
0,0.05000000074505806,-0.07999999821186066,9.739999771118164,-0.0625,0.0625,-0.0625,30.6875,-28.25,-19.5625,-0.3962460458278656,-0.004760812036693096,0.007141217589378357,-0.9181042313575745,48980,2935
0,0.05000000074505806,-0.07000000029802322,9.75,0,-0.125,0,30.6875,-28.25,-19.5625,-0.3962460458278656,-0.004760812036693096,0.007141217589378357,-0.9181042313575745,48990,2936
0,0.03999999910593033,-0.10000000149011612,9.770000457763672,0.0625,-0.1875,0.125,30.6875,-28.25,-19.5625,-0.3962460458278656,-0.004760812036693096,0.007141217589378357,-0.9181042313575745,49000,2937
0,0.05999999865889549,-0.09000000357627869,9.760000228881836,-0.0625,0,-0.0625,29.875,-27.875,-18.75,-0.3962460458278656,-0.004760812036693096,0.007141217589378357,-0.9181042313575745,49010,2938
0,0.07000000029802322,-0.10000000149011612,9.75,-0.0625,0,0.125,29.875,-27.875,-18.75,-0.3962460458278656,-0.004760812036693096,0.007141217589378357,-0.9181042313575745,49020,2939
0,0.05999999865889549,-0.07999999821186066,9.720000267028809,0.0625,0.0625,0.0625,29.875,-27.875,-18.75,-0.3962460458278656,-0.004760812036693096,0.007141217589378357,-0.9181042313575745,49030,2940
0,0.07000000029802322,-0.07999999821186066,9.729999542236328,0,0.0625,0,29.875,-27.875,-18.75,-0.3962460458278656,-0.004760812036693096,0.007141217589378357,-0.9181042313575745,49040,2941
0,0.05000000074505806,-0.10000000149011612,9.729999542236328,0.125,-0.125,0,29.875,-27.875,-18.75,-0.3962460458278656,-0.004760812036693096,0.007141217589378357,-0.9181042313575745,49050,2942
0,0.07000000029802322,-0.07000000029802322,9.760000228881836,0.125,0.1875,0,29.875,-30.5,-18.75,-0.3962460458278656,-0.004760812036693096,0.007141217589378357,-0.9181042313575745,49060,2943
0,0.07000000029802322,-0.07999999821186066,9.760000228881836,-0.125,0.125,0,29.875,-30.5,-18.75,-0.3962460458278656,-0.004760812036693096,0.007141217589378357,-0.9181042313575745,49070,2944
0,0.05000000074505806,-0.09000000357627869,9.729999542236328,0.125,0,0,29.875,-30.5,-18.75,-0.3962460458278656,-0.004760812036693096,0.007141217589378357,-0.9181042313575745,49080,2945
0,0.05000000074505806,-0.07999999821186066,9.710000038146973,0,0.125,0.0625,29.875,-30.5,-18.75,-0.3962460458278656,-0.004760812036693096,0.007141217589378357,-0.9181042313575745,49090,2946
0,0.05000000074505806,-0.07999999821186066,9.729999542236328,0,0,-0.0625,29.875,-30.5,-18.75,-0.3962460458278656,-0.004760812036693096,0.007141217589378357,-0.9181042313575745,49100,2947
0,0.029999999329447746,-0.07000000029802322,9.75,0,-0.125,0,30.25,-30.5,-19.5625,-0.3962460458278656,-0.004760812036693096,0.007141217589378357,-0.9181042313575745,49110,2948
0,0.03999999910593033,-0.09000000357627869,9.75,0.0625,-0.0625,0.0625,30.25,-30.5,-19.5625,-0.3962460458278656,-0.004760812036693096,0.007141217589378357,-0.9181042313575745,49120,2949
0,0.03999999910593033,-0.07999999821186066,9.710000038146973,0,0.125,0,30.25,-30.5,-19.5625,-0.3962460458278656,-0.004760812036693096,0.007141217589378357,-0.9181042313575745,49130,2950
0,0.05000000074505806,-0.09000000357627869,9.720000267028809,0,0.1875,0,30.25,-30.5,-19.5625,-0.3962460458278656,-0.004760812036693096,0.007141217589378357,-0.9181042313575745,49140,2951
0,0.05999999865889549,-0.07999999821186066,9.760000228881836,-0.125,0.125,0,30.25,-30.5,-19.5625,-0.3962460458278656,-0.004760812036693096,0.007141217589378357,-0.9181042313575745,49150,2952
0,0.05000000074505806,-0.07999999821186066,9.760000228881836,-0.1875,0.125,-0.0625,29.875,-28.6875,-19.5625,-0.3962460458278656,-0.004760812036693096,0.007141217589378357,-0.9181042313575745,49160,2953
0,0.05999999865889549,-0.07999999821186066,9.710000038146973,0.125,0,0,29.875,-28.6875,-19.5625,-0.3962460458278656,-0.004760812036693096,0.007141217589378357,-0.9181042313575745,49170,2954
0,0.05999999865889549,-0.07999999821186066,9.710000038146973,0.125,0,0.0625,29.875,-28.6875,-19.5625,-0.3962460458278656,-0.004760812036693096,0.007141217589378357,-0.9181042313575745,49180,2955
0,0.05000000074505806,-0.07999999821186066,9.720000267028809,0,0,0.0625,29.875,-28.6875,-19.5625,-0.3962460458278656,-0.004760812036693096,0.007141217589378357,-0.9181042313575745,49190,2956
0,0.05000000074505806,-0.09000000357627869,9.75,0.125,-0.0625,-0.0625,29.875,-28.6875,-19.5625,-0.3962460458278656,-0.004760812036693096,0.007141217589378357,-0.9181042313575745,49200,2957
0,0.03999999910593033,-0.07000000029802322,9.75,0,-0.0625,0,29.1875,-30.5,-18.875,-0.3962460458278656,-0.004760812036693096,0.007141217589378357,-0.9181042313575745,49210,2958
0,0.07000000029802322,-0.07999999821186066,9.739999771118164,0.0625,-0.0625,0,29.1875,-30.5,-18.875,-0.3962460458278656,-0.004760812036693096,0.007141217589378357,-0.9181042313575745,49220,2959
0,0.07000000029802322,-0.07999999821186066,9.739999771118164,0,0,-0.0625,29.1875,-30.5,-18.875,-0.3962460458278656,-0.004760812036693096,0.007141217589378357,-0.9181042313575745,49230,2960
0,0.05999999865889549,-0.07999999821186066,9.75,0,-0.0625,0,29.1875,-30.5,-18.875,-0.3962460458278656,-0.004760812036693096,0.007141217589378357,-0.9181042313575745,49240,2961
0,0.05000000074505806,-0.07999999821186066,9.720000267028809,0,0,0.1875,29.1875,-30.5,-18.875,-0.3962460458278656,-0.004760812036693096,0.007141217589378357,-0.9181042313575745,49250,2962
0,0.05000000074505806,-0.07000000029802322,9.760000228881836,0.0625,0.125,0,29.1875,-30.5,-20.0625,-0.3962460458278656,-0.004760812036693096,0.007141217589378357,-0.9181042313575745,49260,2963
0,0.05999999865889549,-0.07000000029802322,9.75,0,0,-0.125,29.1875,-30.5,-20.0625,-0.3962460458278656,-0.004760812036693096,0.007141217589378357,-0.9181042313575745,49270,2964
0,0.05999999865889549,-0.09000000357627869,9.75,0.0625,-0.1875,0,29.1875,-30.5,-20.0625,-0.3962460458278656,-0.004760812036693096,0.007141217589378357,-0.9181042313575745,49280,2965
0,0.03999999910593033,-0.07999999821186066,9.720000267028809,-0.125,-0.0625,0.0625,29.1875,-30.5,-20.0625,-0.3962460458278656,-0.004760812036693096,0.007141217589378357,-0.9181042313575745,49290,2966
0,0.07000000029802322,-0.07999999821186066,9.729999542236328,0,-0.125,0,29.1875,-30.5,-20.0625,-0.3962460458278656,-0.004760812036693096,0.007141217589378357,-0.9181042313575745,49300,2967
0,0.05000000074505806,-0.05999999865889549,9.739999771118164,0.0625,-0.0625,-0.0625,29.5,-26,-18.875,-0.3962460458278656,-0.004760812036693096,0.007141217589378357,-0.9181042313575745,49310,2968
0,0.05000000074505806,-0.07999999821186066,9.770000457763672,0.125,-0.3125,0,29.5,-26,-18.875,-0.3962460458278656,-0.004760812036693096,0.007141217589378357,-0.9181042313575745,49320,2969
0,0.029999999329447746,-0.07000000029802322,9.739999771118164,0.125,-0.25,0,29.5,-26,-18.875,-0.3962460458278656,-0.004760812036693096,0.007141217589378357,-0.9181042313575745,49330,2970
0,0.05999999865889549,-0.10000000149011612,9.75,0,0,-0.0625,29.5,-26,-18.875,-0.3962460458278656,-0.004760812036693096,0.007141217589378357,-0.9181042313575745,49340,2971
0,0.05000000074505806,-0.07000000029802322,9.739999771118164,0.0625,-0.0625,0.0625,29.5,-26,-18.875,-0.3962460458278656,-0.004760812036693096,0.007141217589378357,-0.9181042313575745,49350,2972
0,0.05000000074505806,-0.09000000357627869,9.75,-0.0625,-0.0625,-0.0625,30.6875,-23,-18.875,-0.3962460458278656,-0.004760812036693096,0.007141217589378357,-0.9181042313575745,49360,2973
0,0.05999999865889549,-0.09000000357627869,9.75,0.0625,0.125,0.0625,30.6875,-23,-18.875,-0.3962460458278656,-0.004760812036693096,0.007141217589378357,-0.9181042313575745,49370,2974
0,0.029999999329447746,-0.07000000029802322,9.720000267028809,0.0625,-0.125,0,30.6875,-23,-18.875,-0.3962460458278656,-0.004760812036693096,0.007141217589378357,-0.9181042313575745,49380,2975
0,0.05999999865889549,-0.09000000357627869,9.729999542236328,0.0625,0.0625,0,30.6875,-23,-18.875,-0.3962460458278656,-0.004760812036693096,0.007141217589378357,-0.9181042313575745,49390,2976
0,0.05999999865889549,-0.05999999865889549,9.729999542236328,-0.125,0.1875,-0.0625,30.6875,-23,-18.875,-0.3962460458278656,-0.004760812036693096,0.007141217589378357,-0.9181042313575745,49400,2977
0,0.029999999329447746,-0.09000000357627869,9.720000267028809,-0.125,0.1875,0,31.75,-28.25,-19.25,-0.3962460458278656,-0.004760812036693096,0.007141217589378357,-0.9181042313575745,49410,2978
0,0.05000000074505806,-0.07999999821186066,9.739999771118164,0.0625,0.1875,0,31.75,-28.25,-19.25,-0.3962460458278656,-0.004760812036693096,0.007141217589378357,-0.9181042313575745,49420,2979
0,0.05000000074505806,-0.07000000029802322,9.720000267028809,0,0,-0.125,31.75,-28.25,-19.25,-0.3962460458278656,-0.004760812036693096,0.007141217589378357,-0.9181042313575745,49430,2980
0,0.03999999910593033,-0.07000000029802322,9.739999771118164,0,0.1875,0.0625,31.75,-28.25,-19.25,-0.3962460458278656,-0.004760812036693096,0.007141217589378357,-0.9181042313575745,49440,2981
0,0.03999999910593033,-0.09000000357627869,9.729999542236328,0.0625,-0.0625,0,31.75,-28.25,-19.25,-0.3962460458278656,-0.004760812036693096,0.007141217589378357,-0.9181042313575745,49450,2982
0,0.05999999865889549,-0.07999999821186066,9.729999542236328,0.125,-0.4375,0.0625,29.875,-28.6875,-19.5625,-0.3962460458278656,-0.004760812036693096,0.007141217589378357,-0.9181042313575745,49460,2983
0,0.05000000074505806,-0.07999999821186066,9.75,0,-0.1875,-0.0625,29.875,-28.6875,-19.5625,-0.3962460458278656,-0.004760812036693096,0.007141217589378357,-0.9181042313575745,49470,2984
0,0.07000000029802322,-0.07000000029802322,9.729999542236328,0.125,-0.25,0.0625,29.875,-28.6875,-19.5625,-0.3962460458278656,-0.004760812036693096,0.007141217589378357,-0.9181042313575745,49480,2985
0,0.03999999910593033,-0.07999999821186066,9.720000267028809,0.0625,-0.125,0,29.875,-28.6875,-19.5625,-0.3962460458278656,-0.004760812036693096,0.007141217589378357,-0.9181042313575745,49490,2986
0,0.05000000074505806,-0.09000000357627869,9.75,0,-0.125,0.0625,29.875,-28.6875,-19.5625,-0.3962460458278656,-0.004760812036693096,0.007141217589378357,-0.9181042313575745,49500,2987
0,0.05000000074505806,-0.07000000029802322,9.75,0.0625,-0.125,-0.0625,29.5,-28.25,-17.25,-0.3962460458278656,-0.004760812036693096,0.007141217589378357,-0.9181042313575745,49510,2988
0,0.05999999865889549,-0.07999999821186066,9.75,0.0625,-0.0625,0,29.5,-28.25,-17.25,-0.3962460458278656,-0.004760812036693096,0.007141217589378357,-0.9181042313575745,49520,2989
0,0.05000000074505806,-0.07999999821186066,9.710000038146973,0,0,-0.125,29.5,-28.25,-17.25,-0.3962460458278656,-0.004760812036693096,0.007141217589378357,-0.9181042313575745,49530,2990
0,0.07000000029802322,-0.10999999940395355,9.760000228881836,0.0625,-0.125,0,29.5,-28.25,-17.25,-0.3962460458278656,-0.004760812036693096,0.007141217589378357,-0.9181042313575745,49540,2991
0,0.05999999865889549,-0.07000000029802322,9.739999771118164,0.125,-0.25,0.0625,29.5,-28.25,-17.25,-0.3962460458278656,-0.004760812036693096,0.007141217589378357,-0.9181042313575745,49550,2992
0,0.05999999865889549,-0.05999999865889549,9.770000457763672,0,0,0.125,29.875,-28.6875,-19.25,-0.3962460458278656,-0.004760812036693096,0.007141217589378357,-0.9181042313575745,49560,2993
0,0.05000000074505806,-0.07000000029802322,9.760000228881836,-0.0625,-0.0625,0.0625,29.875,-28.6875,-19.25,-0.3962460458278656,-0.004760812036693096,0.007141217589378357,-0.9181042313575745,49570,2994
0,0.07000000029802322,-0.05999999865889549,9.739999771118164,0.1875,-0.0625,0.125,29.875,-28.6875,-19.25,-0.3962460458278656,-0.004760812036693096,0.007141217589378357,-0.9181042313575745,49580,2995
0,0.05000000074505806,-0.09000000357627869,9.729999542236328,-0.0625,0.1875,0,29.875,-28.6875,-19.25,-0.3962460458278656,-0.004760812036693096,0.007141217589378357,-0.9181042313575745,49590,2996
0,0.05000000074505806,-0.10000000149011612,9.770000457763672,-0.125,0.1875,-0.125,29.875,-28.6875,-19.25,-0.3962460458278656,-0.004760812036693096,0.007141217589378357,-0.9181042313575745,49600,2997
0,0.05999999865889549,-0.09000000357627869,9.75,0.0625,0,0,31,-26.75,-18.75,-0.3962460458278656,-0.004760812036693096,0.007141217589378357,-0.9181042313575745,49610,2998
0,0.029999999329447746,-0.07000000029802322,9.75,0,-0.1875,0,31,-26.75,-18.75,-0.3962460458278656,-0.004760812036693096,0.007141217589378357,-0.9181042313575745,49620,2999
0,0.05000000074505806,-0.05999999865889549,9.710000038146973,0,0,0,31,-26.75,-18.75,-0.3962460458278656,-0.004760812036693096,0.007141217589378357,-0.9181042313575745,49630,3000
0,0.05000000074505806,-0.09000000357627869,9.720000267028809,0,0.125,0.0625,31,-26.75,-18.75,-0.3962460458278656,-0.004760812036693096,0.007141217589378357,-0.9181042313575745,49640,3001
0,0.05999999865889549,-0.07000000029802322,9.75,0,0,0,31,-26.75,-18.75,-0.3962460458278656,-0.004760812036693096,0.007141217589378357,-0.9181042313575745,49650,3002
0,0.05999999865889549,-0.07999999821186066,9.760000228881836,-0.125,0.125,-0.0625,30.6875,-27.875,-19.5625,-0.3962460458278656,-0.004760812036693096,0.007141217589378357,-0.9181042313575745,49660,3003
0,0.05000000074505806,-0.09000000357627869,9.729999542236328,0,0.25,0,30.6875,-27.875,-19.5625,-0.3962460458278656,-0.004760812036693096,0.007141217589378357,-0.9181042313575745,49670,3004
0,0.05999999865889549,-0.07000000029802322,9.729999542236328,0,0.1875,0,30.6875,-27.875,-19.5625,-0.3962460458278656,-0.004760812036693096,0.007141217589378357,-0.9181042313575745,49680,3005
0,0.05000000074505806,-0.07000000029802322,9.75,0,0.0625,-0.0625,30.6875,-27.875,-19.5625,-0.3962460458278656,-0.004760812036693096,0.007141217589378357,-0.9181042313575745,49690,3006
0,0.07999999821186066,-0.07999999821186066,9.75,0,-0.125,0.125,30.6875,-27.875,-19.5625,-0.3962460458278656,-0.004760812036693096,0.007141217589378357,-0.9181042313575745,49700,3007
0,0.05000000074505806,-0.07000000029802322,9.770000457763672,-0.0625,0,0,30.6875,-29.375,-19.25,-0.3962460458278656,-0.004760812036693096,0.007141217589378357,-0.9181042313575745,49710,3008
0,0.03999999910593033,-0.09000000357627869,9.739999771118164,-0.0625,0.0625,0,30.6875,-29.375,-19.25,-0.3962460458278656,-0.004760812036693096,0.007141217589378357,-0.9181042313575745,49720,3009
0,0.05000000074505806,-0.07999999821186066,9.729999542236328,0,0.125,0.0625,30.6875,-29.375,-19.25,-0.3962460458278656,-0.004760812036693096,0.007141217589378357,-0.9181042313575745,49730,3010
0,0.05999999865889549,-0.07999999821186066,9.770000457763672,-0.0625,0.3125,0.0625,30.6875,-29.375,-19.25,-0.3962460458278656,-0.004760812036693096,0.007141217589378357,-0.9181042313575745,49740,3011
0,0.05000000074505806,-0.07999999821186066,9.75,0.0625,0.0625,0.125,30.6875,-29.375,-19.25,-0.3962460458278656,-0.004760812036693096,0.007141217589378357,-0.9181042313575745,49750,3012
0,0.05000000074505806,-0.09000000357627869,9.720000267028809,0,0,0.0625,29.1875,-29,-18.75,-0.3962460458278656,-0.004760812036693096,0.007141217589378357,-0.9181042313575745,49760,3013
0,0.05999999865889549,-0.09000000357627869,9.770000457763672,-0.0625,0.125,0,29.1875,-29,-18.75,-0.3962460458278656,-0.004760812036693096,0.007141217589378357,-0.9181042313575745,49770,3014
0,0.03999999910593033,-0.07999999821186066,9.720000267028809,0,-0.0625,-0.0625,29.1875,-29,-18.75,-0.3962460458278656,-0.004760812036693096,0.007141217589378357,-0.9181042313575745,49780,3015
0,0.07999999821186066,-0.09000000357627869,9.739999771118164,0,-0.3125,0,29.1875,-29,-18.75,-0.3962460458278656,-0.004760812036693096,0.007141217589378357,-0.9181042313575745,49790,3016
0,0.05999999865889549,-0.10000000149011612,9.75,-0.0625,-0.0625,0.0625,29.1875,-29,-18.75,-0.3962460458278656,-0.004760812036693096,0.007141217589378357,-0.9181042313575745,49800,3017
0,0.05999999865889549,-0.09000000357627869,9.75,0.0625,-0.125,0,30.25,-30.5,-18.0625,-0.3962460458278656,-0.004760812036693096,0.007141217589378357,-0.9181042313575745,49810,3018
0,0.05000000074505806,-0.07999999821186066,9.720000267028809,0,0.0625,0,30.25,-30.5,-18.0625,-0.3962460458278656,-0.004760812036693096,0.007141217589378357,-0.9181042313575745,49820,3019
0,0.05000000074505806,-0.07999999821186066,9.739999771118164,0.0625,-0.125,0,30.25,-30.5,-18.0625,-0.3962460458278656,-0.004760812036693096,0.007141217589378357,-0.9181042313575745,49830,3020
0,0.05999999865889549,-0.10000000149011612,9.729999542236328,0,-0.1875,-0.0625,30.25,-30.5,-18.0625,-0.3962460458278656,-0.004760812036693096,0.007141217589378357,-0.9181042313575745,49840,3021
0,0.05999999865889549,-0.07999999821186066,9.760000228881836,0.0625,-0.0625,0.0625,30.25,-30.5,-18.0625,-0.3962460458278656,-0.004760812036693096,0.007141217589378357,-0.9181042313575745,49850,3022
0,0.05999999865889549,-0.10000000149011612,9.739999771118164,0.0625,-0.125,0.0625,29.875,-30.1875,-18.0625,-0.3962460458278656,-0.004760812036693096,0.007141217589378357,-0.9181042313575745,49860,3023
0,0.03999999910593033,-0.10000000149011612,9.739999771118164,-0.125,0.1875,0,29.875,-30.1875,-18.0625,-0.3962460458278656,-0.004760812036693096,0.007141217589378357,-0.9181042313575745,49870,3024
0,0.05999999865889549,-0.07999999821186066,9.729999542236328,-0.0625,-0.1875,0.1875,29.875,-30.1875,-18.0625,-0.3962460458278656,-0.004760812036693096,0.007141217589378357,-0.9181042313575745,49880,3025
0,0.05999999865889549,-0.07999999821186066,9.75,0.0625,0.0625,0.0625,29.875,-30.1875,-18.0625,-0.3962460458278656,-0.004760812036693096,0.007141217589378357,-0.9181042313575745,49890,3026
0,0.05000000074505806,-0.09000000357627869,9.75,0.0625,-0.125,0.0625,29.875,-30.1875,-18.0625,-0.3962460458278656,-0.004760812036693096,0.007141217589378357,-0.9181042313575745,49900,3027
0,0.05000000074505806,-0.07999999821186066,9.75,-0.0625,0,-0.125,28.75,-30.1875,-20.0625,-0.3962460458278656,-0.004760812036693096,0.007141217589378357,-0.9181042313575745,49910,3028
0,0.05000000074505806,-0.10000000149011612,9.739999771118164,0.0625,0,0,28.75,-30.1875,-20.0625,-0.3962460458278656,-0.004760812036693096,0.007141217589378357,-0.9181042313575745,49920,3029
0,0.05000000074505806,-0.09000000357627869,9.75,-0.0625,-0.0625,0.0625,28.75,-30.1875,-20.0625,-0.3962460458278656,-0.004760812036693096,0.007141217589378357,-0.9181042313575745,49930,3030
0,0.05000000074505806,-0.07000000029802322,9.720000267028809,-0.0625,-0.0625,0.0625,28.75,-30.1875,-20.0625,-0.3962460458278656,-0.004760812036693096,0.007141217589378357,-0.9181042313575745,49940,3031
0,0.07000000029802322,-0.07999999821186066,9.770000457763672,0.1875,-0.0625,0.0625,28.75,-30.1875,-20.0625,-0.3962460458278656,-0.004760812036693096,0.007141217589378357,-0.9181042313575745,49950,3032
0,0.05000000074505806,-0.07999999821186066,9.770000457763672,0.0625,-0.25,0,29.875,-26,-19.5625,-0.3962460458278656,-0.004760812036693096,0.007141217589378357,-0.9181042313575745,49960,3033
0,0.03999999910593033,-0.10000000149011612,9.75,0,0,0.0625,29.875,-26,-19.5625,-0.3962460458278656,-0.004760812036693096,0.007141217589378357,-0.9181042313575745,49970,3034
0,0.05000000074505806,-0.07999999821186066,9.729999542236328,0.0625,-0.0625,-0.0625,29.875,-26,-19.5625,-0.3962460458278656,-0.004760812036693096,0.007141217589378357,-0.9181042313575745,49980,3035
0,0.07000000029802322,-0.07999999821186066,9.739999771118164,0.0625,-0.25,0.125,29.875,-26,-19.5625,-0.3962460458278656,-0.004760812036693096,0.007141217589378357,-0.9181042313575745,49990,3036
0,0.029999999329447746,-0.07999999821186066,9.729999542236328,0,-0.125,0,29.875,-26,-19.5625,-0.3962460458278656,-0.004760812036693096,0.007141217589378357,-0.9181042313575745,50000,3037
0,0.029999999329447746,-0.09000000357627869,9.739999771118164,0.0625,0,0,30.25,-29.75,-20.0625,-0.3962460458278656,-0.004760812036693096,0.007141217589378357,-0.9181042313575745,50010,3038
0,0.03999999910593033,-0.07000000029802322,9.720000267028809,0,-0.0625,0,30.25,-29.75,-20.0625,-0.3962460458278656,-0.004760812036693096,0.007141217589378357,-0.9181042313575745,50020,3039
0,0.07000000029802322,-0.05999999865889549,9.729999542236328,0,0.125,-0.0625,30.25,-29.75,-20.0625,-0.3962460458278656,-0.004760812036693096,0.007141217589378357,-0.9181042313575745,50030,3040
0,0.03999999910593033,-0.07999999821186066,9.75,0,-0.0625,-0.0625,30.25,-29.75,-20.0625,-0.3962460458278656,-0.004760812036693096,0.007141217589378357,-0.9181042313575745,50040,3041
0,0.05000000074505806,-0.07000000029802322,9.729999542236328,-0.0625,-0.0625,0,30.25,-29.75,-20.0625,-0.3962460458278656,-0.004760812036693096,0.007141217589378357,-0.9181042313575745,50050,3042
0,0.05999999865889549,-0.09000000357627869,9.760000228881836,-0.0625,0.0625,0,30.25,-25.6875,-18.875,-0.3962460458278656,-0.004760812036693096,0.007141217589378357,-0.9181042313575745,50060,3043
0,0.05999999865889549,-0.07000000029802322,9.739999771118164,0.0625,0,0.0625,30.25,-25.6875,-18.875,-0.3962460458278656,-0.004760812036693096,0.007141217589378357,-0.9181042313575745,50070,3044
0,0.05999999865889549,-0.07999999821186066,9.739999771118164,-0.125,0.1875,-0.0625,30.25,-25.6875,-18.875,-0.3962460458278656,-0.004760812036693096,0.007141217589378357,-0.9181042313575745,50080,3045
0,0.05000000074505806,-0.09000000357627869,9.720000267028809,0,0.0625,0,30.25,-25.6875,-18.875,-0.3962460458278656,-0.004760812036693096,0.007141217589378357,-0.9181042313575745,50090,3046
0,0.05000000074505806,-0.07999999821186066,9.75,0.125,0.0625,-0.0625,30.25,-25.6875,-18.875,-0.3962460458278656,-0.004760812036693096,0.007141217589378357,-0.9181042313575745,50100,3047
0,0.03999999910593033,-0.09000000357627869,9.75,0,-0.0625,0.0625,31,-28.25,-19.25,-0.3962460458278656,-0.004760812036693096,0.007141217589378357,-0.9181042313575745,50111,3048
0,0.03999999910593033,-0.10000000149011612,9.770000457763672,0,-0.1875,0.0625,31,-28.25,-19.25,-0.3962460458278656,-0.004760812036693096,0.007141217589378357,-0.9181042313575745,50121,3049
0,0.05999999865889549,-0.10000000149011612,9.739999771118164,0.0625,-0.1875,0.0625,31,-28.25,-19.25,-0.3962460458278656,-0.004760812036693096,0.007141217589378357,-0.9181042313575745,50131,3050
0,0.07000000029802322,-0.09000000357627869,9.720000267028809,0.0625,-0.1875,0.0625,31,-28.25,-19.25,-0.3962460458278656,-0.004760812036693096,0.007141217589378357,-0.9181042313575745,50140,3051
0,0.05000000074505806,-0.05999999865889549,9.760000228881836,0.0625,-0.1875,-0.0625,31,-28.25,-19.25,-0.3962460458278656,-0.004760812036693096,0.007141217589378357,-0.9181042313575745,50150,3052
0,0.05999999865889549,-0.07999999821186066,9.739999771118164,0.125,-0.1875,0.125,31,-28.6875,-18.75,-0.3962460458278656,-0.004760812036693096,0.007141217589378357,-0.9181042313575745,50161,3053
0,0.05000000074505806,-0.07999999821186066,9.779999732971191,0.125,-0.1875,0.125,31,-28.6875,-18.75,-0.3962460458278656,-0.004760812036693096,0.007141217589378357,-0.9181042313575745,50171,3054
0,0.07000000029802322,-0.09000000357627869,9.729999542236328,-0.0625,0.125,0,31,-28.6875,-18.75,-0.3962460458278656,-0.004760812036693096,0.007141217589378357,-0.9181042313575745,50181,3055
0,0.05999999865889549,-0.07000000029802322,9.760000228881836,0.0625,-0.1875,-0.125,31,-28.6875,-18.75,-0.3962460458278656,-0.004760812036693096,0.007141217589378357,-0.9181042313575745,50191,3056
0,0.03999999910593033,-0.09000000357627869,9.75,0.25,-0.0625,-0.0625,31,-28.6875,-18.75,-0.3962460458278656,-0.004760812036693096,0.007141217589378357,-0.9181042313575745,50200,3057
0,0.05000000074505806,-0.09000000357627869,9.75,0.125,0,0.0625,29.875,-27.875,-20.5,-0.3962460458278656,-0.004760812036693096,0.007141217589378357,-0.9181042313575745,50211,3058
0,0.07000000029802322,-0.09000000357627869,9.75,0.125,-0.125,0,29.875,-27.875,-20.5,-0.3962460458278656,-0.004760812036693096,0.007141217589378357,-0.9181042313575745,50221,3059
0,0.05999999865889549,-0.09000000357627869,9.720000267028809,0.0625,0,0.125,29.875,-27.875,-20.5,-0.3962460458278656,-0.004760812036693096,0.007141217589378357,-0.9181042313575745,50231,3060
0,0.05000000074505806,-0.07999999821186066,9.729999542236328,-0.0625,0.0625,-0.125,29.875,-27.875,-20.5,-0.3962460458278656,-0.004760812036693096,0.007141217589378357,-0.9181042313575745,50240,3061
0,0.05000000074505806,-0.09000000357627869,9.710000038146973,-0.0625,0,0.0625,29.875,-27.875,-20.5,-0.3962460458278656,-0.004760812036693096,0.007141217589378357,-0.9181042313575745,50250,3062
0,0.05000000074505806,-0.10000000149011612,9.760000228881836,-0.0625,0,0.0625,29.875,-27.875,-18.0625,-0.3962460458278656,-0.004760812036693096,0.007141217589378357,-0.9181042313575745,50261,3063
0,0.05000000074505806,-0.05000000074505806,9.710000038146973,0.125,0,0,29.875,-27.875,-18.0625,-0.3962460458278656,-0.004760812036693096,0.007141217589378357,-0.9181042313575745,50271,3064
0,0.05000000074505806,-0.07999999821186066,9.75,0,0.0625,0,29.875,-27.875,-18.0625,-0.3962460458278656,-0.004760812036693096,0.007141217589378357,-0.9181042313575745,50281,3065
0,0.05000000074505806,-0.10000000149011612,9.710000038146973,0.0625,0.125,0,29.875,-27.875,-18.0625,-0.3962460458278656,-0.004760812036693096,0.007141217589378357,-0.9181042313575745,50291,3066
0,0.029999999329447746,-0.07000000029802322,9.739999771118164,0.0625,-0.125,0.0625,29.875,-27.875,-18.0625,-0.3962460458278656,-0.004760812036693096,0.007141217589378357,-0.9181042313575745,50300,3067
0,0.05999999865889549,-0.09000000357627869,9.760000228881836,0.0625,0.0625,-0.125,29.1875,-27.5,-20.0625,-0.3962460458278656,-0.004760812036693096,0.007141217589378357,-0.9181042313575745,50311,3068
0,0.07000000029802322,-0.07999999821186066,9.75,0.0625,0.1875,0,29.1875,-27.5,-20.0625,-0.3962460458278656,-0.004760812036693096,0.007141217589378357,-0.9181042313575745,50321,3069
0,0.05000000074505806,-0.07999999821186066,9.760000228881836,0,-0.0625,0.125,29.1875,-27.5,-20.0625,-0.3962460458278656,-0.004760812036693096,0.007141217589378357,-0.9181042313575745,50331,3070
0,0.05999999865889549,-0.07999999821186066,9.75,0,0.125,0,29.1875,-27.5,-20.0625,-0.3962460458278656,-0.004760812036693096,0.007141217589378357,-0.9181042313575745,50340,3071
0,0.03999999910593033,-0.07999999821186066,9.739999771118164,0,-0.125,0.125,29.1875,-27.5,-20.0625,-0.3962460458278656,-0.004760812036693096,0.007141217589378357,-0.9181042313575745,50350,3072
0,0.05000000074505806,-0.09000000357627869,9.739999771118164,0,-0.125,-0.125,29.5,-27.875,-20.5,-0.3962460458278656,-0.004760812036693096,0.007141217589378357,-0.9181042313575745,50361,3073
0,0.05999999865889549,-0.07999999821186066,9.75,0.125,0,0.0625,29.5,-27.875,-20.5,-0.3962460458278656,-0.004760812036693096,0.007141217589378357,-0.9181042313575745,50371,3074
0,0.07000000029802322,-0.07999999821186066,9.75,0,0,-0.125,29.5,-27.875,-20.5,-0.3962460458278656,-0.004760812036693096,0.007141217589378357,-0.9181042313575745,50381,3075
0,0.05999999865889549,-0.07999999821186066,9.760000228881836,-0.0625,0.0625,0,29.5,-27.875,-20.5,-0.3962460458278656,-0.004760812036693096,0.007141217589378357,-0.9181042313575745,50391,3076
0,0.05000000074505806,-0.10000000149011612,9.729999542236328,-0.0625,0.0625,0.0625,29.5,-27.875,-20.5,-0.3962460458278656,-0.004760812036693096,0.007141217589378357,-0.9181042313575745,50400,3077
0,0.07000000029802322,-0.07000000029802322,9.75,0.125,0.125,-0.0625,30.25,-27.875,-18.75,-0.3962460458278656,-0.004760812036693096,0.007141217589378357,-0.9181042313575745,50411,3078
0,0.05000000074505806,-0.07000000029802322,9.779999732971191,-0.0625,0.1875,-0.0625,30.25,-27.875,-18.75,-0.3962460458278656,-0.004760812036693096,0.007141217589378357,-0.9181042313575745,50421,3079
0,0.05999999865889549,-0.09000000357627869,9.75,-0.125,0.125,0,30.25,-27.875,-18.75,-0.3962460458278656,-0.004760812036693096,0.007141217589378357,-0.9181042313575745,50431,3080
0,0.05999999865889549,-0.10000000149011612,9.729999542236328,0.0625,-0.1875,0,30.25,-27.875,-18.75,-0.3962460458278656,-0.004760812036693096,0.007141217589378357,-0.9181042313575745,50440,3081
0,0.05000000074505806,-0.07999999821186066,9.760000228881836,0,0,0.0625,30.25,-27.875,-18.75,-0.3962460458278656,-0.004760812036693096,0.007141217589378357,-0.9181042313575745,50450,3082
0,0.05999999865889549,-0.10000000149011612,9.75,-0.125,-0.0625,0,29.5,-26.75,-18.75,-0.3962460458278656,-0.004760812036693096,0.007141217589378357,-0.9181042313575745,50461,3083
0,0.05000000074505806,-0.07999999821186066,9.739999771118164,-0.0625,0.125,-0.0625,29.5,-26.75,-18.75,-0.3962460458278656,-0.004760812036693096,0.007141217589378357,-0.9181042313575745,50471,3084
0,0.05000000074505806,-0.05000000074505806,9.729999542236328,0.0625,-0.0625,0.1875,29.5,-26.75,-18.75,-0.3962460458278656,-0.004760812036693096,0.007141217589378357,-0.9181042313575745,50481,3085
0,0.05000000074505806,-0.09000000357627869,9.760000228881836,0.1875,-0.25,0.0625,29.5,-26.75,-18.75,-0.3962460458278656,-0.004760812036693096,0.007141217589378357,-0.9181042313575745,50491,3086
0,0.05999999865889549,-0.07999999821186066,9.75,0.0625,0,-0.0625,29.5,-26.75,-18.75,-0.3962460458278656,-0.004760812036693096,0.007141217589378357,-0.9181042313575745,50500,3087
0,0.05999999865889549,-0.09000000357627869,9.729999542236328,0,0.25,0.0625,30.25,-28.25,-18.75,-0.3962460458278656,-0.004760812036693096,0.007141217589378357,-0.9181042313575745,50512,3088
0,0.05000000074505806,-0.07999999821186066,9.739999771118164,0.0625,0.0625,0,30.25,-28.25,-18.75,-0.3962460458278656,-0.004760812036693096,0.007141217589378357,-0.9181042313575745,50521,3089
0,0.03999999910593033,-0.07999999821186066,9.729999542236328,0.0625,-0.0625,0,30.25,-28.25,-18.75,-0.3962460458278656,-0.004760812036693096,0.007141217589378357,-0.9181042313575745,50532,3090
0,0.05000000074505806,-0.09000000357627869,9.720000267028809,-0.0625,0.0625,0,30.25,-28.25,-18.75,-0.3962460458278656,-0.004760812036693096,0.007141217589378357,-0.9181042313575745,50540,3091
0,0.05999999865889549,-0.10000000149011612,9.75,0.0625,0,-0.0625,30.25,-28.25,-18.75,-0.3962460458278656,-0.004760812036693096,0.007141217589378357,-0.9181042313575745,50550,3092
0,0.05000000074505806,-0.09000000357627869,9.760000228881836,-0.0625,-0.25,0,30.6875,-28.6875,-19.5625,-0.3962460458278656,-0.004760812036693096,0.007141217589378357,-0.9181042313575745,50561,3093
0,0.03999999910593033,-0.05999999865889549,9.729999542236328,-0.0625,0.0625,0,30.6875,-28.6875,-19.5625,-0.3962460458278656,-0.004760812036693096,0.007141217589378357,-0.9181042313575745,50571,3094
0,0.05000000074505806,-0.09000000357627869,9.710000038146973,0.0625,0,0,30.6875,-28.6875,-19.5625,-0.3962460458278656,-0.004760812036693096,0.007141217589378357,-0.9181042313575745,50581,3095
0,0.03999999910593033,-0.07999999821186066,9.760000228881836,0.125,-0.125,-0.0625,30.6875,-28.6875,-19.5625,-0.3962460458278656,-0.004760812036693096,0.007141217589378357,-0.9181042313575745,50592,3096
0,0.05000000074505806,-0.10000000149011612,9.760000228881836,0,-0.1875,0.125,30.6875,-28.6875,-19.5625,-0.3962460458278656,-0.004760812036693096,0.007141217589378357,-0.9181042313575745,50600,3097
0,0.07999999821186066,-0.07000000029802322,9.739999771118164,0.125,-0.1875,-0.125,29.5,-28.25,-18.5,-0.3962460458278656,-0.004760812036693096,0.007141217589378357,-0.9181042313575745,50612,3098
0,0.05000000074505806,-0.09000000357627869,9.75,0.125,0,0,29.5,-28.25,-18.5,-0.3962460458278656,-0.004760812036693096,0.007141217589378357,-0.9181042313575745,50622,3099
0,0.05000000074505806,-0.10000000149011612,9.729999542236328,0.0625,-0.125,0.0625,29.5,-28.25,-18.5,-0.3962460458278656,-0.004760812036693096,0.007141217589378357,-0.9181042313575745,50632,3100
0,0.05000000074505806,-0.09000000357627869,9.75,0,-0.1875,0.0625,29.5,-28.25,-18.5,-0.3962460458278656,-0.004760812036693096,0.007141217589378357,-0.9181042313575745,50641,3101
0,0.029999999329447746,-0.07000000029802322,9.75,0.125,-0.1875,0,29.5,-28.25,-18.5,-0.3962460458278656,-0.004760812036693096,0.007141217589378357,-0.9181042313575745,50650,3102
0,0.05000000074505806,-0.09000000357627869,9.729999542236328,0.0625,-0.1875,0.0625,29.875,-28.6875,-18.5,-0.3962460458278656,-0.004760812036693096,0.007141217589378357,-0.9181042313575745,50662,3103
0,0.05999999865889549,-0.07000000029802322,9.75,0.125,0,0,29.875,-28.6875,-18.5,-0.3962460458278656,-0.004760812036693096,0.007141217589378357,-0.9181042313575745,50672,3104
0,0.05000000074505806,-0.07999999821186066,9.75,0,0.1875,0,29.875,-28.6875,-18.5,-0.3962460458278656,-0.004760812036693096,0.007141217589378357,-0.9181042313575745,50682,3105
0,0.05999999865889549,-0.09000000357627869,9.729999542236328,0.0625,0,0.0625,29.875,-28.6875,-18.5,-0.3962460458278656,-0.004760812036693096,0.007141217589378357,-0.9181042313575745,50692,3106
0,0.05999999865889549,-0.07000000029802322,9.739999771118164,-0.0625,0.0625,0,29.875,-28.6875,-18.5,-0.3962460458278656,-0.004760812036693096,0.007141217589378357,-0.9181042313575745,50700,3107
0,0.03999999910593033,-0.10000000149011612,9.760000228881836,-0.0625,0.125,-0.0625,29.875,-29,-19.25,-0.3962460458278656,-0.004760812036693096,0.007141217589378357,-0.9181042313575745,50712,3108
0,0.029999999329447746,-0.07000000029802322,9.739999771118164,0.0625,-0.0625,0,29.875,-29,-19.25,-0.3962460458278656,-0.004760812036693096,0.007141217589378357,-0.9181042313575745,50722,3109
0,0.07000000029802322,-0.09000000357627869,9.729999542236328,-0.0625,0.0625,-0.0625,29.875,-29,-19.25,-0.3962460458278656,-0.004760812036693096,0.007141217589378357,-0.9181042313575745,50732,3110
0,0.05000000074505806,-0.07999999821186066,9.739999771118164,0,0.0625,0,29.875,-29,-19.25,-0.3962460458278656,-0.004760812036693096,0.007141217589378357,-0.9181042313575745,50741,3111
0,0.05999999865889549,-0.05999999865889549,9.760000228881836,0.0625,0.0625,0.0625,29.875,-29,-19.25,-0.3962460458278656,-0.004760812036693096,0.007141217589378357,-0.9181042313575745,50750,3112
0,0.05000000074505806,-0.07999999821186066,9.739999771118164,0.0625,0.125,-0.0625,31,-28.6875,-19.25,-0.3962460458278656,-0.004760812036693096,0.007141217589378357,-0.9181042313575745,50762,3113
0,0.05999999865889549,-0.07999999821186066,9.770000457763672,0.0625,0.0625,0.0625,31,-28.6875,-19.25,-0.3962460458278656,-0.004760812036693096,0.007141217589378357,-0.9181042313575745,50772,3114
0,0.05999999865889549,-0.10000000149011612,9.720000267028809,0.0625,0,0,31,-28.6875,-19.25,-0.3962460458278656,-0.004760812036693096,0.007141217589378357,-0.9181042313575745,50782,3115
0,0.05000000074505806,-0.09000000357627869,9.739999771118164,0.1875,-0.0625,0.0625,31,-28.6875,-19.25,-0.3962460458278656,-0.004760812036693096,0.007141217589378357,-0.9181042313575745,50792,3116
0,0.05000000074505806,-0.07999999821186066,9.729999542236328,0.0625,0.125,-0.0625,31,-28.6875,-19.25,-0.3962460458278656,-0.004760812036693096,0.007141217589378357,-0.9181042313575745,50800,3117
0,0.03999999910593033,-0.07000000029802322,9.739999771118164,0,0.0625,0,29.5,-25.6875,-18.5,-0.3962460458278656,-0.004760812036693096,0.007141217589378357,-0.9181042313575745,50812,3118
0,0.05999999865889549,-0.05999999865889549,9.729999542236328,0.125,-0.125,0.125,29.5,-25.6875,-18.5,-0.3962460458278656,-0.004760812036693096,0.007141217589378357,-0.9181042313575745,50822,3119
0,0.03999999910593033,-0.07999999821186066,9.75,0,-0.1875,0,29.5,-25.6875,-18.5,-0.3962460458278656,-0.004760812036693096,0.007141217589378357,-0.9181042313575745,50832,3120
0,0.05999999865889549,-0.05999999865889549,9.75,0.0625,0.0625,0,29.5,-25.6875,-18.5,-0.3962460458278656,-0.004760812036693096,0.007141217589378357,-0.9181042313575745,50841,3121
0,0.07000000029802322,-0.07999999821186066,9.739999771118164,0,-0.0625,0.125,29.5,-25.6875,-18.5,-0.3962460458278656,-0.004760812036693096,0.007141217589378357,-0.9181042313575745,50850,3122
0,0.07000000029802322,-0.09000000357627869,9.75,0.0625,-0.125,0,29.1875,-27.875,-19.25,-0.3962460458278656,-0.004760812036693096,0.007141217589378357,-0.9181042313575745,50862,3123
0,0.05999999865889549,-0.07000000029802322,9.760000228881836,0,0.125,0,29.1875,-27.875,-19.25,-0.3962460458278656,-0.004760812036693096,0.007141217589378357,-0.9181042313575745,50872,3124
0,0.05000000074505806,-0.09000000357627869,9.75,-0.0625,0.125,-0.0625,29.1875,-27.875,-19.25,-0.3962460458278656,-0.004760812036693096,0.007141217589378357,-0.9181042313575745,50882,3125
0,0.05000000074505806,-0.10000000149011612,9.760000228881836,0.0625,-0.0625,0,29.1875,-27.875,-19.25,-0.3962460458278656,-0.004760812036693096,0.007141217589378357,-0.9181042313575745,50892,3126
0,0.07999999821186066,-0.09000000357627869,9.75,0,0,0.125,29.1875,-27.875,-19.25,-0.3962460458278656,-0.004760812036693096,0.007141217589378357,-0.9181042313575745,50900,3127
0,0.05000000074505806,-0.09000000357627869,9.770000457763672,0.0625,-0.125,0.0625,29.5,-27.1875,-18.0625,-0.3962460458278656,-0.004760812036693096,0.007141217589378357,-0.9181042313575745,50912,3128
0,0.03999999910593033,-0.07000000029802322,9.75,-0.0625,0.1875,0,29.5,-27.1875,-18.0625,-0.3962460458278656,-0.004760812036693096,0.007141217589378357,-0.9181042313575745,50922,3129
0,0.05999999865889549,-0.07000000029802322,9.710000038146973,-0.0625,0.125,0,29.5,-27.1875,-18.0625,-0.3962460458278656,-0.004760812036693096,0.007141217589378357,-0.9181042313575745,50932,3130
0,0.05000000074505806,-0.05999999865889549,9.75,-0.0625,0.0625,0,29.5,-27.1875,-18.0625,-0.3962460458278656,-0.004760812036693096,0.007141217589378357,-0.9181042313575745,50941,3131
0,0.05000000074505806,-0.07999999821186066,9.739999771118164,0.125,0.1875,-0.0625,29.5,-27.1875,-18.0625,-0.3962460458278656,-0.004760812036693096,0.007141217589378357,-0.9181042313575745,50950,3132
0,0.029999999329447746,-0.05999999865889549,9.75,0,0.125,0.0625,30.25,-27.1875,-19.5625,-0.3962460458278656,-0.004760812036693096,0.007141217589378357,-0.9181042313575745,50962,3133
0,0.03999999910593033,-0.09000000357627869,9.770000457763672,0.0625,-0.125,-0.125,30.25,-27.1875,-19.5625,-0.3962460458278656,-0.004760812036693096,0.007141217589378357,-0.9181042313575745,50972,3134
0,0.029999999329447746,-0.07000000029802322,9.729999542236328,0.0625,-0.125,-0.0625,30.25,-27.1875,-19.5625,-0.3962460458278656,-0.004760812036693096,0.007141217589378357,-0.9181042313575745,50982,3135
0,0.05000000074505806,-0.07000000029802322,9.720000267028809,0,0.0625,-0.0625,30.25,-27.1875,-19.5625,-0.3962460458278656,-0.004760812036693096,0.007141217589378357,-0.9181042313575745,50992,3136
0,0.03999999910593033,-0.09000000357627869,9.760000228881836,0.125,0,0.0625,30.25,-27.1875,-19.5625,-0.3962460458278656,-0.004760812036693096,0.007141217589378357,-0.9181042313575745,51000,3137
0,0.05000000074505806,-0.07999999821186066,9.739999771118164,0.0625,0.125,0,30.25,-27.1875,-18.875,-0.3962460458278656,-0.004760812036693096,0.007141217589378357,-0.9181042313575745,51013,3138
0,0.05999999865889549,-0.09000000357627869,9.739999771118164,0,-0.0625,-0.0625,30.25,-27.1875,-18.875,-0.3962460458278656,-0.004760812036693096,0.007141217589378357,-0.9181042313575745,51022,3139
0,0.05999999865889549,-0.09000000357627869,9.720000267028809,0.0625,0.0625,0,30.25,-27.1875,-18.875,-0.3962460458278656,-0.004760812036693096,0.007141217589378357,-0.9181042313575745,51033,3140
0,0.05999999865889549,-0.09000000357627869,9.75,-0.0625,0.1875,0,30.25,-27.1875,-18.875,-0.3962460458278656,-0.004760812036693096,0.007141217589378357,-0.9181042313575745,51042,3141
0,0.05999999865889549,-0.10000000149011612,9.770000457763672,0,0.3125,-0.125,30.25,-27.1875,-18.875,-0.3962460458278656,-0.004760812036693096,0.007141217589378357,-0.9181042313575745,51050,3142
0,0.03999999910593033,-0.09000000357627869,9.770000457763672,-0.125,-0.0625,0.0625,29.5,-26.375,-17.5625,-0.3962460458278656,-0.004760812036693096,0.007141217589378357,-0.9181042313575745,51063,3143
0,0.05999999865889549,-0.09000000357627869,9.760000228881836,-0.125,0,-0.0625,29.5,-26.375,-17.5625,-0.3962460458278656,-0.004760812036693096,0.007141217589378357,-0.9181042313575745,51073,3144
0,0.029999999329447746,-0.07999999821186066,9.739999771118164,0.125,0,-0.0625,29.5,-26.375,-17.5625,-0.3962460458278656,-0.004760812036693096,0.007141217589378357,-0.9181042313575745,51083,3145
0,0.05999999865889549,-0.10000000149011612,9.770000457763672,0.0625,-0.0625,0.125,29.5,-26.375,-17.5625,-0.3962460458278656,-0.004760812036693096,0.007141217589378357,-0.9181042313575745,51093,3146
0,0.03999999910593033,-0.09000000357627869,9.760000228881836,0.1875,-0.0625,0.125,29.5,-26.375,-17.5625,-0.3962460458278656,-0.004760812036693096,0.007141217589378357,-0.9181042313575745,51100,3147
0,0.05999999865889549,-0.07999999821186066,9.770000457763672,0.0625,0.1875,0,30.25,-27.5,-20.0625,-0.3962460458278656,-0.004760812036693096,0.007141217589378357,-0.9181042313575745,51113,3148
0,0.05999999865889549,-0.07000000029802322,9.729999542236328,0,0.0625,0,30.25,-27.5,-20.0625,-0.3962460458278656,-0.004760812036693096,0.007141217589378357,-0.9181042313575745,51123,3149
0,0.019999999552965164,-0.07999999821186066,9.720000267028809,0.125,0,-0.0625,30.25,-27.5,-20.0625,-0.3962460458278656,-0.004760812036693096,0.007141217589378357,-0.9181042313575745,51133,3150
0,0.05000000074505806,-0.07000000029802322,9.75,-0.0625,0.125,0.0625,30.25,-27.5,-20.0625,-0.3962460458278656,-0.004760812036693096,0.007141217589378357,-0.9181042313575745,51142,3151
0,0.05000000074505806,-0.07999999821186066,9.739999771118164,-0.1875,0.0625,-0.125,30.25,-27.5,-20.0625,-0.3962460458278656,-0.004760812036693096,0.007141217589378357,-0.9181042313575745,51150,3152
0,0.05999999865889549,-0.09000000357627869,9.75,0,0.0625,0,28.75,-27.5,-18.75,-0.3962460458278656,-0.004760812036693096,0.007141217589378357,-0.9181042313575745,51163,3153
0,0.05000000074505806,-0.09000000357627869,9.760000228881836,0,-0.1875,0.0625,28.75,-27.5,-18.75,-0.3962460458278656,-0.004760812036693096,0.007141217589378357,-0.9181042313575745,51173,3154
0,0.05000000074505806,-0.07000000029802322,9.720000267028809,0,0.0625,0.0625,28.75,-27.5,-18.75,-0.3962460458278656,-0.004760812036693096,0.007141217589378357,-0.9181042313575745,51183,3155
0,0.05999999865889549,-0.07999999821186066,9.739999771118164,-0.0625,-0.0625,0,28.75,-27.5,-18.75,-0.3962460458278656,-0.004760812036693096,0.007141217589378357,-0.9181042313575745,51193,3156
0,0.05000000074505806,-0.10000000149011612,9.729999542236328,0.0625,-0.125,0.0625,28.75,-27.5,-18.75,-0.3962460458278656,-0.004760812036693096,0.007141217589378357,-0.9181042313575745,51200,3157
0,0.05000000074505806,-0.09000000357627869,9.75,0,-0.0625,0,30.25,-27.875,-18.75,-0.3962460458278656,-0.004760812036693096,0.007141217589378357,-0.9181042313575745,51213,3158
0,0.05000000074505806,-0.07000000029802322,9.75,-0.0625,-0.0625,-0.0625,30.25,-27.875,-18.75,-0.3962460458278656,-0.004760812036693096,0.007141217589378357,-0.9181042313575745,51223,3159
0,0.05000000074505806,-0.07000000029802322,9.729999542236328,0.125,-0.0625,0.0625,30.25,-27.875,-18.75,-0.3962460458278656,-0.004760812036693096,0.007141217589378357,-0.9181042313575745,51233,3160
0,0.07000000029802322,-0.09000000357627869,9.739999771118164,0.125,0.0625,-0.0625,30.25,-27.875,-18.75,-0.3962460458278656,-0.004760812036693096,0.007141217589378357,-0.9181042313575745,51242,3161
0,0.05000000074505806,-0.07000000029802322,9.739999771118164,0.0625,-0.125,0.125,30.25,-27.875,-18.75,-0.3962460458278656,-0.004760812036693096,0.007141217589378357,-0.9181042313575745,51250,3162
0,0.05999999865889549,-0.07000000029802322,9.760000228881836,0.0625,0.0625,-0.0625,29.5,-27.875,-20.5,-0.3962460458278656,-0.004760812036693096,0.007141217589378357,-0.9181042313575745,51263,3163
0,0.05999999865889549,-0.07999999821186066,9.710000038146973,0,0.125,0,29.5,-27.875,-20.5,-0.3962460458278656,-0.004760812036693096,0.007141217589378357,-0.9181042313575745,51273,3164
0,0.05000000074505806,-0.05999999865889549,9.739999771118164,0.0625,-0.0625,0,29.5,-27.875,-20.5,-0.3962460458278656,-0.004760812036693096,0.007141217589378357,-0.9181042313575745,51283,3165
0,0.05999999865889549,-0.09000000357627869,9.760000228881836,0.0625,-0.0625,0,29.5,-27.875,-20.5,-0.3962460458278656,-0.004760812036693096,0.007141217589378357,-0.9181042313575745,51293,3166
0,0.05999999865889549,-0.05999999865889549,9.739999771118164,-0.0625,-0.0625,0.1875,29.5,-27.875,-20.5,-0.3962460458278656,-0.004760812036693096,0.007141217589378357,-0.9181042313575745,51300,3167
0,0.05999999865889549,-0.05999999865889549,9.720000267028809,0.125,-0.0625,0.0625,30.6875,-28.6875,-18.0625,-0.3962460458278656,-0.004760812036693096,0.007141217589378357,-0.9181042313575745,51313,3168
0,0.05000000074505806,-0.09000000357627869,9.739999771118164,-0.0625,-0.125,0,30.6875,-28.6875,-18.0625,-0.3962460458278656,-0.004760812036693096,0.007141217589378357,-0.9181042313575745,51323,3169
0,0.03999999910593033,-0.07999999821186066,9.739999771118164,0.125,-0.0625,0,30.6875,-28.6875,-18.0625,-0.3962460458278656,-0.004760812036693096,0.007141217589378357,-0.9181042313575745,51333,3170
0,0.03999999910593033,-0.07999999821186066,9.739999771118164,0.1875,-0.125,0,30.6875,-28.6875,-18.0625,-0.3962460458278656,-0.004760812036693096,0.007141217589378357,-0.9181042313575745,51342,3171
0,0.05999999865889549,-0.10000000149011612,9.720000267028809,-0.0625,0.0625,-0.125,30.6875,-28.6875,-18.0625,-0.3962460458278656,-0.004760812036693096,0.007141217589378357,-0.9181042313575745,51350,3172
0,0.05999999865889549,-0.05999999865889549,9.770000457763672,-0.0625,0,0,29.875,-28.6875,-18.875,-0.3962460458278656,-0.004760812036693096,0.007141217589378357,-0.9181042313575745,51363,3173
0,0.05999999865889549,-0.09000000357627869,9.75,-0.0625,-0.1875,0.0625,29.875,-28.6875,-18.875,-0.3962460458278656,-0.004760812036693096,0.007141217589378357,-0.9181042313575745,51373,3174
0,0.05000000074505806,-0.07999999821186066,9.729999542236328,-0.0625,-0.125,0,29.875,-28.6875,-18.875,-0.3962460458278656,-0.004760812036693096,0.007141217589378357,-0.9181042313575745,51383,3175
0,0.05999999865889549,-0.07000000029802322,9.739999771118164,0,-0.125,0,29.875,-28.6875,-18.875,-0.3962460458278656,-0.004760812036693096,0.007141217589378357,-0.9181042313575745,51393,3176
0,0.05999999865889549,-0.05999999865889549,9.75,-0.0625,0.1875,0,29.875,-28.6875,-18.875,-0.3962460458278656,-0.004760812036693096,0.007141217589378357,-0.9181042313575745,51400,3177
0,0.07000000029802322,-0.07000000029802322,9.729999542236328,0.0625,0,0.0625,31,-28.25,-19.5625,-0.3962460458278656,-0.004760812036693096,0.007141217589378357,-0.9181042313575745,51413,3178
0,0.05000000074505806,-0.07000000029802322,9.739999771118164,-0.125,0.125,0,31,-28.25,-19.5625,-0.3962460458278656,-0.004760812036693096,0.007141217589378357,-0.9181042313575745,51423,3179
0,0.03999999910593033,-0.09000000357627869,9.729999542236328,0.1875,0,0.0625,31,-28.25,-19.5625,-0.3962460458278656,-0.004760812036693096,0.007141217589378357,-0.9181042313575745,51433,3180
0,0.05999999865889549,-0.05999999865889549,9.739999771118164,0,-0.0625,0.0625,31,-28.25,-19.5625,-0.3962460458278656,-0.004760812036693096,0.007141217589378357,-0.9181042313575745,51443,3181
0,0.05000000074505806,-0.09000000357627869,9.729999542236328,0,0.1875,0.0625,31,-28.25,-19.5625,-0.3962460458278656,-0.004760812036693096,0.007141217589378357,-0.9181042313575745,51450,3182
0,0.019999999552965164,-0.10000000149011612,9.739999771118164,0,-0.1875,0.0625,30.25,-29.375,-18.875,-0.3962460458278656,-0.004760812036693096,0.007141217589378357,-0.9181042313575745,51463,3183
0,0.03999999910593033,-0.07999999821186066,9.729999542236328,0,-0.1875,0.0625,30.25,-29.375,-18.875,-0.3962460458278656,-0.004760812036693096,0.007141217589378357,-0.9181042313575745,51473,3184
0,0.07000000029802322,-0.07000000029802322,9.75,0,0,0.0625,30.25,-29.375,-18.875,-0.3962460458278656,-0.004760812036693096,0.007141217589378357,-0.9181042313575745,51483,3185
0,0.03999999910593033,-0.10000000149011612,9.760000228881836,0,0.125,0.0625,30.25,-29.375,-18.875,-0.3962460458278656,-0.004760812036693096,0.007141217589378357,-0.9181042313575745,51493,3186
0,0.05999999865889549,-0.09000000357627869,9.75,0.125,0.1875,0.0625,30.25,-29.375,-18.875,-0.3962460458278656,-0.004760812036693096,0.007141217589378357,-0.9181042313575745,51500,3187
0,0.05999999865889549,-0.10000000149011612,9.770000457763672,0,-0.125,0.0625,28.75,-28.6875,-19.5625,-0.3962460458278656,-0.004760812036693096,0.007141217589378357,-0.9181042313575745,51513,3188
0,0.05999999865889549,-0.09000000357627869,9.760000228881836,0.0625,-0.125,0,28.75,-28.6875,-19.5625,-0.3962460458278656,-0.004760812036693096,0.007141217589378357,-0.9181042313575745,51523,3189
0,0.05000000074505806,-0.07999999821186066,9.720000267028809,0.125,0,0.0625,28.75,-28.6875,-19.5625,-0.3962460458278656,-0.004760812036693096,0.007141217589378357,-0.9181042313575745,51533,3190
0,0.05999999865889549,-0.09000000357627869,9.739999771118164,0.125,0,0.0625,28.75,-28.6875,-19.5625,-0.3962460458278656,-0.004760812036693096,0.007141217589378357,-0.9181042313575745,51543,3191
0,0.05000000074505806,-0.07000000029802322,9.75,-0.125,0,0,28.75,-28.6875,-19.5625,-0.3962460458278656,-0.004760812036693096,0.007141217589378357,-0.9181042313575745,51550,3192
0,0.05999999865889549,-0.07000000029802322,9.760000228881836,0,0,-0.0625,29.875,-26,-18.5,-0.3962460458278656,-0.004760812036693096,0.007141217589378357,-0.9181042313575745,51563,3193
0,0.07000000029802322,-0.09000000357627869,9.739999771118164,0,-0.125,-0.0625,29.875,-26,-18.5,-0.3962460458278656,-0.004760812036693096,0.007141217589378357,-0.9181042313575745,51573,3194
0,0.03999999910593033,-0.07000000029802322,9.739999771118164,0,-0.0625,0.0625,29.875,-26,-18.5,-0.3962460458278656,-0.004760812036693096,0.007141217589378357,-0.9181042313575745,51583,3195
0,0.05999999865889549,-0.07999999821186066,9.75,0,-0.1875,0.0625,29.875,-26,-18.5,-0.3962460458278656,-0.004760812036693096,0.007141217589378357,-0.9181042313575745,51593,3196
0,0.03999999910593033,-0.09000000357627869,9.75,0,-0.1875,0.0625,29.875,-26,-18.5,-0.3962460458278656,-0.004760812036693096,0.007141217589378357,-0.9181042313575745,51600,3197
0,0.05999999865889549,-0.05000000074505806,9.770000457763672,0,-0.125,0.0625,30.25,-28.25,-20.0625,-0.3962460458278656,-0.004760812036693096,0.007141217589378357,-0.9181042313575745,51613,3198
0,0.05999999865889549,-0.10000000149011612,9.770000457763672,0.0625,-0.0625,0.125,30.25,-28.25,-20.0625,-0.3962460458278656,-0.004760812036693096,0.007141217589378357,-0.9181042313575745,51623,3199
0,0.05000000074505806,-0.07000000029802322,9.710000038146973,0.0625,0.0625,0.0625,30.25,-28.25,-20.0625,-0.3962460458278656,-0.004760812036693096,0.007141217589378357,-0.9181042313575745,51633,3200
0,0.05999999865889549,-0.07999999821186066,9.729999542236328,0.0625,0.0625,0.0625,30.25,-28.25,-20.0625,-0.3962460458278656,-0.004760812036693096,0.007141217589378357,-0.9181042313575745,51643,3201
0,0.05000000074505806,-0.07999999821186066,9.739999771118164,0.0625,0,-0.0625,30.25,-28.25,-20.0625,-0.3962460458278656,-0.004760812036693096,0.007141217589378357,-0.9181042313575745,51650,3202
0,0.05999999865889549,-0.07000000029802322,9.75,0,-0.0625,-0.125,29.875,-28.6875,-19.25,-0.3962460458278656,-0.004760812036693096,0.007141217589378357,-0.9181042313575745,51663,3203
0,0.05999999865889549,-0.07999999821186066,9.739999771118164,0.0625,-0.1875,0.0625,29.875,-28.6875,-19.25,-0.3962460458278656,-0.004760812036693096,0.007141217589378357,-0.9181042313575745,51673,3204
0,0.07000000029802322,-0.10000000149011612,9.729999542236328,0.0625,0.0625,0,29.875,-28.6875,-19.25,-0.3962460458278656,-0.004760812036693096,0.007141217589378357,-0.9181042313575745,51683,3205
0,0.03999999910593033,-0.09000000357627869,9.739999771118164,-0.0625,-0.125,-0.0625,29.875,-28.6875,-19.25,-0.3962460458278656,-0.004760812036693096,0.007141217589378357,-0.9181042313575745,51693,3206
0,0.05000000074505806,-0.07000000029802322,9.720000267028809,-0.0625,-0.125,-0.0625,29.875,-28.6875,-19.25,-0.3962460458278656,-0.004760812036693096,0.007141217589378357,-0.9181042313575745,51700,3207
0,0.05999999865889549,-0.09000000357627869,9.770000457763672,0.1875,-0.0625,0,31.375,-27.5,-18.5,-0.3962460458278656,-0.004760812036693096,0.007141217589378357,-0.9181042313575745,51713,3208
0,0.05000000074505806,-0.07999999821186066,9.779999732971191,0.1875,0,0.0625,31.375,-27.5,-18.5,-0.3962460458278656,-0.004760812036693096,0.007141217589378357,-0.9181042313575745,51723,3209
0,0.07999999821186066,-0.09000000357627869,9.720000267028809,0.0625,-0.125,-0.125,31.375,-27.5,-18.5,-0.3962460458278656,-0.004760812036693096,0.007141217589378357,-0.9181042313575745,51733,3210
0,0.05000000074505806,-0.07000000029802322,9.75,0.0625,-0.125,0,31.375,-27.5,-18.5,-0.3962460458278656,-0.004760812036693096,0.007141217589378357,-0.9181042313575745,51743,3211
0,0.03999999910593033,-0.07000000029802322,9.75,0.0625,-0.125,0,31.375,-27.5,-18.5,-0.3962460458278656,-0.004760812036693096,0.007141217589378357,-0.9181042313575745,51750,3212
0,0.05999999865889549,-0.07999999821186066,9.729999542236328,0,0,0,29.875,-28.6875,-19.5625,-0.3962460458278656,-0.004760812036693096,0.007141217589378357,-0.9181042313575745,51763,3213
0,0.05999999865889549,-0.07999999821186066,9.760000228881836,0.0625,0,0.0625,29.875,-28.6875,-19.5625,-0.3962460458278656,-0.004760812036693096,0.007141217589378357,-0.9181042313575745,51773,3214
0,0.05999999865889549,-0.05000000074505806,9.720000267028809,0,-0.0625,0.0625,29.875,-28.6875,-19.5625,-0.3962460458278656,-0.004760812036693096,0.007141217589378357,-0.9181042313575745,51783,3215
0,0.05999999865889549,-0.07999999821186066,9.739999771118164,0.0625,-0.0625,0,29.875,-28.6875,-19.5625,-0.3962460458278656,-0.004760812036693096,0.007141217589378357,-0.9181042313575745,51793,3216
0,0.05999999865889549,-0.07000000029802322,9.779999732971191,0.0625,-0.0625,0,29.875,-28.6875,-19.5625,-0.3962460458278656,-0.004760812036693096,0.007141217589378357,-0.9181042313575745,51801,3217
0,0.05000000074505806,-0.07999999821186066,9.739999771118164,0.125,0,0.0625,29.1875,-27.875,-20.0625,-0.3962460458278656,-0.004760812036693096,0.007141217589378357,-0.9181042313575745,51813,3218
0,0.05000000074505806,-0.07999999821186066,9.760000228881836,0,0.125,0,29.1875,-27.875,-20.0625,-0.3962460458278656,-0.004760812036693096,0.007141217589378357,-0.9181042313575745,51823,3219
0,0.05000000074505806,-0.07999999821186066,9.720000267028809,0,-0.0625,0,29.1875,-27.875,-20.0625,-0.3962460458278656,-0.004760812036693096,0.007141217589378357,-0.9181042313575745,51833,3220
0,0.05999999865889549,-0.09000000357627869,9.720000267028809,0,-0.25,0.0625,29.1875,-27.875,-20.0625,-0.3962460458278656,-0.004760812036693096,0.007141217589378357,-0.9181042313575745,51843,3221
0,0.05999999865889549,-0.05999999865889549,9.720000267028809,0,-0.25,0.0625,29.1875,-27.875,-20.0625,-0.3962460458278656,-0.004760812036693096,0.007141217589378357,-0.9181042313575745,51850,3222
0,0.05999999865889549,-0.07999999821186066,9.760000228881836,0.125,0.0625,0.125,30.6875,-28.25,-18.75,-0.3962460458278656,-0.004760812036693096,0.007141217589378357,-0.9181042313575745,51863,3223
0,0.05000000074505806,-0.07000000029802322,9.729999542236328,0,-0.125,-0.0625,30.6875,-28.25,-18.75,-0.3962460458278656,-0.004760812036693096,0.007141217589378357,-0.9181042313575745,51873,3224
0,0.03999999910593033,-0.07000000029802322,9.739999771118164,0,-0.0625,0.0625,30.6875,-28.25,-18.75,-0.3962460458278656,-0.004760812036693096,0.007141217589378357,-0.9181042313575745,51883,3225
0,0.05999999865889549,-0.09000000357627869,9.75,0,0.25,0,30.6875,-28.25,-18.75,-0.3962460458278656,-0.004760812036693096,0.007141217589378357,-0.9181042313575745,51893,3226
0,0.07000000029802322,-0.05999999865889549,9.75,0,0.25,0,30.6875,-28.25,-18.75,-0.3962460458278656,-0.004760812036693096,0.007141217589378357,-0.9181042313575745,51900,3227
0,0.05999999865889549,-0.10000000149011612,9.779999732971191,0,-0.1875,0,29.5,-27.5,-18.5,-0.3962460458278656,-0.004760812036693096,0.007141217589378357,-0.9181042313575745,51913,3228
0,0.05999999865889549,-0.05999999865889549,9.75,0.0625,0,0,29.5,-27.5,-18.5,-0.3962460458278656,-0.004760812036693096,0.007141217589378357,-0.9181042313575745,51923,3229
0,0.05000000074505806,-0.07000000029802322,9.729999542236328,-0.0625,-0.0625,0,29.5,-27.5,-18.5,-0.3962460458278656,-0.004760812036693096,0.007141217589378357,-0.9181042313575745,51933,3230
0,0.03999999910593033,-0.07000000029802322,9.75,0.0625,-0.125,0,29.5,-27.5,-18.5,-0.3962460458278656,-0.004760812036693096,0.007141217589378357,-0.9181042313575745,51943,3231
0,0.03999999910593033,-0.07999999821186066,9.760000228881836,0.0625,-0.125,0,29.5,-27.5,-18.5,-0.3962460458278656,-0.004760812036693096,0.007141217589378357,-0.9181042313575745,51950,3232
0,0.05999999865889549,-0.05999999865889549,9.760000228881836,0.0625,0.0625,0,29.875,-28.6875,-19.25,-0.3962460458278656,-0.004760812036693096,0.007141217589378357,-0.9181042313575745,51963,3233
0,0.05999999865889549,-0.09000000357627869,9.739999771118164,0.0625,0.125,-0.0625,29.875,-28.6875,-19.25,-0.3962460458278656,-0.004760812036693096,0.007141217589378357,-0.9181042313575745,51973,3234
0,0.05999999865889549,-0.07000000029802322,9.739999771118164,0,-0.0625,0,29.875,-28.6875,-19.25,-0.3962460458278656,-0.004760812036693096,0.007141217589378357,-0.9181042313575745,51983,3235
0,0.05000000074505806,-0.07999999821186066,9.739999771118164,0.125,0,0,29.875,-28.6875,-19.25,-0.3962460458278656,-0.004760812036693096,0.007141217589378357,-0.9181042313575745,51993,3236
0,0.05000000074505806,-0.07000000029802322,9.729999542236328,0.125,0,0,29.875,-28.6875,-19.25,-0.3962460458278656,-0.004760812036693096,0.007141217589378357,-0.9181042313575745,52001,3237
0,0.03999999910593033,-0.09000000357627869,9.75,0,-0.25,0.0625,30.25,-28.6875,-18.5,-0.3962460458278656,-0.004760812036693096,0.007141217589378357,-0.9181042313575745,52013,3238
0,0.03999999910593033,-0.07999999821186066,9.729999542236328,0.125,-0.25,0.0625,30.25,-28.6875,-18.5,-0.3962460458278656,-0.004760812036693096,0.007141217589378357,-0.9181042313575745,52023,3239
0,0.03999999910593033,-0.07999999821186066,9.720000267028809,0,0.125,-0.0625,30.25,-28.6875,-18.5,-0.3962460458278656,-0.004760812036693096,0.007141217589378357,-0.9181042313575745,52033,3240
0,0.07000000029802322,-0.07000000029802322,9.720000267028809,0.0625,0.1875,0,30.25,-28.6875,-18.5,-0.3962460458278656,-0.004760812036693096,0.007141217589378357,-0.9181042313575745,52043,3241
0,0.03999999910593033,-0.07999999821186066,9.739999771118164,0.0625,0.1875,0,30.25,-28.6875,-18.5,-0.3962460458278656,-0.004760812036693096,0.007141217589378357,-0.9181042313575745,52051,3242
0,0.05000000074505806,-0.07999999821186066,9.75,0.0625,-0.1875,0.125,29.875,-30.1875,-19.25,-0.3962460458278656,-0.004760812036693096,0.007141217589378357,-0.9181042313575745,52063,3243
0,0.07000000029802322,-0.05999999865889549,9.729999542236328,0.0625,-0.1875,-0.0625,29.875,-30.1875,-19.25,-0.3962460458278656,-0.004760812036693096,0.007141217589378357,-0.9181042313575745,52073,3244
0,0.05999999865889549,-0.07999999821186066,9.75,0,-0.0625,0,29.875,-30.1875,-19.25,-0.3962460458278656,-0.004760812036693096,0.007141217589378357,-0.9181042313575745,52083,3245
0,0.05000000074505806,-0.07999999821186066,9.710000038146973,-0.0625,-0.125,0.0625,29.875,-30.1875,-19.25,-0.3962460458278656,-0.004760812036693096,0.007141217589378357,-0.9181042313575745,52093,3246
0,0.05000000074505806,-0.07000000029802322,9.75,-0.0625,-0.125,0.0625,29.875,-30.1875,-19.25,-0.3962460458278656,-0.004760812036693096,0.007141217589378357,-0.9181042313575745,52101,3247
0,0.03999999910593033,-0.07999999821186066,9.75,-0.0625,-0.0625,-0.0625,29.875,-29.75,-17.25,-0.3962460458278656,-0.004760812036693096,0.007141217589378357,-0.9181042313575745,52113,3248
0,0.029999999329447746,-0.09000000357627869,9.779999732971191,0.0625,-0.1875,-0.0625,29.875,-29.75,-17.25,-0.3962460458278656,-0.004760812036693096,0.007141217589378357,-0.9181042313575745,52123,3249
0,0.07000000029802322,-0.07000000029802322,9.729999542236328,0.125,-0.0625,-0.0625,29.875,-29.75,-17.25,-0.3962460458278656,-0.004760812036693096,0.007141217589378357,-0.9181042313575745,52133,3250
0,0.05999999865889549,-0.09000000357627869,9.729999542236328,-0.125,0,0,29.875,-29.75,-17.25,-0.3962460458278656,-0.004760812036693096,0.007141217589378357,-0.9181042313575745,52143,3251
0,0.03999999910593033,-0.07999999821186066,9.760000228881836,-0.125,0,0,29.875,-29.75,-17.25,-0.3962460458278656,-0.004760812036693096,0.007141217589378357,-0.9181042313575745,52150,3252
0,0.05000000074505806,-0.07000000029802322,9.729999542236328,0.125,-0.125,0.0625,29.5,-31.25,-17.25,-0.3962460458278656,-0.004760812036693096,0.007141217589378357,-0.9181042313575745,52162,3253
0,0.05000000074505806,-0.07000000029802322,9.739999771118164,0,-0.0625,0.125,29.5,-31.25,-17.25,-0.3962460458278656,-0.004760812036693096,0.007141217589378357,-0.9181042313575745,52173,3254
0,0.05000000074505806,-0.07000000029802322,9.760000228881836,-0.0625,0.0625,0,29.5,-31.25,-17.25,-0.3962460458278656,-0.004760812036693096,0.007141217589378357,-0.9181042313575745,52183,3255
0,0.05000000074505806,-0.05999999865889549,9.75,0.0625,0.0625,-0.0625,29.5,-31.25,-17.25,-0.3962460458278656,-0.004760812036693096,0.007141217589378357,-0.9181042313575745,52193,3256
0,0.03999999910593033,-0.10000000149011612,9.760000228881836,0.0625,0.0625,-0.0625,29.5,-31.25,-17.25,-0.3962460458278656,-0.004760812036693096,0.007141217589378357,-0.9181042313575745,52201,3257
0,0.05000000074505806,-0.07999999821186066,9.75,0,-0.0625,0.125,30.6875,-30.5,-19.5625,-0.3962460458278656,-0.004760812036693096,0.007141217589378357,-0.9181042313575745,52213,3258
0,0.05999999865889549,-0.07000000029802322,9.770000457763672,0.0625,-0.0625,-0.125,30.6875,-30.5,-19.5625,-0.3962460458278656,-0.004760812036693096,0.007141217589378357,-0.9181042313575745,52223,3259
0,0.05000000074505806,-0.09000000357627869,9.720000267028809,0,-0.1875,0.125,30.6875,-30.5,-19.5625,-0.3962460458278656,-0.004760812036693096,0.007141217589378357,-0.9181042313575745,52233,3260
0,0.07000000029802322,-0.09000000357627869,9.739999771118164,0,-0.125,0.0625,30.6875,-30.5,-19.5625,-0.3962460458278656,-0.004760812036693096,0.007141217589378357,-0.9181042313575745,52243,3261
0,0.05999999865889549,-0.05999999865889549,9.729999542236328,0,-0.125,0.0625,30.6875,-30.5,-19.5625,-0.3962460458278656,-0.004760812036693096,0.007141217589378357,-0.9181042313575745,52251,3262
0,0.05000000074505806,-0.05999999865889549,9.75,-0.0625,-0.0625,0,29.1875,-30.1875,-18.75,-0.3962460458278656,-0.004760812036693096,0.007141217589378357,-0.9181042313575745,52263,3263
0,0.05000000074505806,-0.07999999821186066,9.75,0,0.125,0,29.1875,-30.1875,-18.75,-0.3962460458278656,-0.004760812036693096,0.007141217589378357,-0.9181042313575745,52273,3264
0,0.07000000029802322,-0.07999999821186066,9.739999771118164,0.0625,0,-0.125,29.1875,-30.1875,-18.75,-0.3962460458278656,-0.004760812036693096,0.007141217589378357,-0.9181042313575745,52283,3265
0,0.05000000074505806,-0.09000000357627869,9.75,0.0625,0,0.0625,29.1875,-30.1875,-18.75,-0.3962460458278656,-0.004760812036693096,0.007141217589378357,-0.9181042313575745,52293,3266
0,0.07000000029802322,-0.07000000029802322,9.720000267028809,0.0625,0,0.0625,29.1875,-30.1875,-18.75,-0.3962460458278656,-0.004760812036693096,0.007141217589378357,-0.9181042313575745,52301,3267
0,0.05999999865889549,-0.07999999821186066,9.75,0.0625,0.0625,0.125,29.5,-29.75,-18.75,-0.3962460458278656,-0.004760812036693096,0.007141217589378357,-0.9181042313575745,52312,3268
0,0.03999999910593033,-0.07000000029802322,9.760000228881836,-0.125,0.0625,0.125,29.5,-29.75,-18.75,-0.3962460458278656,-0.004760812036693096,0.007141217589378357,-0.9181042313575745,52322,3269
0,0.03999999910593033,-0.10999999940395355,9.720000267028809,-0.0625,0.0625,0,29.5,-29.75,-18.75,-0.3962460458278656,-0.004760812036693096,0.007141217589378357,-0.9181042313575745,52332,3270
0,0.05999999865889549,-0.07000000029802322,9.779999732971191,-0.0625,-0.1875,-0.0625,29.5,-29.75,-18.75,-0.3962460458278656,-0.004760812036693096,0.007141217589378357,-0.9181042313575745,52342,3271
0,0.05000000074505806,-0.10000000149011612,9.770000457763672,-0.0625,-0.1875,-0.0625,29.5,-29.75,-18.75,-0.3962460458278656,-0.004760812036693096,0.007141217589378357,-0.9181042313575745,52351,3272
0,0.05999999865889549,-0.09000000357627869,9.760000228881836,-0.0625,0.1875,0,29.5,-29,-19.25,-0.3962460458278656,-0.004760812036693096,0.007141217589378357,-0.9181042313575745,52362,3273
0,0.05000000074505806,-0.07999999821186066,9.720000267028809,0,0.25,0.0625,29.5,-29,-19.25,-0.3962460458278656,-0.004760812036693096,0.007141217589378357,-0.9181042313575745,52372,3274
0,0.05999999865889549,-0.05999999865889549,9.729999542236328,0,0.125,0,29.5,-29,-19.25,-0.3962460458278656,-0.004760812036693096,0.007141217589378357,-0.9181042313575745,52382,3275
0,0.05000000074505806,-0.07000000029802322,9.760000228881836,0,-0.1875,0.0625,29.5,-29,-19.25,-0.3962460458278656,-0.004760812036693096,0.007141217589378357,-0.9181042313575745,52393,3276
0,0.05000000074505806,-0.07000000029802322,9.760000228881836,0,-0.1875,0.0625,29.5,-29,-19.25,-0.3962460458278656,-0.004760812036693096,0.007141217589378357,-0.9181042313575745,52401,3277
0,0.03999999910593033,-0.07000000029802322,9.760000228881836,0.125,0.0625,0,29.875,-28.6875,-18.75,-0.3962460458278656,-0.004760812036693096,0.007141217589378357,-0.9181042313575745,52412,3278
0,0.05999999865889549,-0.05999999865889549,9.760000228881836,0.0625,0,0.0625,29.875,-28.6875,-18.75,-0.3962460458278656,-0.004760812036693096,0.007141217589378357,-0.9181042313575745,52422,3279
0,0.05000000074505806,-0.07999999821186066,9.739999771118164,0.0625,-0.1875,-0.125,29.875,-28.6875,-18.75,-0.3962460458278656,-0.004760812036693096,0.007141217589378357,-0.9181042313575745,52432,3280
0,0.05000000074505806,-0.05999999865889549,9.770000457763672,0.0625,-0.125,0.125,29.875,-28.6875,-18.75,-0.3962460458278656,-0.004760812036693096,0.007141217589378357,-0.9181042313575745,52442,3281
0,0.03999999910593033,-0.09000000357627869,9.739999771118164,0.0625,-0.125,0.125,29.875,-28.6875,-18.75,-0.3962460458278656,-0.004760812036693096,0.007141217589378357,-0.9181042313575745,52451,3282
0,0.05000000074505806,-0.07000000029802322,9.75,0.0625,0.0625,0.0625,29.1875,-29.375,-18.0625,-0.3962460458278656,-0.004760812036693096,0.007141217589378357,-0.9181042313575745,52462,3283
0,0.05999999865889549,-0.07000000029802322,9.739999771118164,0,0.125,0.0625,29.1875,-29.375,-18.0625,-0.3962460458278656,-0.004760812036693096,0.007141217589378357,-0.9181042313575745,52472,3284
0,0.05000000074505806,-0.07999999821186066,9.710000038146973,0.0625,0.125,0.125,29.1875,-29.375,-18.0625,-0.3962460458278656,-0.004760812036693096,0.007141217589378357,-0.9181042313575745,52482,3285
0,0.05000000074505806,-0.09000000357627869,9.720000267028809,0,-0.0625,0,29.1875,-29.375,-18.0625,-0.3962460458278656,-0.004760812036693096,0.007141217589378357,-0.9181042313575745,52492,3286
0,0.07000000029802322,-0.07000000029802322,9.739999771118164,0,-0.0625,0,29.1875,-29.375,-18.0625,-0.3962460458278656,-0.004760812036693096,0.007141217589378357,-0.9181042313575745,52501,3287
0,0.05999999865889549,-0.07999999821186066,9.75,0,0.0625,-0.0625,30.25,-28.6875,-18.75,-0.3962460458278656,-0.004760812036693096,0.007141217589378357,-0.9181042313575745,52512,3288
0,0.05000000074505806,-0.10000000149011612,9.760000228881836,0,0.125,-0.0625,30.25,-28.6875,-18.75,-0.3962460458278656,-0.004760812036693096,0.007141217589378357,-0.9181042313575745,52522,3289
0,0.03999999910593033,-0.07999999821186066,9.720000267028809,0.0625,0.25,0.0625,30.25,-28.6875,-18.75,-0.3962460458278656,-0.004760812036693096,0.007141217589378357,-0.9181042313575745,52532,3290
0,0.07000000029802322,-0.07000000029802322,9.770000457763672,0,0,-0.0625,30.25,-28.6875,-18.75,-0.3962460458278656,-0.004760812036693096,0.007141217589378357,-0.9181042313575745,52542,3291
0,0.07000000029802322,-0.07999999821186066,9.760000228881836,0,0,-0.0625,30.25,-28.6875,-18.75,-0.3962460458278656,-0.004760812036693096,0.007141217589378357,-0.9181042313575745,52551,3292
0,0.03999999910593033,-0.09000000357627869,9.729999542236328,0.0625,0.125,0.1875,29.875,-28.6875,-18.75,-0.3962460458278656,-0.004760812036693096,0.007141217589378357,-0.9181042313575745,52562,3293
0,0.03999999910593033,-0.10000000149011612,9.770000457763672,0.0625,0.125,-0.1875,29.875,-28.6875,-18.75,-0.3962460458278656,-0.004760812036693096,0.007141217589378357,-0.9181042313575745,52572,3294
0,0.03999999910593033,-0.09000000357627869,9.729999542236328,0,0.0625,0,29.875,-28.6875,-18.75,-0.3962460458278656,-0.004760812036693096,0.007141217589378357,-0.9181042313575745,52582,3295
0,0.05999999865889549,-0.07999999821186066,9.75,-0.0625,0.0625,0,29.875,-28.6875,-18.75,-0.3962460458278656,-0.004760812036693096,0.007141217589378357,-0.9181042313575745,52592,3296
0,0.03999999910593033,-0.09000000357627869,9.739999771118164,0,0,-0.125,29.875,-28.6875,-18.75,-0.3962460458278656,-0.004760812036693096,0.007141217589378357,-0.9181042313575745,52601,3297
0,0.05000000074505806,-0.07999999821186066,9.75,0,0,0.0625,29.875,-29.375,-19.25,-0.3962460458278656,-0.004760812036693096,0.007141217589378357,-0.9181042313575745,52612,3298
0,0.029999999329447746,-0.09000000357627869,9.720000267028809,0,-0.125,0.125,29.875,-29.375,-19.25,-0.3962460458278656,-0.004760812036693096,0.007141217589378357,-0.9181042313575745,52622,3299
0,0.05000000074505806,-0.07999999821186066,9.729999542236328,0.0625,0.0625,-0.0625,29.875,-29.375,-19.25,-0.3962460458278656,-0.004760812036693096,0.007141217589378357,-0.9181042313575745,52632,3300
0,0.05999999865889549,-0.07999999821186066,9.729999542236328,0.0625,0.125,0.125,29.875,-29.375,-19.25,-0.3962460458278656,-0.004760812036693096,0.007141217589378357,-0.9181042313575745,52642,3301
0,0.03999999910593033,-0.09000000357627869,9.770000457763672,0.0625,0.125,0.125,29.875,-29.375,-19.25,-0.3962460458278656,-0.004760812036693096,0.007141217589378357,-0.9181042313575745,52651,3302
0,0.07999999821186066,-0.07999999821186066,9.729999542236328,0.125,-0.25,0.0625,29.875,-28.6875,-18.75,-0.3962460458278656,-0.004760812036693096,0.007141217589378357,-0.9181042313575745,52662,3303
0,0.05999999865889549,-0.07999999821186066,9.720000267028809,-0.0625,0.0625,0,29.875,-28.6875,-18.75,-0.3962460458278656,-0.004760812036693096,0.007141217589378357,-0.9181042313575745,52672,3304
0,0.05000000074505806,-0.07999999821186066,9.75,0,0,0,29.875,-28.6875,-18.75,-0.3962460458278656,-0.004760812036693096,0.007141217589378357,-0.9181042313575745,52682,3305
0,0.03999999910593033,-0.05000000074505806,9.75,-0.1875,0.0625,0,29.875,-28.6875,-18.75,-0.3962460458278656,-0.004760812036693096,0.007141217589378357,-0.9181042313575745,52692,3306
0,0.05999999865889549,-0.07999999821186066,9.739999771118164,0.125,-0.125,0,29.875,-28.6875,-18.75,-0.3962460458278656,-0.004760812036693096,0.007141217589378357,-0.9181042313575745,52701,3307
0,0.05000000074505806,-0.07999999821186066,9.779999732971191,-0.0625,-0.125,0,29.875,-29.75,-19.25,-0.3962460458278656,-0.004760812036693096,0.007141217589378357,-0.9181042313575745,52712,3308
0,0.03999999910593033,-0.07999999821186066,9.729999542236328,-0.125,0,-0.0625,29.875,-29.75,-19.25,-0.3962460458278656,-0.004760812036693096,0.007141217589378357,-0.9181042313575745,52722,3309
0,0.029999999329447746,-0.10000000149011612,9.729999542236328,-0.0625,0.0625,0,29.875,-29.75,-19.25,-0.3962460458278656,-0.004760812036693096,0.007141217589378357,-0.9181042313575745,52732,3310
0,0.03999999910593033,-0.05999999865889549,9.75,-0.125,-0.0625,0,29.875,-29.75,-19.25,-0.3962460458278656,-0.004760812036693096,0.007141217589378357,-0.9181042313575745,52742,3311
0,0.05999999865889549,-0.07999999821186066,9.739999771118164,0,-0.125,0,29.875,-29.75,-19.25,-0.3962460458278656,-0.004760812036693096,0.007141217589378357,-0.9181042313575745,52751,3312
0,0.03999999910593033,-0.07999999821186066,9.75,-0.0625,-0.0625,0.0625,29.5,-29.375,-18.0625,-0.3962460458278656,-0.004760812036693096,0.007141217589378357,-0.9181042313575745,52762,3313
0,0.05000000074505806,-0.10999999940395355,9.760000228881836,-0.0625,0,0.125,29.5,-29.375,-18.0625,-0.3962460458278656,-0.004760812036693096,0.007141217589378357,-0.9181042313575745,52772,3314
0,0.05000000074505806,-0.07999999821186066,9.739999771118164,-0.125,0.0625,-0.125,29.5,-29.375,-18.0625,-0.3962460458278656,-0.004760812036693096,0.007141217589378357,-0.9181042313575745,52782,3315
0,0.05000000074505806,-0.09000000357627869,9.729999542236328,0.0625,-0.1875,-0.0625,29.5,-29.375,-18.0625,-0.3962460458278656,-0.004760812036693096,0.007141217589378357,-0.9181042313575745,52792,3316
0,0.05000000074505806,-0.09000000357627869,9.760000228881836,0.125,0,0.0625,29.5,-29.375,-18.0625,-0.3962460458278656,-0.004760812036693096,0.007141217589378357,-0.9181042313575745,52801,3317
0,0.03999999910593033,-0.05999999865889549,9.770000457763672,-0.0625,0.125,0,30.25,-30.5,-18.0625,-0.3962460458278656,-0.004760812036693096,0.007141217589378357,-0.9181042313575745,52812,3318
0,0.05000000074505806,-0.07999999821186066,9.770000457763672,0,0.125,0.0625,30.25,-30.5,-18.0625,-0.3962460458278656,-0.004760812036693096,0.007141217589378357,-0.9181042313575745,52822,3319
0,0.05999999865889549,-0.07999999821186066,9.739999771118164,0.0625,0.125,-0.0625,30.25,-30.5,-18.0625,-0.3962460458278656,-0.004760812036693096,0.007141217589378357,-0.9181042313575745,52832,3320
0,0.03999999910593033,-0.09000000357627869,9.739999771118164,0.0625,0.0625,0.0625,30.25,-30.5,-18.0625,-0.3962460458278656,-0.004760812036693096,0.007141217589378357,-0.9181042313575745,52842,3321
0,0.05000000074505806,-0.09000000357627869,9.739999771118164,0.125,-0.125,0,30.25,-30.5,-18.0625,-0.3962460458278656,-0.004760812036693096,0.007141217589378357,-0.9181042313575745,52851,3322
0,0.05000000074505806,-0.07000000029802322,9.75,-0.125,-0.0625,-0.0625,28.75,-30.1875,-19.5625,-0.3962460458278656,-0.004760812036693096,0.007141217589378357,-0.9181042313575745,52862,3323
0,0.05999999865889549,-0.07999999821186066,9.729999542236328,0,0,0.0625,28.75,-30.1875,-19.5625,-0.3962460458278656,-0.004760812036693096,0.007141217589378357,-0.9181042313575745,52872,3324
0,0.05000000074505806,-0.10000000149011612,9.75,0,-0.0625,-0.0625,28.75,-30.1875,-19.5625,-0.3962460458278656,-0.004760812036693096,0.007141217589378357,-0.9181042313575745,52882,3325
0,0.05000000074505806,-0.07999999821186066,9.760000228881836,0,-0.0625,0.125,28.75,-30.1875,-19.5625,-0.3962460458278656,-0.004760812036693096,0.007141217589378357,-0.9181042313575745,52892,3326
0,0.05999999865889549,-0.05999999865889549,9.729999542236328,0,-0.0625,0,28.75,-30.1875,-19.5625,-0.3962460458278656,-0.004760812036693096,0.007141217589378357,-0.9181042313575745,52901,3327
0,0.05000000074505806,-0.07999999821186066,9.75,0.0625,0,0,29.875,-30.1875,-18.5,-0.3962460458278656,-0.004760812036693096,0.007141217589378357,-0.9181042313575745,52912,3328
0,0.05999999865889549,-0.07000000029802322,9.720000267028809,0.0625,0,0,29.875,-30.1875,-18.5,-0.3962460458278656,-0.004760812036693096,0.007141217589378357,-0.9181042313575745,52922,3329
0,0.05999999865889549,-0.07000000029802322,9.760000228881836,0,-0.125,0,29.875,-30.1875,-18.5,-0.3962460458278656,-0.004760812036693096,0.007141217589378357,-0.9181042313575745,52932,3330
0,0.029999999329447746,-0.07000000029802322,9.729999542236328,0.0625,0,0.0625,29.875,-30.1875,-18.5,-0.3962460458278656,-0.004760812036693096,0.007141217589378357,-0.9181042313575745,52942,3331
0,0.019999999552965164,-0.07999999821186066,9.760000228881836,0.0625,-0.0625,0.0625,29.875,-30.1875,-18.5,-0.3962460458278656,-0.004760812036693096,0.007141217589378357,-0.9181042313575745,52951,3332
0,0.05999999865889549,-0.05999999865889549,9.739999771118164,0.0625,-0.0625,0.0625,29.875,-30.5,-18.0625,-0.3962460458278656,-0.004760812036693096,0.007141217589378357,-0.9181042313575745,52962,3333
0,0.05999999865889549,-0.07999999821186066,9.760000228881836,-0.1875,0,0,29.875,-30.5,-18.0625,-0.3962460458278656,-0.004760812036693096,0.007141217589378357,-0.9181042313575745,52972,3334
0,0.05000000074505806,-0.07999999821186066,9.729999542236328,-0.0625,0,-0.0625,29.875,-30.5,-18.0625,-0.3962460458278656,-0.004760812036693096,0.007141217589378357,-0.9181042313575745,52982,3335
0,0.03999999910593033,-0.09000000357627869,9.739999771118164,0.125,0,0,29.875,-30.5,-18.0625,-0.3962460458278656,-0.004760812036693096,0.007141217589378357,-0.9181042313575745,52992,3336
0,0.07000000029802322,-0.07999999821186066,9.779999732971191,-0.0625,0.125,0.0625,30.25,-29.75,-18.5,-0.3962460458278656,-0.004760812036693096,0.007141217589378357,-0.9181042313575745,53001,3337
0,0.05000000074505806,-0.07000000029802322,9.760000228881836,-0.0625,0.125,-0.0625,30.25,-29.75,-18.5,-0.3962460458278656,-0.004760812036693096,0.007141217589378357,-0.9181042313575745,53012,3338
0,0.03999999910593033,-0.07999999821186066,9.75,-0.125,0.125,0,30.25,-29.75,-18.5,-0.3962460458278656,-0.004760812036693096,0.007141217589378357,-0.9181042313575745,53022,3339
0,0.03999999910593033,-0.07999999821186066,9.720000267028809,0.0625,-0.125,0.125,30.25,-29.75,-18.5,-0.3962460458278656,-0.004760812036693096,0.007141217589378357,-0.9181042313575745,53032,3340
0,0.05999999865889549,-0.10000000149011612,9.729999542236328,-0.0625,-0.0625,-0.0625,30.25,-29.75,-18.5,-0.3962460458278656,-0.004760812036693096,0.007141217589378357,-0.9181042313575745,53042,3341
0,0.05999999865889549,-0.07999999821186066,9.739999771118164,-0.125,0.3125,0.0625,30.25,-29.375,-19.5625,-0.3962460458278656,-0.004760812036693096,0.007141217589378357,-0.9181042313575745,53051,3342
0,0.03999999910593033,-0.07999999821186066,9.729999542236328,0,0.0625,-0.125,30.25,-29.375,-19.5625,-0.3962460458278656,-0.004760812036693096,0.007141217589378357,-0.9181042313575745,53062,3343
0,0.05999999865889549,-0.09000000357627869,9.75,0.0625,-0.125,0.0625,30.25,-29.375,-19.5625,-0.3962460458278656,-0.004760812036693096,0.007141217589378357,-0.9181042313575745,53072,3344
0,0.03999999910593033,-0.07999999821186066,9.760000228881836,0.125,0,0.0625,30.25,-29.375,-19.5625,-0.3962460458278656,-0.004760812036693096,0.007141217589378357,-0.9181042313575745,53082,3345
0,0.05000000074505806,-0.10000000149011612,9.710000038146973,-0.0625,-0.125,0,30.25,-29.375,-19.5625,-0.3962460458278656,-0.004760812036693096,0.007141217589378357,-0.9181042313575745,53092,3346
0,0.03999999910593033,-0.07000000029802322,9.75,-0.0625,0.0625,0,30.6875,-29,-18.5,-0.3962460458278656,-0.004760812036693096,0.007141217589378357,-0.9181042313575745,53101,3347
0,0.07000000029802322,-0.10000000149011612,9.739999771118164,0,0.125,-0.0625,30.6875,-29,-18.5,-0.3962460458278656,-0.004760812036693096,0.007141217589378357,-0.9181042313575745,53112,3348
0,0.07000000029802322,-0.09000000357627869,9.729999542236328,-0.0625,0.1875,0.0625,30.6875,-29,-18.5,-0.3962460458278656,-0.004760812036693096,0.007141217589378357,-0.9181042313575745,53122,3349
0,0.05000000074505806,-0.07999999821186066,9.720000267028809,-0.0625,0,-0.0625,30.6875,-29,-18.5,-0.3962460458278656,-0.004760812036693096,0.007141217589378357,-0.9181042313575745,53132,3350
0,0.05000000074505806,-0.07000000029802322,9.729999542236328,-0.1875,-0.1875,0,30.6875,-29,-18.5,-0.3962460458278656,-0.004760812036693096,0.007141217589378357,-0.9181042313575745,53142,3351
0,0.029999999329447746,-0.05000000074505806,9.75,-0.125,-0.125,0,30.6875,-29,-18.5,-0.3962460458278656,-0.004760812036693096,0.007141217589378357,-0.9181042313575745,53151,3352
0,0.05000000074505806,-0.07999999821186066,9.779999732971191,0,0.125,0,29.875,-29.375,-18.5,-0.3962460458278656,-0.004760812036693096,0.007141217589378357,-0.9181042313575745,53162,3353
0,0.05000000074505806,-0.07999999821186066,9.729999542236328,-0.125,0.1875,0,29.875,-29.375,-18.5,-0.3962460458278656,-0.004760812036693096,0.007141217589378357,-0.9181042313575745,53171,3354
0,0.03999999910593033,-0.07000000029802322,9.729999542236328,-0.125,0.1875,0,29.875,-29.375,-18.5,-0.3962460458278656,-0.004760812036693096,0.007141217589378357,-0.9181042313575745,53181,3355
0,0.05999999865889549,-0.10000000149011612,9.720000267028809,0.0625,-0.125,0,29.875,-29.375,-18.5,-0.3962460458278656,-0.004760812036693096,0.007141217589378357,-0.9181042313575745,53192,3356
0,0.07000000029802322,-0.10000000149011612,9.729999542236328,-0.125,0.0625,0.0625,29.875,-27.875,-18.5,-0.3962460458278656,-0.004760812036693096,0.007141217589378357,-0.9181042313575745,53201,3357
0,0.03999999910593033,-0.09000000357627869,9.760000228881836,-0.125,0.0625,0.0625,29.875,-27.875,-18.5,-0.3962460458278656,-0.004760812036693096,0.007141217589378357,-0.9181042313575745,53211,3358
0,0.029999999329447746,-0.09000000357627869,9.770000457763672,0,0.1875,-0.0625,29.875,-27.875,-18.5,-0.3962460458278656,-0.004760812036693096,0.007141217589378357,-0.9181042313575745,53221,3359
0,0.05999999865889549,-0.07000000029802322,9.729999542236328,0,-0.1875,0.0625,29.875,-27.875,-18.5,-0.3962460458278656,-0.004760812036693096,0.007141217589378357,-0.9181042313575745,53231,3360
0,0.07000000029802322,-0.09000000357627869,9.779999732971191,0,0.125,0,29.875,-27.875,-18.5,-0.3962460458278656,-0.004760812036693096,0.007141217589378357,-0.9181042313575745,53242,3361
0,0.05999999865889549,-0.07999999821186066,9.75,-0.0625,0,-0.0625,30.6875,-29.375,-19.5625,-0.3962460458278656,-0.004760812036693096,0.007141217589378357,-0.9181042313575745,53251,3362
0,0.05999999865889549,-0.07999999821186066,9.779999732971191,-0.0625,0,-0.0625,30.6875,-29.375,-19.5625,-0.3962460458278656,-0.004760812036693096,0.007141217589378357,-0.9181042313575745,53261,3363
0,0.05999999865889549,-0.07000000029802322,9.729999542236328,0.0625,-0.125,0.0625,30.6875,-29.375,-19.5625,-0.3962460458278656,-0.004760812036693096,0.007141217589378357,-0.9181042313575745,53271,3364
0,0.05999999865889549,-0.09000000357627869,9.729999542236328,0,0.0625,0.0625,30.6875,-29.375,-19.5625,-0.3962460458278656,-0.004760812036693096,0.007141217589378357,-0.9181042313575745,53281,3365
0,0.05999999865889549,-0.09000000357627869,9.739999771118164,0.0625,0,-0.0625,30.6875,-29.375,-19.5625,-0.3962460458278656,-0.004760812036693096,0.007141217589378357,-0.9181042313575745,53292,3366
0,0.05000000074505806,-0.10000000149011612,9.739999771118164,0.0625,-0.125,0.0625,30.25,-27.875,-18.75,-0.3962460458278656,-0.004760812036693096,0.007141217589378357,-0.9181042313575745,53301,3367
0,0.05000000074505806,-0.09000000357627869,9.760000228881836,0.0625,-0.25,-0.0625,30.25,-27.875,-18.75,-0.3962460458278656,-0.004760812036693096,0.007141217589378357,-0.9181042313575745,53311,3368
0,0.05000000074505806,-0.07000000029802322,9.729999542236328,0.1875,-0.1875,0.0625,30.25,-27.875,-18.75,-0.3962460458278656,-0.004760812036693096,0.007141217589378357,-0.9181042313575745,53321,3369
0,0.05000000074505806,-0.10000000149011612,9.729999542236328,0.0625,-0.375,0,30.25,-27.875,-18.75,-0.3962460458278656,-0.004760812036693096,0.007141217589378357,-0.9181042313575745,53331,3370
0,0.03999999910593033,-0.10000000149011612,9.739999771118164,-0.25,-0.0625,-0.0625,30.25,-27.875,-18.75,-0.3962460458278656,-0.004760812036693096,0.007141217589378357,-0.9181042313575745,53342,3371
0,0.05999999865889549,-0.09000000357627869,9.770000457763672,0.0625,-0.1875,0.0625,30.6875,-29,-17.25,-0.3962460458278656,-0.004760812036693096,0.007141217589378357,-0.9181042313575745,53351,3372
0,0.03999999910593033,-0.09000000357627869,9.739999771118164,-0.0625,0.0625,-0.125,30.6875,-29,-17.25,-0.3962460458278656,-0.004760812036693096,0.007141217589378357,-0.9181042313575745,53361,3373
0,0.03999999910593033,-0.07999999821186066,9.760000228881836,0.0625,0,0,30.6875,-29,-17.25,-0.3962460458278656,-0.004760812036693096,0.007141217589378357,-0.9181042313575745,53371,3374
0,0.05000000074505806,-0.07000000029802322,9.739999771118164,-0.0625,0,0.0625,30.6875,-29,-17.25,-0.3962460458278656,-0.004760812036693096,0.007141217589378357,-0.9181042313575745,53381,3375
0,0.07000000029802322,-0.07000000029802322,9.729999542236328,-0.0625,0.1875,0,30.6875,-29,-17.25,-0.3962460458278656,-0.004760812036693096,0.007141217589378357,-0.9181042313575745,53392,3376
0,0.05000000074505806,-0.09000000357627869,9.75,0,0,0.125,29.875,-30.1875,-19.25,-0.3962460458278656,-0.004760812036693096,0.007141217589378357,-0.9181042313575745,53401,3377
0,0.03999999910593033,-0.07999999821186066,9.739999771118164,0,-0.1875,0,29.875,-30.1875,-19.25,-0.3962460458278656,-0.004760812036693096,0.007141217589378357,-0.9181042313575745,53411,3378
0,0.029999999329447746,-0.07000000029802322,9.75,-0.125,-0.0625,-0.0625,29.875,-30.1875,-19.25,-0.3962460458278656,-0.004760812036693096,0.007141217589378357,-0.9181042313575745,53421,3379
0,0.07999999821186066,-0.05999999865889549,9.739999771118164,0.0625,0.0625,0,29.875,-30.1875,-19.25,-0.3962460458278656,-0.004760812036693096,0.007141217589378357,-0.9181042313575745,53431,3380
0,0.03999999910593033,-0.07000000029802322,9.739999771118164,0,0,0,29.875,-30.1875,-19.25,-0.3962460458278656,-0.004760812036693096,0.007141217589378357,-0.9181042313575745,53442,3381
0,0.05999999865889549,-0.09000000357627869,9.729999542236328,0.125,-0.0625,0.125,29.875,-29.375,-18.75,-0.3962460458278656,-0.004760812036693096,0.007141217589378357,-0.9181042313575745,53451,3382
0,0.03999999910593033,-0.07999999821186066,9.75,0,0.1875,-0.0625,29.875,-29.375,-18.75,-0.3962460458278656,-0.004760812036693096,0.007141217589378357,-0.9181042313575745,53461,3383
0,0.03999999910593033,-0.09000000357627869,9.739999771118164,-0.0625,-0.1875,0.0625,29.875,-29.375,-18.75,-0.3962460458278656,-0.004760812036693096,0.007141217589378357,-0.9181042313575745,53471,3384
0,0.05999999865889549,-0.07000000029802322,9.729999542236328,0.125,0,0.0625,29.875,-29.375,-18.75,-0.3962460458278656,-0.004760812036693096,0.007141217589378357,-0.9181042313575745,53481,3385
0,0.05999999865889549,-0.07000000029802322,9.760000228881836,-0.0625,-0.125,0.1875,29.875,-29.375,-18.75,-0.3962460458278656,-0.004760812036693096,0.007141217589378357,-0.9181042313575745,53491,3386
0,0.05999999865889549,-0.09000000357627869,9.720000267028809,-0.0625,0,0.0625,28.75,-29.75,-18.75,-0.3962460458278656,-0.004760812036693096,0.007141217589378357,-0.9181042313575745,53501,3387
0,0.05000000074505806,-0.07000000029802322,9.760000228881836,0,0,0,28.75,-29.75,-18.75,-0.3962460458278656,-0.004760812036693096,0.007141217589378357,-0.9181042313575745,53511,3388
0,0.07000000029802322,-0.07999999821186066,9.770000457763672,0.0625,-0.125,0.125,28.75,-29.75,-18.75,-0.3962460458278656,-0.004760812036693096,0.007141217589378357,-0.9181042313575745,53521,3389
0,0.05999999865889549,-0.07999999821186066,9.739999771118164,0.0625,0,-0.0625,28.75,-29.75,-18.75,-0.3962460458278656,-0.004760812036693096,0.007141217589378357,-0.9181042313575745,53531,3390
0,0.05000000074505806,-0.10000000149011612,9.75,0,-0.0625,0.125,28.75,-29.75,-18.75,-0.3962460458278656,-0.004760812036693096,0.007141217589378357,-0.9181042313575745,53541,3391
0,0.05000000074505806,-0.07999999821186066,9.75,-0.0625,-0.0625,0,29.875,-30.5,-18.0625,-0.3962460458278656,-0.004760812036693096,0.007141217589378357,-0.9181042313575745,53551,3392
0,0.05999999865889549,-0.09000000357627869,9.770000457763672,0.0625,0,-0.0625,29.875,-30.5,-18.0625,-0.3962460458278656,-0.004760812036693096,0.007141217589378357,-0.9181042313575745,53561,3393
0,0.05000000074505806,-0.07999999821186066,9.760000228881836,0.0625,0,0.0625,29.875,-30.5,-18.0625,-0.3962460458278656,-0.004760812036693096,0.007141217589378357,-0.9181042313575745,53571,3394
0,0.05000000074505806,-0.07000000029802322,9.729999542236328,-0.0625,0.0625,0,29.875,-30.5,-18.0625,-0.3962460458278656,-0.004760812036693096,0.007141217589378357,-0.9181042313575745,53581,3395
0,0.03999999910593033,-0.09000000357627869,9.729999542236328,0,-0.0625,0,29.875,-30.5,-18.0625,-0.3962460458278656,-0.004760812036693096,0.007141217589378357,-0.9181042313575745,53591,3396
0,0.05000000074505806,-0.10000000149011612,9.739999771118164,0,-0.125,0.125,29.875,-28.6875,-18.5,-0.3962460458278656,-0.004760812036693096,0.007141217589378357,-0.9181042313575745,53601,3397
0,0.05999999865889549,-0.05999999865889549,9.729999542236328,0.0625,-0.125,0,29.875,-28.6875,-18.5,-0.3962460458278656,-0.004760812036693096,0.007141217589378357,-0.9181042313575745,53611,3398
0,0.03999999910593033,-0.07999999821186066,9.729999542236328,0.125,-0.125,0.125,29.875,-28.6875,-18.5,-0.3962460458278656,-0.004760812036693096,0.007141217589378357,-0.9181042313575745,53621,3399
0,0.05000000074505806,-0.07999999821186066,9.729999542236328,-0.0625,-0.0625,-0.0625,29.875,-28.6875,-18.5,-0.3962460458278656,-0.004760812036693096,0.007141217589378357,-0.9181042313575745,53631,3400
0,0.03999999910593033,-0.05999999865889549,9.75,-0.125,0.125,-0.125,29.875,-28.6875,-18.5,-0.3962460458278656,-0.004760812036693096,0.007141217589378357,-0.9181042313575745,53641,3401
0,0.03999999910593033,-0.05999999865889549,9.75,0.0625,0.125,0,28.75,-30.5,-17.5625,-0.3962460458278656,-0.004760812036693096,0.007141217589378357,-0.9181042313575745,53651,3402
0,0.03999999910593033,-0.07999999821186066,9.760000228881836,-0.125,0.375,-0.0625,28.75,-30.5,-17.5625,-0.3962460458278656,-0.004760812036693096,0.007141217589378357,-0.9181042313575745,53661,3403
0,0.05999999865889549,-0.07000000029802322,9.710000038146973,-0.125,0.0625,0,28.75,-30.5,-17.5625,-0.3962460458278656,-0.004760812036693096,0.007141217589378357,-0.9181042313575745,53671,3404
0,0.05999999865889549,-0.07000000029802322,9.739999771118164,0.0625,-0.1875,0,28.75,-30.5,-17.5625,-0.3962460458278656,-0.004760812036693096,0.007141217589378357,-0.9181042313575745,53681,3405
0,0.05000000074505806,-0.07000000029802322,9.779999732971191,0,-0.1875,0.0625,28.75,-30.5,-17.5625,-0.3962460458278656,-0.004760812036693096,0.007141217589378357,-0.9181042313575745,53691,3406
0,0.05000000074505806,-0.09000000357627869,9.760000228881836,0,0,-0.0625,30.25,-30.1875,-18.0625,-0.3962460458278656,-0.004760812036693096,0.007141217589378357,-0.9181042313575745,53701,3407
0,0.05000000074505806,-0.09000000357627869,9.729999542236328,0,0,0.0625,30.25,-30.1875,-18.0625,-0.3962460458278656,-0.004760812036693096,0.007141217589378357,-0.9181042313575745,53711,3408
0,0.03999999910593033,-0.10000000149011612,9.720000267028809,0.125,-0.1875,0,30.25,-30.1875,-18.0625,-0.3962460458278656,-0.004760812036693096,0.007141217589378357,-0.9181042313575745,53721,3409
0,0.03999999910593033,-0.05999999865889549,9.75,0.0625,0,0.0625,30.25,-30.1875,-18.0625,-0.3962460458278656,-0.004760812036693096,0.007141217589378357,-0.9181042313575745,53731,3410
0,0.05999999865889549,-0.09000000357627869,9.760000228881836,0,-0.125,-0.0625,30.25,-30.1875,-18.0625,-0.3962460458278656,-0.004760812036693096,0.007141217589378357,-0.9181042313575745,53741,3411
0,0.05999999865889549,-0.07999999821186066,9.729999542236328,0.0625,0,0,30.6875,-30.5,-18.5,-0.3962460458278656,-0.004760812036693096,0.007141217589378357,-0.9181042313575745,53751,3412
0,0.05000000074505806,-0.05000000074505806,9.75,0,0.0625,0.0625,30.6875,-30.5,-18.5,-0.3962460458278656,-0.004760812036693096,0.007141217589378357,-0.9181042313575745,53761,3413
0,0.05999999865889549,-0.07000000029802322,9.720000267028809,-0.0625,0.25,0,30.6875,-30.5,-18.5,-0.3962460458278656,-0.004760812036693096,0.007141217589378357,-0.9181042313575745,53771,3414
0,0.05000000074505806,-0.07000000029802322,9.739999771118164,0,0.125,-0.0625,30.6875,-30.5,-18.5,-0.3962460458278656,-0.004760812036693096,0.007141217589378357,-0.9181042313575745,53781,3415
0,0.07000000029802322,-0.09000000357627869,9.739999771118164,0,0.0625,0.0625,30.6875,-30.5,-18.5,-0.3962460458278656,-0.004760812036693096,0.007141217589378357,-0.9181042313575745,53791,3416
0,0.05999999865889549,-0.07000000029802322,9.760000228881836,-0.0625,0.1875,0.0625,29.875,-29,-18.0625,-0.3962460458278656,-0.004760812036693096,0.007141217589378357,-0.9181042313575745,53801,3417
0,0.05999999865889549,-0.07999999821186066,9.75,0.0625,-0.0625,0,29.875,-29,-18.0625,-0.3962460458278656,-0.004760812036693096,0.007141217589378357,-0.9181042313575745,53811,3418
0,0.05000000074505806,-0.05000000074505806,9.729999542236328,-0.0625,0.1875,0.0625,29.875,-29,-18.0625,-0.3962460458278656,-0.004760812036693096,0.007141217589378357,-0.9181042313575745,53821,3419
0,0.05999999865889549,-0.07000000029802322,9.760000228881836,0.0625,-0.0625,-0.0625,29.875,-29,-18.0625,-0.3962460458278656,-0.004760812036693096,0.007141217589378357,-0.9181042313575745,53831,3420
0,0.05000000074505806,-0.09000000357627869,9.75,0,-0.125,0,29.875,-29,-18.0625,-0.3962460458278656,-0.004760812036693096,0.007141217589378357,-0.9181042313575745,53841,3421
0,0.05000000074505806,-0.10000000149011612,9.729999542236328,0.0625,0.25,-0.0625,29.1875,-29,-20.0625,-0.3962460458278656,-0.004760812036693096,0.007141217589378357,-0.9181042313575745,53851,3422
0,0.05000000074505806,-0.07999999821186066,9.760000228881836,-0.0625,0.1875,-0.125,29.1875,-29,-20.0625,-0.3962460458278656,-0.004760812036693096,0.007141217589378357,-0.9181042313575745,53861,3423
0,0.03999999910593033,-0.07999999821186066,9.729999542236328,0.0625,0.25,0.0625,29.1875,-29,-20.0625,-0.3962460458278656,-0.004760812036693096,0.007141217589378357,-0.9181042313575745,53871,3424
0,0.03999999910593033,-0.05999999865889549,9.739999771118164,0.0625,0.125,-0.0625,29.1875,-29,-20.0625,-0.3962460458278656,-0.004760812036693096,0.007141217589378357,-0.9181042313575745,53881,3425
0,0.05999999865889549,-0.05000000074505806,9.770000457763672,0.125,0,0.0625,29.1875,-29,-20.0625,-0.3962460458278656,-0.004760812036693096,0.007141217589378357,-0.9181042313575745,53891,3426
0,0.03999999910593033,-0.07000000029802322,9.760000228881836,0,0,0.0625,29.875,-26.375,-17.25,-0.3962460458278656,-0.004760812036693096,0.007141217589378357,-0.9181042313575745,53901,3427
0,0.05999999865889549,-0.07999999821186066,9.739999771118164,0,-0.0625,-0.125,29.875,-26.375,-17.25,-0.3962460458278656,-0.004760812036693096,0.007141217589378357,-0.9181042313575745,53911,3428
0,0.05999999865889549,-0.07999999821186066,9.720000267028809,0.0625,-0.0625,0,29.875,-26.375,-17.25,-0.3962460458278656,-0.004760812036693096,0.007141217589378357,-0.9181042313575745,53921,3429
0,0.029999999329447746,-0.09000000357627869,9.75,0,0,0,29.875,-26.375,-17.25,-0.3962460458278656,-0.004760812036693096,0.007141217589378357,-0.9181042313575745,53931,3430
0,0.05999999865889549,-0.10000000149011612,9.729999542236328,0,0.0625,0.0625,29.875,-26.375,-17.25,-0.3962460458278656,-0.004760812036693096,0.007141217589378357,-0.9181042313575745,53941,3431
0,0.05999999865889549,-0.09000000357627869,9.75,0.0625,0.125,0,30.25,-30.5,-18.5,-0.3962460458278656,-0.004760812036693096,0.007141217589378357,-0.9181042313575745,53951,3432
0,0.05000000074505806,-0.09000000357627869,9.739999771118164,0.0625,0.0625,0,30.25,-30.5,-18.5,-0.3962460458278656,-0.004760812036693096,0.007141217589378357,-0.9181042313575745,53961,3433
0,0.05000000074505806,-0.07999999821186066,9.720000267028809,0.125,-0.125,0,30.25,-30.5,-18.5,-0.3962460458278656,-0.004760812036693096,0.007141217589378357,-0.9181042313575745,53971,3434
0,0.03999999910593033,-0.07000000029802322,9.729999542236328,0,0,0.0625,30.25,-30.5,-18.5,-0.3962460458278656,-0.004760812036693096,0.007141217589378357,-0.9181042313575745,53981,3435
0,0.05000000074505806,-0.07000000029802322,9.760000228881836,0,-0.0625,-0.0625,30.25,-30.5,-18.5,-0.3962460458278656,-0.004760812036693096,0.007141217589378357,-0.9181042313575745,53991,3436
0,0.07000000029802322,-0.09000000357627869,9.75,0.0625,0.125,0,29.875,-29.375,-18.75,-0.3962460458278656,-0.004760812036693096,0.007141217589378357,-0.9181042313575745,54001,3437
0,0.07000000029802322,-0.07999999821186066,9.739999771118164,0,0.125,0,29.875,-29.375,-18.75,-0.3962460458278656,-0.004760812036693096,0.007141217589378357,-0.9181042313575745,54011,3438
0,0.05999999865889549,-0.09000000357627869,9.729999542236328,0,0.1875,0.0625,29.875,-29.375,-18.75,-0.3962460458278656,-0.004760812036693096,0.007141217589378357,-0.9181042313575745,54021,3439
0,0.07999999821186066,-0.07999999821186066,9.729999542236328,0,0.3125,0.0625,29.875,-29.375,-18.75,-0.3962460458278656,-0.004760812036693096,0.007141217589378357,-0.9181042313575745,54031,3440
0,0.05000000074505806,-0.05999999865889549,9.75,0.0625,0.375,-0.125,29.875,-29.375,-18.75,-0.3962460458278656,-0.004760812036693096,0.007141217589378357,-0.9181042313575745,54041,3441
0,0.05999999865889549,-0.07000000029802322,9.779999732971191,0.0625,0.0625,-0.0625,31,-29,-18.0625,-0.3962460458278656,-0.004760812036693096,0.007141217589378357,-0.9181042313575745,54051,3442
0,0.029999999329447746,-0.10000000149011612,9.75,0.125,0,0,31,-29,-18.0625,-0.3962460458278656,-0.004760812036693096,0.007141217589378357,-0.9181042313575745,54061,3443
0,0.05999999865889549,-0.09000000357627869,9.729999542236328,0.0625,0.125,-0.0625,31,-29,-18.0625,-0.3962460458278656,-0.004760812036693096,0.007141217589378357,-0.9181042313575745,54071,3444
0,0.03999999910593033,-0.07999999821186066,9.75,0.0625,-0.0625,-0.0625,31,-29,-18.0625,-0.3962460458278656,-0.004760812036693096,0.007141217589378357,-0.9181042313575745,54081,3445
0,0.05999999865889549,-0.07999999821186066,9.710000038146973,0.1875,0.0625,0.125,31,-29,-18.0625,-0.3962460458278656,-0.004760812036693096,0.007141217589378357,-0.9181042313575745,54091,3446
0,0.03999999910593033,-0.07999999821186066,9.739999771118164,0,0.125,0,29.5,-29.375,-18.0625,-0.3962460458278656,-0.004760812036693096,0.007141217589378357,-0.9181042313575745,54101,3447
0,0.05999999865889549,-0.07999999821186066,9.779999732971191,0.0625,0,-0.0625,29.5,-29.375,-18.0625,-0.3962460458278656,-0.004760812036693096,0.007141217589378357,-0.9181042313575745,54111,3448
0,0.05999999865889549,-0.10999999940395355,9.720000267028809,0,0.0625,0,29.5,-29.375,-18.0625,-0.3962460458278656,-0.004760812036693096,0.007141217589378357,-0.9181042313575745,54121,3449
0,0.05999999865889549,-0.10999999940395355,9.720000267028809,0,0.0625,0,29.5,-29.375,-18.0625,-0.3962460458278656,-0.004760812036693096,0.007141217589378357,-0.9181042313575745,54131,3450
0,0.05999999865889549,-0.07999999821186066,9.760000228881836,0.0625,-0.125,0,29.5,-29.375,-18.0625,-0.3962460458278656,-0.004760812036693096,0.007141217589378357,-0.9181042313575745,54141,3451
0,0.03999999910593033,-0.07999999821186066,9.760000228881836,0,0.0625,0.0625,29.875,-28.25,-19.25,-0.3962460458278656,-0.004760812036693096,0.007141217589378357,-0.9181042313575745,54151,3452
0,0.05000000074505806,-0.07999999821186066,9.760000228881836,-0.0625,0.125,0,29.875,-28.25,-19.25,-0.3962460458278656,-0.004760812036693096,0.007141217589378357,-0.9181042313575745,54161,3453
0,0.05000000074505806,-0.07000000029802322,9.710000038146973,-0.0625,0.25,0.125,29.875,-28.25,-19.25,-0.3962460458278656,-0.004760812036693096,0.007141217589378357,-0.9181042313575745,54171,3454
0,0.05999999865889549,-0.05999999865889549,9.720000267028809,0,0,0,29.875,-28.25,-19.25,-0.3962460458278656,-0.004760812036693096,0.007141217589378357,-0.9181042313575745,54181,3455
0,0.05000000074505806,-0.07000000029802322,9.760000228881836,-0.125,0,0,29.875,-28.25,-19.25,-0.3962460458278656,-0.004760812036693096,0.007141217589378357,-0.9181042313575745,54191,3456
0,0.05999999865889549,-0.09000000357627869,9.729999542236328,-0.0625,-0.125,0,29.1875,-30.1875,-18.75,-0.3962460458278656,-0.004760812036693096,0.007141217589378357,-0.9181042313575745,54201,3457
0,0.05000000074505806,-0.07999999821186066,9.739999771118164,-0.0625,-0.125,-0.0625,29.1875,-30.1875,-18.75,-0.3962460458278656,-0.004760812036693096,0.007141217589378357,-0.9181042313575745,54211,3458
0,0.05999999865889549,-0.09000000357627869,9.729999542236328,0.0625,0.0625,-0.0625,29.1875,-30.1875,-18.75,-0.3962460458278656,-0.004760812036693096,0.007141217589378357,-0.9181042313575745,54221,3459
0,0.05999999865889549,-0.09000000357627869,9.75,0.1875,0.0625,0,29.1875,-30.1875,-18.75,-0.3962460458278656,-0.004760812036693096,0.007141217589378357,-0.9181042313575745,54231,3460
0,0.05000000074505806,-0.09000000357627869,9.739999771118164,-0.0625,0.125,0.0625,29.1875,-30.1875,-18.75,-0.3962460458278656,-0.004760812036693096,0.007141217589378357,-0.9181042313575745,54241,3461
0,0.05000000074505806,-0.09000000357627869,9.779999732971191,0.0625,0.1875,0,29.875,-28.6875,-18.5,-0.3962460458278656,-0.004760812036693096,0.007141217589378357,-0.9181042313575745,54251,3462
0,0.03999999910593033,-0.07999999821186066,9.739999771118164,0.0625,0,0.0625,29.875,-28.6875,-18.5,-0.3962460458278656,-0.004760812036693096,0.007141217589378357,-0.9181042313575745,54261,3463
0,0.07000000029802322,-0.10000000149011612,9.720000267028809,0,0,0.0625,29.875,-28.6875,-18.5,-0.3962460458278656,-0.004760812036693096,0.007141217589378357,-0.9181042313575745,54271,3464
0,0.03999999910593033,-0.07000000029802322,9.75,0,0.125,0,29.875,-28.6875,-18.5,-0.3962460458278656,-0.004760812036693096,0.007141217589378357,-0.9181042313575745,54281,3465
0,0.05000000074505806,-0.10000000149011612,9.760000228881836,0.0625,0.0625,0,29.875,-28.6875,-18.5,-0.3962460458278656,-0.004760812036693096,0.007141217589378357,-0.9181042313575745,54291,3466
0,0.05000000074505806,-0.05999999865889549,9.770000457763672,-0.0625,0.1875,0,31,-30.5,-19.25,-0.3962460458278656,-0.004760812036693096,0.007141217589378357,-0.9181042313575745,54301,3467
0,0.05000000074505806,-0.07999999821186066,9.739999771118164,-0.0625,-0.125,0,31,-30.5,-19.25,-0.3962460458278656,-0.004760812036693096,0.007141217589378357,-0.9181042313575745,54311,3468
0,0.03999999910593033,-0.07000000029802322,9.729999542236328,-0.0625,0,-0.0625,31,-30.5,-19.25,-0.3962460458278656,-0.004760812036693096,0.007141217589378357,-0.9181042313575745,54321,3469
0,0.05999999865889549,-0.05999999865889549,9.720000267028809,0.125,-0.1875,0.0625,31,-30.5,-19.25,-0.3962460458278656,-0.004760812036693096,0.007141217589378357,-0.9181042313575745,54331,3470
0,0.029999999329447746,-0.07000000029802322,9.770000457763672,-0.125,-0.125,-0.0625,31,-30.5,-19.25,-0.3962460458278656,-0.004760812036693096,0.007141217589378357,-0.9181042313575745,54341,3471
0,0.05999999865889549,-0.07999999821186066,9.729999542236328,-0.0625,-0.0625,0.0625,29.5,-30.1875,-19.25,-0.3962460458278656,-0.004760812036693096,0.007141217589378357,-0.9181042313575745,54350,3472
0,0.03999999910593033,-0.09000000357627869,9.739999771118164,0.25,0.0625,0.125,29.5,-30.1875,-19.25,-0.3962460458278656,-0.004760812036693096,0.007141217589378357,-0.9181042313575745,54360,3473
0,0.05999999865889549,-0.07999999821186066,9.729999542236328,0,0,0,29.5,-30.1875,-19.25,-0.3962460458278656,-0.004760812036693096,0.007141217589378357,-0.9181042313575745,54370,3474
0,0.05999999865889549,-0.07999999821186066,9.739999771118164,0.0625,0.0625,-0.0625,29.5,-30.1875,-19.25,-0.3962460458278656,-0.004760812036693096,0.007141217589378357,-0.9181042313575745,54380,3475
0,0.05999999865889549,-0.10000000149011612,9.75,0,0,-0.0625,29.5,-30.1875,-19.25,-0.3962460458278656,-0.004760812036693096,0.007141217589378357,-0.9181042313575745,54391,3476
0,0.05000000074505806,-0.09000000357627869,9.710000038146973,0.125,0.0625,0.0625,29.875,-30.1875,-19.25,-0.3962460458278656,-0.004760812036693096,0.007141217589378357,-0.9181042313575745,54400,3477
0,0.05999999865889549,-0.07999999821186066,9.720000267028809,-0.1875,0.0625,-0.0625,29.875,-30.1875,-19.25,-0.3962460458278656,-0.004760812036693096,0.007141217589378357,-0.9181042313575745,54410,3478
0,0.05999999865889549,-0.09000000357627869,9.6899995803833,-0.0625,0.125,0.0625,29.875,-30.1875,-19.25,-0.3962460458278656,-0.004760812036693096,0.007141217589378357,-0.9181042313575745,54420,3479
0,0.05000000074505806,-0.07999999821186066,9.710000038146973,0,0.0625,0,29.875,-30.1875,-19.25,-0.3962460458278656,-0.004760812036693096,0.007141217589378357,-0.9181042313575745,54430,3480
0,0.05000000074505806,-0.05999999865889549,9.710000038146973,0.0625,0.0625,0,29.875,-30.1875,-19.25,-0.3962460458278656,-0.004760812036693096,0.007141217589378357,-0.9181042313575745,54441,3481
0,0.03999999910593033,-0.07999999821186066,9.760000228881836,0.125,0.125,-0.0625,29.5,-30.1875,-18.875,-0.3962460458278656,-0.004760812036693096,0.007141217589378357,-0.9181042313575745,54450,3482
0,0.05000000074505806,-0.07999999821186066,9.720000267028809,-0.0625,0,0,29.5,-30.1875,-18.875,-0.3962460458278656,-0.004760812036693096,0.007141217589378357,-0.9181042313575745,54460,3483
0,0.05000000074505806,-0.10000000149011612,9.739999771118164,0,0,0.0625,29.5,-30.1875,-18.875,-0.3962460458278656,-0.004760812036693096,0.007141217589378357,-0.9181042313575745,54470,3484
0,0.019999999552965164,-0.07999999821186066,9.729999542236328,0.0625,-0.1875,0,29.5,-30.1875,-18.875,-0.3962460458278656,-0.004760812036693096,0.007141217589378357,-0.9181042313575745,54480,3485
0,0.03999999910593033,-0.10000000149011612,9.75,0.125,-0.0625,0,29.5,-30.1875,-18.875,-0.3962460458278656,-0.004760812036693096,0.007141217589378357,-0.9181042313575745,54490,3486
0,0.019999999552965164,-0.07000000029802322,9.739999771118164,0.125,-0.1875,-0.0625,30.25,-28.6875,-18.875,-0.3962460458278656,-0.004760812036693096,0.007141217589378357,-0.9181042313575745,54500,3487
0,0.05000000074505806,-0.07999999821186066,9.729999542236328,-0.0625,0.125,0,30.25,-28.6875,-18.875,-0.3962460458278656,-0.004760812036693096,0.007141217589378357,-0.9181042313575745,54510,3488
0,0.07000000029802322,-0.07000000029802322,9.720000267028809,-0.0625,0.0625,0,30.25,-28.6875,-18.875,-0.3962460458278656,-0.004760812036693096,0.007141217589378357,-0.9181042313575745,54520,3489
0,0.03999999910593033,-0.07999999821186066,9.739999771118164,0.125,0,0.0625,30.25,-28.6875,-18.875,-0.3962460458278656,-0.004760812036693096,0.007141217589378357,-0.9181042313575745,54530,3490
0,0.05000000074505806,-0.05999999865889549,9.729999542236328,0.125,0.0625,0,30.25,-28.6875,-18.875,-0.3962460458278656,-0.004760812036693096,0.007141217589378357,-0.9181042313575745,54541,3491
0,0.07000000029802322,-0.09000000357627869,9.739999771118164,0,0.125,-0.0625,30.6875,-29,-20.0625,-0.3962460458278656,-0.004760812036693096,0.007141217589378357,-0.9181042313575745,54550,3492
0,0.05999999865889549,-0.09000000357627869,9.710000038146973,0.125,0,-0.0625,30.6875,-29,-20.0625,-0.3962460458278656,-0.004760812036693096,0.007141217589378357,-0.9181042313575745,54560,3493
0,0.05999999865889549,-0.07999999821186066,9.729999542236328,0,0.25,-0.0625,30.6875,-29,-20.0625,-0.3962460458278656,-0.004760812036693096,0.007141217589378357,-0.9181042313575745,54570,3494
0,0.05000000074505806,-0.07000000029802322,9.720000267028809,-0.125,0.0625,-0.0625,30.6875,-29,-20.0625,-0.3962460458278656,-0.004760812036693096,0.007141217589378357,-0.9181042313575745,54580,3495
0,0.05000000074505806,-0.09000000357627869,9.760000228881836,-0.0625,0.125,0,30.6875,-29,-20.0625,-0.3962460458278656,-0.004760812036693096,0.007141217589378357,-0.9181042313575745,54590,3496
0,0.05999999865889549,-0.09000000357627869,9.75,0,0.1875,0,29.875,-26,-19.25,-0.3962460458278656,-0.004760812036693096,0.007141217589378357,-0.9181042313575745,54600,3497
0,0.03999999910593033,-0.10000000149011612,9.710000038146973,0.125,-0.0625,0,29.875,-26,-19.25,-0.3962460458278656,-0.004760812036693096,0.007141217589378357,-0.9181042313575745,54610,3498
0,0.03999999910593033,-0.10000000149011612,9.720000267028809,0.125,0.0625,0,29.875,-26,-19.25,-0.3962460458278656,-0.004760812036693096,0.007141217589378357,-0.9181042313575745,54620,3499
0,0.05999999865889549,-0.07999999821186066,9.739999771118164,0.125,-0.3125,0,29.875,-26,-19.25,-0.3962460458278656,-0.004760812036693096,0.007141217589378357,-0.9181042313575745,54630,3500
0,0.05999999865889549,-0.09000000357627869,9.720000267028809,0.0625,0.125,0,29.875,-26,-19.25,-0.3962460458278656,-0.004760812036693096,0.007141217589378357,-0.9181042313575745,54640,3501
0,0.05000000074505806,-0.07999999821186066,9.720000267028809,-0.0625,0,-0.125,29.875,-29,-19.25,-0.3962460458278656,-0.004760812036693096,0.007141217589378357,-0.9181042313575745,54650,3502
0,0.05000000074505806,-0.07999999821186066,9.75,0,0.0625,0,29.875,-29,-19.25,-0.3962460458278656,-0.004760812036693096,0.007141217589378357,-0.9181042313575745,54660,3503
0,0.05999999865889549,-0.07000000029802322,9.739999771118164,0,0.125,0.0625,29.875,-29,-19.25,-0.3962460458278656,-0.004760812036693096,0.007141217589378357,-0.9181042313575745,54670,3504
0,0.05000000074505806,-0.07000000029802322,9.739999771118164,0,0.1875,0,29.875,-29,-19.25,-0.3962460458278656,-0.004760812036693096,0.007141217589378357,-0.9181042313575745,54680,3505
0,0.05000000074505806,-0.10000000149011612,9.75,0.0625,0.125,0.0625,29.875,-29,-19.25,-0.3962460458278656,-0.004760812036693096,0.007141217589378357,-0.9181042313575745,54690,3506
0,0.05000000074505806,-0.10000000149011612,9.729999542236328,0.0625,-0.125,0,28.75,-28.25,-19.25,-0.3962460458278656,-0.004760812036693096,0.007141217589378357,-0.9181042313575745,54700,3507
0,0.029999999329447746,-0.07999999821186066,9.75,0,0,0.125,28.75,-28.25,-19.25,-0.3962460458278656,-0.004760812036693096,0.007141217589378357,-0.9181042313575745,54710,3508
0,0.05000000074505806,-0.07999999821186066,9.739999771118164,0.25,-0.0625,0.0625,28.75,-28.25,-19.25,-0.3962460458278656,-0.004760812036693096,0.007141217589378357,-0.9181042313575745,54720,3509
0,0.05999999865889549,-0.10000000149011612,9.720000267028809,-0.0625,0,0,28.75,-28.25,-19.25,-0.3962460458278656,-0.004760812036693096,0.007141217589378357,-0.9181042313575745,54730,3510
0,0.05999999865889549,-0.05000000074505806,9.729999542236328,-0.0625,0.0625,0.0625,28.75,-28.25,-19.25,-0.3962460458278656,-0.004760812036693096,0.007141217589378357,-0.9181042313575745,54740,3511
0,0.05999999865889549,-0.10000000149011612,9.760000228881836,-0.125,0.0625,0,30.25,-28.25,-18.0625,-0.3962460458278656,-0.004760812036693096,0.007141217589378357,-0.9181042313575745,54750,3512
0,0.05000000074505806,-0.07999999821186066,9.710000038146973,0.0625,-0.0625,-0.125,30.25,-28.25,-18.0625,-0.3962460458278656,-0.004760812036693096,0.007141217589378357,-0.9181042313575745,54760,3513
0,0.05999999865889549,-0.09000000357627869,9.6899995803833,0,0.0625,-0.0625,30.25,-28.25,-18.0625,-0.3962460458278656,-0.004760812036693096,0.007141217589378357,-0.9181042313575745,54770,3514
0,0.05999999865889549,-0.07000000029802322,9.720000267028809,0.0625,-0.125,0.0625,30.25,-28.25,-18.0625,-0.3962460458278656,-0.004760812036693096,0.007141217589378357,-0.9181042313575745,54780,3515
0,0.05000000074505806,-0.05999999865889549,9.75,0.0625,0.0625,-0.0625,30.25,-28.25,-18.0625,-0.3962460458278656,-0.004760812036693096,0.007141217589378357,-0.9181042313575745,54790,3516
0,0.05000000074505806,-0.09000000357627869,9.75,0.0625,0.125,0,29.875,-28.25,-19.25,-0.3962460458278656,-0.004760812036693096,0.007141217589378357,-0.9181042313575745,54800,3517
0,0.03999999910593033,-0.07999999821186066,9.710000038146973,0,0.3125,-0.0625,29.875,-28.25,-19.25,-0.3962460458278656,-0.004760812036693096,0.007141217589378357,-0.9181042313575745,54810,3518
0,0.03999999910593033,-0.07999999821186066,9.760000228881836,0,0.1875,0.0625,29.875,-28.25,-19.25,-0.3962460458278656,-0.004760812036693096,0.007141217589378357,-0.9181042313575745,54820,3519
0,0.05999999865889549,-0.07000000029802322,9.75,0.0625,0,0.0625,29.875,-28.25,-19.25,-0.3962460458278656,-0.004760812036693096,0.007141217589378357,-0.9181042313575745,54830,3520
0,0.03999999910593033,-0.10000000149011612,9.729999542236328,-0.0625,0.0625,0,29.875,-28.25,-19.25,-0.3962460458278656,-0.004760812036693096,0.007141217589378357,-0.9181042313575745,54840,3521
0,0.05000000074505806,-0.07999999821186066,9.75,0.0625,-0.0625,0.0625,29.5,-29.375,-18.75,-0.3962460458278656,-0.004760812036693096,0.007141217589378357,-0.9181042313575745,54850,3522
0,0.05000000074505806,-0.09000000357627869,9.720000267028809,0.0625,-0.125,0.0625,29.5,-29.375,-18.75,-0.3962460458278656,-0.004760812036693096,0.007141217589378357,-0.9181042313575745,54860,3523
0,0.03999999910593033,-0.10999999940395355,9.720000267028809,0,0.0625,0,29.5,-29.375,-18.75,-0.3962460458278656,-0.004760812036693096,0.007141217589378357,-0.9181042313575745,54870,3524
0,0.03999999910593033,-0.09000000357627869,9.699999809265137,0,0,0,29.5,-29.375,-18.75,-0.3962460458278656,-0.004760812036693096,0.007141217589378357,-0.9181042313575745,54880,3525
0,0.07000000029802322,-0.09000000357627869,9.710000038146973,-0.0625,0.25,0,29.5,-29.375,-18.75,-0.3962460458278656,-0.004760812036693096,0.007141217589378357,-0.9181042313575745,54890,3526
0,0.05000000074505806,-0.09000000357627869,9.739999771118164,0.0625,0.0625,0.0625,30.25,-28.6875,-19.25,-0.3962460458278656,-0.004760812036693096,0.007141217589378357,-0.9181042313575745,54900,3527
0,0.07000000029802322,-0.09000000357627869,9.720000267028809,0,0.0625,0,30.25,-28.6875,-19.25,-0.3962460458278656,-0.004760812036693096,0.007141217589378357,-0.9181042313575745,54910,3528
0,0.07000000029802322,-0.07000000029802322,9.710000038146973,0.125,0.25,-0.0625,30.25,-28.6875,-19.25,-0.3962460458278656,-0.004760812036693096,0.007141217589378357,-0.9181042313575745,54920,3529
0,0.05000000074505806,-0.07999999821186066,9.75,0,0.3125,0,30.25,-28.6875,-19.25,-0.3962460458278656,-0.004760812036693096,0.007141217589378357,-0.9181042313575745,54930,3530
0,0.03999999910593033,-0.10000000149011612,9.760000228881836,-0.125,0.125,-0.0625,30.25,-28.6875,-19.25,-0.3962460458278656,-0.004760812036693096,0.007141217589378357,-0.9181042313575745,54940,3531
0,0.05000000074505806,-0.09000000357627869,9.739999771118164,0,0,0,29.875,-29.375,-18.875,-0.3962460458278656,-0.004760812036693096,0.007141217589378357,-0.9181042313575745,54950,3532
0,0.05999999865889549,-0.07000000029802322,9.720000267028809,0,0,0.0625,29.875,-29.375,-18.875,-0.3962460458278656,-0.004760812036693096,0.007141217589378357,-0.9181042313575745,54960,3533
0,0.07000000029802322,-0.05999999865889549,9.739999771118164,0,0.125,0.0625,29.875,-29.375,-18.875,-0.3962460458278656,-0.004760812036693096,0.007141217589378357,-0.9181042313575745,54970,3534
0,0.05999999865889549,-0.05999999865889549,9.739999771118164,0,-0.1875,0,29.875,-29.375,-18.875,-0.3962460458278656,-0.004760812036693096,0.007141217589378357,-0.9181042313575745,54980,3535
0,0.07000000029802322,-0.09000000357627869,9.739999771118164,0.1875,-0.0625,0.0625,29.875,-29.375,-18.875,-0.3962460458278656,-0.004760812036693096,0.007141217589378357,-0.9181042313575745,54990,3536
0,0.05000000074505806,-0.10000000149011612,9.739999771118164,0,0.125,0,30.25,-29.375,-19.5625,-0.3962460458278656,-0.004760812036693096,0.007141217589378357,-0.9181042313575745,55000,3537
0,0.05999999865889549,-0.10000000149011612,9.75,0.0625,0.0625,0.0625,30.25,-29.375,-19.5625,-0.3962460458278656,-0.004760812036693096,0.007141217589378357,-0.9181042313575745,55010,3538
0,0.05999999865889549,-0.10000000149011612,9.720000267028809,-0.0625,0.1875,-0.0625,30.25,-29.375,-19.5625,-0.3962460458278656,-0.004760812036693096,0.007141217589378357,-0.9181042313575745,55020,3539
0,0.05999999865889549,-0.07000000029802322,9.739999771118164,0.0625,-0.1875,0,30.25,-29.375,-19.5625,-0.3962460458278656,-0.004760812036693096,0.007141217589378357,-0.9181042313575745,55030,3540
0,0.05000000074505806,-0.07999999821186066,9.739999771118164,0.0625,-0.0625,0,30.25,-29.375,-19.5625,-0.3962460458278656,-0.004760812036693096,0.007141217589378357,-0.9181042313575745,55040,3541
0,0.05000000074505806,-0.09000000357627869,9.739999771118164,0.0625,0,0,31,-29.75,-19.5625,-0.3962460458278656,-0.004760812036693096,0.007141217589378357,-0.9181042313575745,55050,3542
0,0.03999999910593033,-0.07999999821186066,9.720000267028809,-0.0625,0,0,31,-29.75,-19.5625,-0.3962460458278656,-0.004760812036693096,0.007141217589378357,-0.9181042313575745,55060,3543
0,0.05999999865889549,-0.09000000357627869,9.729999542236328,0.125,0.125,0,31,-29.75,-19.5625,-0.3962460458278656,-0.004760812036693096,0.007141217589378357,-0.9181042313575745,55070,3544
0,0.07000000029802322,-0.07999999821186066,9.729999542236328,0.1875,-0.0625,0.125,31,-29.75,-19.5625,-0.3962460458278656,-0.004760812036693096,0.007141217589378357,-0.9181042313575745,55080,3545
0,0.05000000074505806,-0.10000000149011612,9.739999771118164,0,0,0,31,-29.75,-19.5625,-0.3962460458278656,-0.004760812036693096,0.007141217589378357,-0.9181042313575745,55090,3546
0,0.03999999910593033,-0.09000000357627869,9.710000038146973,0.0625,-0.125,0,30.6875,-29.375,-19.5625,-0.3962460458278656,-0.004760812036693096,0.007141217589378357,-0.9181042313575745,55100,3547
0,0.03999999910593033,-0.09000000357627869,9.760000228881836,0.125,-0.0625,0.0625,30.6875,-29.375,-19.5625,-0.3962460458278656,-0.004760812036693096,0.007141217589378357,-0.9181042313575745,55110,3548
0,0.05999999865889549,-0.10999999940395355,9.720000267028809,0.125,0,0,30.6875,-29.375,-19.5625,-0.3962460458278656,-0.004760812036693096,0.007141217589378357,-0.9181042313575745,55120,3549
0,0.03999999910593033,-0.10000000149011612,9.739999771118164,0.0625,-0.0625,0,30.6875,-29.375,-19.5625,-0.3962460458278656,-0.004760812036693096,0.007141217589378357,-0.9181042313575745,55130,3550
0,0.05999999865889549,-0.07999999821186066,9.739999771118164,0.1875,-0.25,0,30.6875,-29.375,-19.5625,-0.3962460458278656,-0.004760812036693096,0.007141217589378357,-0.9181042313575745,55140,3551
0,0.05999999865889549,-0.05999999865889549,9.739999771118164,-0.0625,-0.3125,-0.0625,29.875,-29.375,-19.25,-0.3962460458278656,-0.004760812036693096,0.007141217589378357,-0.9181042313575745,55150,3552
0,0.03999999910593033,-0.07000000029802322,9.729999542236328,0,0.0625,-0.0625,29.875,-29.375,-19.25,-0.3962460458278656,-0.004760812036693096,0.007141217589378357,-0.9181042313575745,55160,3553
0,0.05999999865889549,-0.07000000029802322,9.710000038146973,0,-0.1875,0.0625,29.875,-29.375,-19.25,-0.3962460458278656,-0.004760812036693096,0.007141217589378357,-0.9181042313575745,55170,3554
0,0.05999999865889549,-0.09000000357627869,9.739999771118164,0.0625,0.0625,0,29.875,-29.375,-19.25,-0.3962460458278656,-0.004760812036693096,0.007141217589378357,-0.9181042313575745,55180,3555
0,0.05999999865889549,-0.09000000357627869,9.739999771118164,0,0,0.0625,29.875,-29.375,-19.25,-0.3962460458278656,-0.004760812036693096,0.007141217589378357,-0.9181042313575745,55190,3556
0,0.029999999329447746,-0.07999999821186066,9.720000267028809,0.0625,0.125,-0.125,29.1875,-28.6875,-20.75,-0.3962460458278656,-0.004760812036693096,0.007141217589378357,-0.9181042313575745,55200,3557
0,0.03999999910593033,-0.09000000357627869,9.739999771118164,0,0.1875,0,29.1875,-28.6875,-20.75,-0.3962460458278656,-0.004760812036693096,0.007141217589378357,-0.9181042313575745,55210,3558
0,0.05999999865889549,-0.07999999821186066,9.729999542236328,0,-0.0625,-0.125,29.1875,-28.6875,-20.75,-0.3962460458278656,-0.004760812036693096,0.007141217589378357,-0.9181042313575745,55220,3559
0,0.05000000074505806,-0.07999999821186066,9.729999542236328,-0.125,0,0.125,29.1875,-28.6875,-20.75,-0.3962460458278656,-0.004760812036693096,0.007141217589378357,-0.9181042313575745,55230,3560
0,0.05000000074505806,-0.09000000357627869,9.760000228881836,-0.0625,0.0625,0,29.1875,-28.6875,-20.75,-0.3962460458278656,-0.004760812036693096,0.007141217589378357,-0.9181042313575745,55240,3561
0,0.05000000074505806,-0.07999999821186066,9.739999771118164,0.25,-0.0625,0.0625,30.25,-27.875,-20.0625,-0.3962460458278656,-0.004760812036693096,0.007141217589378357,-0.9181042313575745,55250,3562
0,0.05999999865889549,-0.09000000357627869,9.729999542236328,0.125,0,-0.0625,30.25,-27.875,-20.0625,-0.3962460458278656,-0.004760812036693096,0.007141217589378357,-0.9181042313575745,55260,3563
0,0.05000000074505806,-0.07000000029802322,9.720000267028809,0.125,0,0.0625,30.25,-27.875,-20.0625,-0.3962460458278656,-0.004760812036693096,0.007141217589378357,-0.9181042313575745,55270,3564
0,0.05000000074505806,-0.07000000029802322,9.739999771118164,0,0.0625,0,30.25,-27.875,-20.0625,-0.3962460458278656,-0.004760812036693096,0.007141217589378357,-0.9181042313575745,55280,3565
0,0.05000000074505806,-0.09000000357627869,9.729999542236328,0,0,0,30.25,-27.875,-20.0625,-0.3962460458278656,-0.004760812036693096,0.007141217589378357,-0.9181042313575745,55290,3566
0,0.05000000074505806,-0.07999999821186066,9.739999771118164,0.0625,-0.125,0,28,-27.5,-19.5625,-0.3962460458278656,-0.004760812036693096,0.007141217589378357,-0.9181042313575745,55300,3567
0,0.05999999865889549,-0.07999999821186066,9.720000267028809,0.0625,0,-0.0625,28,-27.5,-19.5625,-0.3962460458278656,-0.004760812036693096,0.007141217589378357,-0.9181042313575745,55310,3568
0,0.029999999329447746,-0.10000000149011612,9.699999809265137,-0.1875,-0.125,-0.0625,28,-27.5,-19.5625,-0.3962460458278656,-0.004760812036693096,0.007141217589378357,-0.9181042313575745,55320,3569
0,0.05000000074505806,-0.09000000357627869,9.710000038146973,-0.0625,-0.0625,-0.125,28,-27.5,-19.5625,-0.3962460458278656,-0.004760812036693096,0.007141217589378357,-0.9181042313575745,55330,3570
0,0.05999999865889549,-0.07999999821186066,9.729999542236328,0,-0.1875,0,28,-27.5,-19.5625,-0.3962460458278656,-0.004760812036693096,0.007141217589378357,-0.9181042313575745,55340,3571
0,0.07000000029802322,-0.07000000029802322,9.729999542236328,-0.0625,-0.1875,-0.0625,29.1875,-25.6875,-18.0625,-0.3962460458278656,-0.004760812036693096,0.007141217589378357,-0.9181042313575745,55350,3572
0,0.07000000029802322,-0.07000000029802322,9.739999771118164,0,0.0625,0.0625,29.1875,-25.6875,-18.0625,-0.3962460458278656,-0.004760812036693096,0.007141217589378357,-0.9181042313575745,55360,3573
0,0.05999999865889549,-0.09000000357627869,9.699999809265137,-0.0625,0.0625,0,29.1875,-25.6875,-18.0625,-0.3962460458278656,-0.004760812036693096,0.007141217589378357,-0.9181042313575745,55370,3574
0,0.05999999865889549,-0.10000000149011612,9.739999771118164,-0.0625,0,0,29.1875,-25.6875,-18.0625,-0.3962460458278656,-0.004760812036693096,0.007141217589378357,-0.9181042313575745,55380,3575
0,0.05999999865889549,-0.07000000029802322,9.729999542236328,-0.0625,-0.1875,0,29.1875,-25.6875,-18.0625,-0.3962460458278656,-0.004760812036693096,0.007141217589378357,-0.9181042313575745,55390,3576
0,0.05999999865889549,-0.07000000029802322,9.760000228881836,0.125,-0.125,-0.0625,30.25,-27.875,-18.75,-0.3962460458278656,-0.004760812036693096,0.007141217589378357,-0.9181042313575745,55400,3577
0,0.05000000074505806,-0.10000000149011612,9.75,0.0625,-0.0625,0.0625,30.25,-27.875,-18.75,-0.3962460458278656,-0.004760812036693096,0.007141217589378357,-0.9181042313575745,55410,3578
0,0.05999999865889549,-0.10000000149011612,9.720000267028809,0.0625,0,0,30.25,-27.875,-18.75,-0.3962460458278656,-0.004760812036693096,0.007141217589378357,-0.9181042313575745,55420,3579
0,0.07000000029802322,-0.07000000029802322,9.75,0.125,0.125,-0.0625,30.25,-27.875,-18.75,-0.3962460458278656,-0.004760812036693096,0.007141217589378357,-0.9181042313575745,55430,3580
0,0.05000000074505806,-0.07000000029802322,9.720000267028809,-0.0625,0.0625,0,30.25,-27.875,-18.75,-0.3962460458278656,-0.004760812036693096,0.007141217589378357,-0.9181042313575745,55440,3581
0,0.05999999865889549,-0.07999999821186066,9.75,-0.0625,0.0625,0.0625,28.75,-27.875,-19.25,-0.3962460458278656,-0.004760812036693096,0.007141217589378357,-0.9181042313575745,55450,3582
0,0.03999999910593033,-0.10000000149011612,9.729999542236328,-0.1875,0.125,-0.0625,28.75,-27.875,-19.25,-0.3962460458278656,-0.004760812036693096,0.007141217589378357,-0.9181042313575745,55460,3583
0,0.05000000074505806,-0.07999999821186066,9.710000038146973,0.0625,-0.25,0,28.75,-27.875,-19.25,-0.3962460458278656,-0.004760812036693096,0.007141217589378357,-0.9181042313575745,55470,3584
0,0.05999999865889549,-0.10000000149011612,9.720000267028809,-0.0625,0,0,28.75,-27.875,-19.25,-0.3962460458278656,-0.004760812036693096,0.007141217589378357,-0.9181042313575745,55480,3585
0,0.05999999865889549,-0.09000000357627869,9.720000267028809,0.0625,0,0,28.75,-27.875,-19.25,-0.3962460458278656,-0.004760812036693096,0.007141217589378357,-0.9181042313575745,55490,3586
0,0.07000000029802322,-0.07999999821186066,9.75,0,-0.3125,0.0625,29.5,-28.6875,-18.75,-0.3962460458278656,-0.004760812036693096,0.007141217589378357,-0.9181042313575745,55500,3587
0,0.05999999865889549,-0.07000000029802322,9.739999771118164,0,0,-0.0625,29.5,-28.6875,-18.75,-0.3962460458278656,-0.004760812036693096,0.007141217589378357,-0.9181042313575745,55510,3588
0,0.05999999865889549,-0.09000000357627869,9.710000038146973,-0.1875,0.125,0,29.5,-28.6875,-18.75,-0.3962460458278656,-0.004760812036693096,0.007141217589378357,-0.9181042313575745,55520,3589
0,0.03999999910593033,-0.10000000149011612,9.710000038146973,0,-0.125,-0.0625,29.5,-28.6875,-18.75,-0.3962460458278656,-0.004760812036693096,0.007141217589378357,-0.9181042313575745,55530,3590
0,0.029999999329447746,-0.07999999821186066,9.710000038146973,-0.0625,0,-0.0625,29.5,-28.6875,-18.75,-0.3962460458278656,-0.004760812036693096,0.007141217589378357,-0.9181042313575745,55540,3591
0,0.05000000074505806,-0.07999999821186066,9.729999542236328,-0.125,0.0625,0.125,30.25,-28.6875,-19.25,-0.3962460458278656,-0.004760812036693096,0.007141217589378357,-0.9181042313575745,55550,3592
0,0.05999999865889549,-0.07000000029802322,9.720000267028809,0.0625,0.0625,0,30.25,-28.6875,-19.25,-0.3962460458278656,-0.004760812036693096,0.007141217589378357,-0.9181042313575745,55560,3593
0,0.05000000074505806,-0.07000000029802322,9.720000267028809,-0.0625,0,0.0625,30.25,-28.6875,-19.25,-0.3962460458278656,-0.004760812036693096,0.007141217589378357,-0.9181042313575745,55570,3594
0,0.03999999910593033,-0.07000000029802322,9.75,0.125,0.0625,-0.125,30.25,-28.6875,-19.25,-0.3962460458278656,-0.004760812036693096,0.007141217589378357,-0.9181042313575745,55580,3595
0,0.05000000074505806,-0.09000000357627869,9.75,0,-0.25,-0.0625,30.25,-28.6875,-19.25,-0.3962460458278656,-0.004760812036693096,0.007141217589378357,-0.9181042313575745,55590,3596
0,0.05999999865889549,-0.07999999821186066,9.729999542236328,0.125,-0.0625,-0.0625,28.75,-27.5,-19.25,-0.3962460458278656,-0.004760812036693096,0.007141217589378357,-0.9181042313575745,55600,3597
0,0.029999999329447746,-0.09000000357627869,9.760000228881836,-0.0625,0.125,0.125,28.75,-27.5,-19.25,-0.3962460458278656,-0.004760812036693096,0.007141217589378357,-0.9181042313575745,55610,3598
0,0.07000000029802322,-0.09000000357627869,9.6899995803833,0.125,-0.0625,0.0625,28.75,-27.5,-19.25,-0.3962460458278656,-0.004760812036693096,0.007141217589378357,-0.9181042313575745,55620,3599
0,0.03999999910593033,-0.07999999821186066,9.729999542236328,0,-0.0625,0.125,28.75,-27.5,-19.25,-0.3962460458278656,-0.004760812036693096,0.007141217589378357,-0.9181042313575745,55630,3600
0,0.05000000074505806,-0.09000000357627869,9.739999771118164,0.0625,0,0,28.75,-27.5,-19.25,-0.3962460458278656,-0.004760812036693096,0.007141217589378357,-0.9181042313575745,55640,3601
0,0.05000000074505806,-0.07000000029802322,9.729999542236328,0,0.25,0,29.5,-29,-20.0625,-0.3962460458278656,-0.004760812036693096,0.007141217589378357,-0.9181042313575745,55650,3602
0,0.05000000074505806,-0.05999999865889549,9.739999771118164,0,0,0.0625,29.5,-29,-20.0625,-0.3962460458278656,-0.004760812036693096,0.007141217589378357,-0.9181042313575745,55660,3603
0,0.03999999910593033,-0.05999999865889549,9.710000038146973,0,-0.125,0.0625,29.5,-29,-20.0625,-0.3962460458278656,-0.004760812036693096,0.007141217589378357,-0.9181042313575745,55670,3604
0,0.05999999865889549,-0.10000000149011612,9.710000038146973,0.0625,-0.125,0.0625,29.5,-29,-20.0625,-0.3962460458278656,-0.004760812036693096,0.007141217589378357,-0.9181042313575745,55680,3605
0,0.05999999865889549,-0.07999999821186066,9.720000267028809,0,-0.1875,0.0625,29.5,-29,-20.0625,-0.3962460458278656,-0.004760812036693096,0.007141217589378357,-0.9181042313575745,55690,3606
0,0.07000000029802322,-0.07000000029802322,9.739999771118164,0.0625,-0.25,0,30.6875,-28.6875,-19.5625,-0.3962460458278656,-0.004760812036693096,0.007141217589378357,-0.9181042313575745,55700,3607
0,0.07000000029802322,-0.10000000149011612,9.739999771118164,-0.0625,0.125,0,30.6875,-28.6875,-19.5625,-0.3962460458278656,-0.004760812036693096,0.007141217589378357,-0.9181042313575745,55710,3608
0,0.05999999865889549,-0.07999999821186066,9.729999542236328,0.0625,0.1875,-0.0625,30.6875,-28.6875,-19.5625,-0.3962460458278656,-0.004760812036693096,0.007141217589378357,-0.9181042313575745,55720,3609
0,0.03999999910593033,-0.05999999865889549,9.710000038146973,0.0625,-0.125,0,30.6875,-28.6875,-19.5625,-0.3962460458278656,-0.004760812036693096,0.007141217589378357,-0.9181042313575745,55730,3610
0,0.05999999865889549,-0.09000000357627869,9.720000267028809,0,0.0625,0,30.6875,-28.6875,-19.5625,-0.3962460458278656,-0.004760812036693096,0.007141217589378357,-0.9181042313575745,55740,3611
0,0.05000000074505806,-0.07999999821186066,9.739999771118164,0.125,-0.1875,-0.0625,30.25,-29.375,-18.5,-0.3962460458278656,-0.004760812036693096,0.007141217589378357,-0.9181042313575745,55750,3612
0,0.05000000074505806,-0.07999999821186066,9.75,0,0.0625,0.0625,30.25,-29.375,-18.5,-0.3962460458278656,-0.004760812036693096,0.007141217589378357,-0.9181042313575745,55760,3613
0,0.05999999865889549,-0.09000000357627869,9.720000267028809,0,0.0625,-0.0625,30.25,-29.375,-18.5,-0.3962460458278656,-0.004760812036693096,0.007141217589378357,-0.9181042313575745,55770,3614
0,0.03999999910593033,-0.09000000357627869,9.729999542236328,0.0625,0.125,0.0625,30.25,-29.375,-18.5,-0.3962460458278656,-0.004760812036693096,0.007141217589378357,-0.9181042313575745,55780,3615
0,0.03999999910593033,-0.07999999821186066,9.739999771118164,0.125,-0.1875,0.125,30.25,-29.375,-18.5,-0.3962460458278656,-0.004760812036693096,0.007141217589378357,-0.9181042313575745,55790,3616
0,0.05000000074505806,-0.07000000029802322,9.729999542236328,0.0625,-0.25,0,29.875,-30.1875,-19.5625,-0.3962460458278656,-0.004760812036693096,0.007141217589378357,-0.9181042313575745,55800,3617
0,0.05999999865889549,-0.10000000149011612,9.739999771118164,-0.0625,-0.125,-0.125,29.875,-30.1875,-19.5625,-0.3962460458278656,-0.004760812036693096,0.007141217589378357,-0.9181042313575745,55810,3618
0,0.07000000029802322,-0.07999999821186066,9.699999809265137,0.0625,0,-0.0625,29.875,-30.1875,-19.5625,-0.3962460458278656,-0.004760812036693096,0.007141217589378357,-0.9181042313575745,55820,3619
0,0.07000000029802322,-0.07999999821186066,9.729999542236328,0,0.125,0,29.875,-30.1875,-19.5625,-0.3962460458278656,-0.004760812036693096,0.007141217589378357,-0.9181042313575745,55830,3620
0,0.05000000074505806,-0.07000000029802322,9.75,-0.0625,0.125,0.0625,29.875,-30.1875,-19.5625,-0.3962460458278656,-0.004760812036693096,0.007141217589378357,-0.9181042313575745,55840,3621
0,0.07000000029802322,-0.07000000029802322,9.739999771118164,-0.0625,0.0625,0,29.875,-29.375,-19.5625,-0.3962460458278656,-0.004760812036693096,0.007141217589378357,-0.9181042313575745,55850,3622
0,0.05999999865889549,-0.07999999821186066,9.720000267028809,0,0.0625,-0.125,29.875,-29.375,-19.5625,-0.3962460458278656,-0.004760812036693096,0.007141217589378357,-0.9181042313575745,55860,3623
0,0.03999999910593033,-0.07000000029802322,9.710000038146973,-0.0625,-0.0625,0.0625,29.875,-29.375,-19.5625,-0.3962460458278656,-0.004760812036693096,0.007141217589378357,-0.9181042313575745,55870,3624
0,0.05000000074505806,-0.07000000029802322,9.729999542236328,-0.0625,0.125,-0.0625,29.875,-29.375,-19.5625,-0.3962460458278656,-0.004760812036693096,0.007141217589378357,-0.9181042313575745,55880,3625
0,0.05999999865889549,-0.09000000357627869,9.720000267028809,0,0.1875,-0.0625,29.875,-29.375,-19.5625,-0.3962460458278656,-0.004760812036693096,0.007141217589378357,-0.9181042313575745,55890,3626
0,0.05000000074505806,-0.07999999821186066,9.760000228881836,0.0625,0.1875,-0.0625,29.875,-28.6875,-19.5625,-0.3962460458278656,-0.004760812036693096,0.007141217589378357,-0.9181042313575745,55900,3627
0,0.05000000074505806,-0.09000000357627869,9.720000267028809,0.0625,0.0625,0,29.875,-28.6875,-19.5625,-0.3962460458278656,-0.004760812036693096,0.007141217589378357,-0.9181042313575745,55910,3628
0,0.07999999821186066,-0.07999999821186066,9.729999542236328,0,0.0625,-0.0625,29.875,-28.6875,-19.5625,-0.3962460458278656,-0.004760812036693096,0.007141217589378357,-0.9181042313575745,55920,3629
0,0.05999999865889549,-0.07999999821186066,9.760000228881836,0,-0.125,0.0625,29.875,-28.6875,-19.5625,-0.3962460458278656,-0.004760812036693096,0.007141217589378357,-0.9181042313575745,55930,3630
0,0.05000000074505806,-0.09000000357627869,9.770000457763672,0.125,0.0625,0.125,29.875,-28.6875,-19.5625,-0.3962460458278656,-0.004760812036693096,0.007141217589378357,-0.9181042313575745,55940,3631
0,0.03999999910593033,-0.07000000029802322,9.710000038146973,0.1875,-0.125,0.0625,30.25,-27.875,-19.5625,-0.3962460458278656,-0.004760812036693096,0.007141217589378357,-0.9181042313575745,55950,3632
0,0.03999999910593033,-0.07000000029802322,9.729999542236328,0,0.0625,0,30.25,-27.875,-19.5625,-0.3962460458278656,-0.004760812036693096,0.007141217589378357,-0.9181042313575745,55960,3633
0,0.05999999865889549,-0.07000000029802322,9.710000038146973,0,-0.0625,-0.0625,30.25,-27.875,-19.5625,-0.3962460458278656,-0.004760812036693096,0.007141217589378357,-0.9181042313575745,55970,3634
0,0.05999999865889549,-0.07999999821186066,9.729999542236328,0,0.0625,0.0625,30.25,-27.875,-19.5625,-0.3962460458278656,-0.004760812036693096,0.007141217589378357,-0.9181042313575745,55980,3635
0,0.05999999865889549,-0.09000000357627869,9.720000267028809,0.0625,-0.25,0.125,30.25,-27.875,-19.5625,-0.3962460458278656,-0.004760812036693096,0.007141217589378357,-0.9181042313575745,55990,3636
0,0.05000000074505806,-0.07999999821186066,9.729999542236328,0.125,-0.0625,0,29.1875,-26.75,-18.5,-0.3962460458278656,-0.004760812036693096,0.007141217589378357,-0.9181042313575745,56000,3637
0,0.05000000074505806,-0.07999999821186066,9.720000267028809,0.0625,0,-0.0625,29.1875,-26.75,-18.5,-0.3962460458278656,-0.004760812036693096,0.007141217589378357,-0.9181042313575745,56010,3638
0,0.05000000074505806,-0.07000000029802322,9.6899995803833,-0.0625,0.0625,0.0625,29.1875,-26.75,-18.5,-0.3962460458278656,-0.004760812036693096,0.007141217589378357,-0.9181042313575745,56020,3639
0,0.05000000074505806,-0.07999999821186066,9.739999771118164,0.0625,-0.3125,-0.125,29.1875,-26.75,-18.5,-0.3962460458278656,-0.004760812036693096,0.007141217589378357,-0.9181042313575745,56030,3640
0,0.05999999865889549,-0.09000000357627869,9.729999542236328,0.0625,0.125,0.0625,29.1875,-26.75,-18.5,-0.3962460458278656,-0.004760812036693096,0.007141217589378357,-0.9181042313575745,56040,3641
0,0.05000000074505806,-0.10000000149011612,9.729999542236328,0.125,0.0625,-0.0625,29.875,-27.875,-20.0625,-0.3962460458278656,-0.004760812036693096,0.007141217589378357,-0.9181042313575745,56050,3642
0,0.05000000074505806,-0.05999999865889549,9.739999771118164,0.0625,0.1875,0,29.875,-27.875,-20.0625,-0.3962460458278656,-0.004760812036693096,0.007141217589378357,-0.9181042313575745,56060,3643
0,0.05999999865889549,-0.05999999865889549,9.710000038146973,0.0625,0.125,0.0625,29.875,-27.875,-20.0625,-0.3962460458278656,-0.004760812036693096,0.007141217589378357,-0.9181042313575745,56070,3644
0,0.05999999865889549,-0.07000000029802322,9.739999771118164,0.0625,0.125,0.0625,29.875,-27.875,-20.0625,-0.3962460458278656,-0.004760812036693096,0.007141217589378357,-0.9181042313575745,56081,3645
0,0.05000000074505806,-0.09000000357627869,9.760000228881836,-0.125,0,-0.0625,29.875,-27.875,-20.0625,-0.3962460458278656,-0.004760812036693096,0.007141217589378357,-0.9181042313575745,56090,3646
0,0.03999999910593033,-0.09000000357627869,9.710000038146973,-0.0625,0,-0.0625,29.875,-27.875,-18.5,-0.3962460458278656,-0.004760812036693096,0.007141217589378357,-0.9181042313575745,56101,3647
0,0.05000000074505806,-0.07999999821186066,9.729999542236328,0,0,0.0625,29.875,-27.875,-18.5,-0.3962460458278656,-0.004760812036693096,0.007141217589378357,-0.9181042313575745,56111,3648
0,0.05000000074505806,-0.10000000149011612,9.729999542236328,0,0.0625,-0.125,29.875,-27.875,-18.5,-0.3962460458278656,-0.004760812036693096,0.007141217589378357,-0.9181042313575745,56120,3649
0,0.05000000074505806,-0.07000000029802322,9.729999542236328,0.0625,-0.1875,0.0625,29.875,-27.875,-18.5,-0.3962460458278656,-0.004760812036693096,0.007141217589378357,-0.9181042313575745,56130,3650
0,0.03999999910593033,-0.07999999821186066,9.75,0.0625,0,0.125,29.875,-27.875,-18.5,-0.3962460458278656,-0.004760812036693096,0.007141217589378357,-0.9181042313575745,56140,3651
0,0.03999999910593033,-0.09000000357627869,9.739999771118164,0.0625,0.1875,0,29.1875,-28.25,-19.25,-0.3962460458278656,-0.004760812036693096,0.007141217589378357,-0.9181042313575745,56151,3652
0,0.05999999865889549,-0.07999999821186066,9.720000267028809,-0.0625,0.3125,-0.1875,29.1875,-28.25,-19.25,-0.3962460458278656,-0.004760812036693096,0.007141217589378357,-0.9181042313575745,56161,3653
0,0.05999999865889549,-0.09000000357627869,9.739999771118164,-0.0625,0.0625,0,29.1875,-28.25,-19.25,-0.3962460458278656,-0.004760812036693096,0.007141217589378357,-0.9181042313575745,56171,3654
0,0.05999999865889549,-0.07999999821186066,9.710000038146973,-0.0625,-0.0625,-0.0625,29.1875,-28.25,-19.25,-0.3962460458278656,-0.004760812036693096,0.007141217589378357,-0.9181042313575745,56181,3655
0,0.05000000074505806,-0.05000000074505806,9.75,0,0.1875,0,29.1875,-28.25,-19.25,-0.3962460458278656,-0.004760812036693096,0.007141217589378357,-0.9181042313575745,56190,3656
0,0.05000000074505806,-0.10000000149011612,9.739999771118164,0,0,0.0625,29.875,-25.25,-19.5625,-0.3962460458278656,-0.004760812036693096,0.007141217589378357,-0.9181042313575745,56201,3657
0,0.05999999865889549,-0.07000000029802322,9.720000267028809,0,0.0625,0.0625,29.875,-25.25,-19.5625,-0.3962460458278656,-0.004760812036693096,0.007141217589378357,-0.9181042313575745,56211,3658
0,0.05000000074505806,-0.05000000074505806,9.710000038146973,0,-0.0625,-0.0625,29.875,-25.25,-19.5625,-0.3962460458278656,-0.004760812036693096,0.007141217589378357,-0.9181042313575745,56221,3659
0,0.05000000074505806,-0.07999999821186066,9.75,0,0,0,29.875,-25.25,-19.5625,-0.3962460458278656,-0.004760812036693096,0.007141217589378357,-0.9181042313575745,56230,3660
0,0.03999999910593033,-0.09000000357627869,9.729999542236328,0.125,0.0625,0.0625,29.875,-25.25,-19.5625,-0.3962460458278656,-0.004760812036693096,0.007141217589378357,-0.9181042313575745,56240,3661
0,0.03999999910593033,-0.09000000357627869,9.75,0.0625,0,0,29.5,-27.5,-19.25,-0.3962460458278656,-0.004760812036693096,0.007141217589378357,-0.9181042313575745,56251,3662
0,0.05999999865889549,-0.07000000029802322,9.760000228881836,-0.0625,0.0625,0.125,29.5,-27.5,-19.25,-0.3962460458278656,-0.004760812036693096,0.007141217589378357,-0.9181042313575745,56261,3663
0,0.05000000074505806,-0.07999999821186066,9.729999542236328,0.125,-0.1875,0.125,29.5,-27.5,-19.25,-0.3962460458278656,-0.004760812036693096,0.007141217589378357,-0.9181042313575745,56271,3664
0,0.07000000029802322,-0.09000000357627869,9.729999542236328,0.125,-0.1875,0.125,29.5,-27.5,-19.25,-0.3962460458278656,-0.004760812036693096,0.007141217589378357,-0.9181042313575745,56281,3665
0,0.07000000029802322,-0.10000000149011612,9.729999542236328,0.0625,-0.0625,-0.0625,29.5,-27.5,-19.25,-0.3962460458278656,-0.004760812036693096,0.007141217589378357,-0.9181042313575745,56290,3666
0,0.07000000029802322,-0.07000000029802322,9.729999542236328,0.0625,0.0625,-0.0625,30.25,-26.75,-18.75,-0.3962460458278656,-0.004760812036693096,0.007141217589378357,-0.9181042313575745,56301,3667
0,0.05000000074505806,-0.09000000357627869,9.729999542236328,0.0625,0.0625,-0.0625,30.25,-26.75,-18.75,-0.3962460458278656,-0.004760812036693096,0.007141217589378357,-0.9181042313575745,56311,3668
0,0.05999999865889549,-0.09000000357627869,9.729999542236328,0,0.0625,0.0625,30.25,-26.75,-18.75,-0.3962460458278656,-0.004760812036693096,0.007141217589378357,-0.9181042313575745,56321,3669
0,0.05000000074505806,-0.07000000029802322,9.729999542236328,0,0,0,30.25,-26.75,-18.75,-0.3962460458278656,-0.004760812036693096,0.007141217589378357,-0.9181042313575745,56330,3670
0,0.05000000074505806,-0.09000000357627869,9.720000267028809,0.0625,0.125,-0.0625,30.25,-26.75,-18.75,-0.3962460458278656,-0.004760812036693096,0.007141217589378357,-0.9181042313575745,56340,3671
0,0.05999999865889549,-0.07999999821186066,9.720000267028809,0.1875,-0.125,0.1875,30.6875,-28.6875,-18.75,-0.3962460458278656,-0.004760812036693096,0.007141217589378357,-0.9181042313575745,56351,3672
0,0.03999999910593033,-0.07999999821186066,9.760000228881836,-0.0625,0.1875,0,30.6875,-28.6875,-18.75,-0.3962460458278656,-0.004760812036693096,0.007141217589378357,-0.9181042313575745,56361,3673
0,0.05000000074505806,-0.09000000357627869,9.699999809265137,-0.125,0.0625,0,30.6875,-28.6875,-18.75,-0.3962460458278656,-0.004760812036693096,0.007141217589378357,-0.9181042313575745,56371,3674
0,0.05000000074505806,-0.07999999821186066,9.710000038146973,0.0625,-0.0625,0.0625,30.6875,-28.6875,-18.75,-0.3962460458278656,-0.004760812036693096,0.007141217589378357,-0.9181042313575745,56381,3675
0,0.05000000074505806,-0.07999999821186066,9.760000228881836,0,0.0625,0.0625,30.6875,-28.6875,-18.75,-0.3962460458278656,-0.004760812036693096,0.007141217589378357,-0.9181042313575745,56390,3676
0,0.05999999865889549,-0.07999999821186066,9.739999771118164,0.125,0.0625,0.0625,30.6875,-29.375,-19.25,-0.3962460458278656,-0.004760812036693096,0.007141217589378357,-0.9181042313575745,56401,3677
0,0.05000000074505806,-0.10000000149011612,9.720000267028809,-0.0625,0.125,0,30.6875,-29.375,-19.25,-0.3962460458278656,-0.004760812036693096,0.007141217589378357,-0.9181042313575745,56411,3678
0,0.05999999865889549,-0.07999999821186066,9.710000038146973,0,0.125,-0.0625,30.6875,-29.375,-19.25,-0.3962460458278656,-0.004760812036693096,0.007141217589378357,-0.9181042313575745,56421,3679
0,0.05000000074505806,-0.05000000074505806,9.739999771118164,0,0.125,0.0625,30.6875,-29.375,-19.25,-0.3962460458278656,-0.004760812036693096,0.007141217589378357,-0.9181042313575745,56430,3680
0,0.05000000074505806,-0.07000000029802322,9.739999771118164,0.1875,0,0.0625,30.6875,-29.375,-19.25,-0.3962460458278656,-0.004760812036693096,0.007141217589378357,-0.9181042313575745,56440,3681
0,0.05999999865889549,-0.07000000029802322,9.739999771118164,0.125,-0.0625,0.125,31,-28.25,-20.0625,-0.3962460458278656,-0.004760812036693096,0.007141217589378357,-0.9181042313575745,56451,3682
0,0.05000000074505806,-0.07999999821186066,9.729999542236328,0.0625,-0.125,0,31,-28.25,-20.0625,-0.3962460458278656,-0.004760812036693096,0.007141217589378357,-0.9181042313575745,56461,3683
0,0.05999999865889549,-0.10000000149011612,9.699999809265137,-0.0625,0.25,-0.0625,31,-28.25,-20.0625,-0.3962460458278656,-0.004760812036693096,0.007141217589378357,-0.9181042313575745,56471,3684
0,0.05999999865889549,-0.09000000357627869,9.760000228881836,0,0.25,0,31,-28.25,-20.0625,-0.3962460458278656,-0.004760812036693096,0.007141217589378357,-0.9181042313575745,56482,3685
0,0.05000000074505806,-0.05999999865889549,9.739999771118164,-0.0625,0.0625,-0.0625,31,-28.25,-20.0625,-0.3962460458278656,-0.004760812036693096,0.007141217589378357,-0.9181042313575745,56490,3686
0,0.05999999865889549,-0.07999999821186066,9.720000267028809,0.0625,0.0625,0,30.25,-29.375,-20.5,-0.3962460458278656,-0.004760812036693096,0.007141217589378357,-0.9181042313575745,56502,3687
0,0.05999999865889549,-0.07000000029802322,9.739999771118164,-0.0625,0,0,30.25,-29.375,-20.5,-0.3962460458278656,-0.004760812036693096,0.007141217589378357,-0.9181042313575745,56511,3688
0,0.03999999910593033,-0.10000000149011612,9.720000267028809,0,-0.125,0,30.25,-29.375,-20.5,-0.3962460458278656,-0.004760812036693096,0.007141217589378357,-0.9181042313575745,56521,3689
0,0.05000000074505806,-0.07000000029802322,9.739999771118164,-0.125,0.1875,-0.0625,30.25,-29.375,-20.5,-0.3962460458278656,-0.004760812036693096,0.007141217589378357,-0.9181042313575745,56530,3690
0,0.05999999865889549,-0.09000000357627869,9.729999542236328,-0.0625,0.0625,0.0625,30.25,-29.375,-20.5,-0.3962460458278656,-0.004760812036693096,0.007141217589378357,-0.9181042313575745,56540,3691
0,0.05000000074505806,-0.09000000357627869,9.75,-0.0625,0.25,0,29.5,-25.6875,-18.5,-0.3962460458278656,-0.004760812036693096,0.007141217589378357,-0.9181042313575745,56552,3692
0,0.05999999865889549,-0.09000000357627869,9.739999771118164,0.0625,0.0625,0.1875,29.5,-25.6875,-18.5,-0.3962460458278656,-0.004760812036693096,0.007141217589378357,-0.9181042313575745,56562,3693
0,0.05000000074505806,-0.10000000149011612,9.739999771118164,-0.125,0.3125,-0.1875,29.5,-25.6875,-18.5,-0.3962460458278656,-0.004760812036693096,0.007141217589378357,-0.9181042313575745,56572,3694
0,0.03999999910593033,-0.05999999865889549,9.710000038146973,0.0625,-0.125,0.125,29.5,-25.6875,-18.5,-0.3962460458278656,-0.004760812036693096,0.007141217589378357,-0.9181042313575745,56582,3695
0,0.03999999910593033,-0.07000000029802322,9.720000267028809,0,0.125,0.0625,29.5,-25.6875,-18.5,-0.3962460458278656,-0.004760812036693096,0.007141217589378357,-0.9181042313575745,56590,3696
0,0.05000000074505806,-0.07999999821186066,9.770000457763672,0.1875,0.125,0.0625,30.25,-29.375,-20.0625,-0.3962460458278656,-0.004760812036693096,0.007141217589378357,-0.9181042313575745,56602,3697
0,0.05000000074505806,-0.07000000029802322,9.739999771118164,0.0625,0.1875,0,30.25,-29.375,-20.0625,-0.3962460458278656,-0.004760812036693096,0.007141217589378357,-0.9181042313575745,56612,3698
0,0.05000000074505806,-0.10000000149011612,9.729999542236328,0.0625,-0.125,-0.0625,30.25,-29.375,-20.0625,-0.3962460458278656,-0.004760812036693096,0.007141217589378357,-0.9181042313575745,56622,3699
0,0.07000000029802322,-0.07999999821186066,9.75,0.125,0.1875,0,30.25,-29.375,-20.0625,-0.3962460458278656,-0.004760812036693096,0.007141217589378357,-0.9181042313575745,56631,3700
0,0.05999999865889549,-0.09000000357627869,9.720000267028809,0,0.0625,0.0625,30.25,-29.375,-20.0625,-0.3962460458278656,-0.004760812036693096,0.007141217589378357,-0.9181042313575745,56640,3701
0,0.07999999821186066,-0.07999999821186066,9.779999732971191,0.0625,0,0.0625,29.875,-28.25,-18.875,-0.3962460458278656,-0.004760812036693096,0.007141217589378357,-0.9181042313575745,56652,3702
0,0.029999999329447746,-0.07999999821186066,9.75,0.0625,0.125,0.0625,29.875,-28.25,-18.875,-0.3962460458278656,-0.004760812036693096,0.007141217589378357,-0.9181042313575745,56662,3703
0,0.05000000074505806,-0.07999999821186066,9.739999771118164,-0.125,-0.0625,0,29.875,-28.25,-18.875,-0.3962460458278656,-0.004760812036693096,0.007141217589378357,-0.9181042313575745,56672,3704
0,0.05999999865889549,-0.07000000029802322,9.720000267028809,0.0625,-0.125,0.125,29.875,-28.25,-18.875,-0.3962460458278656,-0.004760812036693096,0.007141217589378357,-0.9181042313575745,56682,3705
0,0.029999999329447746,-0.09000000357627869,9.770000457763672,0.0625,-0.125,0.0625,29.875,-28.25,-18.875,-0.3962460458278656,-0.004760812036693096,0.007141217589378357,-0.9181042313575745,56690,3706
0,0.05000000074505806,-0.05000000074505806,9.729999542236328,0,-0.125,-0.0625,30.25,-27.5,-19.5625,-0.3962460458278656,-0.004760812036693096,0.007141217589378357,-0.9181042313575745,56702,3707
0,0.05999999865889549,-0.10000000149011612,9.760000228881836,0.0625,0.1875,-0.0625,30.25,-27.5,-19.5625,-0.3962460458278656,-0.004760812036693096,0.007141217589378357,-0.9181042313575745,56712,3708
0,0.03999999910593033,-0.09000000357627869,9.729999542236328,0.0625,0.0625,0.0625,30.25,-27.5,-19.5625,-0.3962460458278656,-0.004760812036693096,0.007141217589378357,-0.9181042313575745,56722,3709
0,0.03999999910593033,-0.07999999821186066,9.739999771118164,-0.0625,0,-0.0625,30.25,-27.5,-19.5625,-0.3962460458278656,-0.004760812036693096,0.007141217589378357,-0.9181042313575745,56731,3710
0,0.05999999865889549,-0.09000000357627869,9.729999542236328,-0.0625,0.1875,0.125,30.25,-27.5,-19.5625,-0.3962460458278656,-0.004760812036693096,0.007141217589378357,-0.9181042313575745,56740,3711
0,0.05000000074505806,-0.07000000029802322,9.739999771118164,0.0625,-0.3125,0,29.875,-27.5,-19.5625,-0.3962460458278656,-0.004760812036693096,0.007141217589378357,-0.9181042313575745,56752,3712
0,0.03999999910593033,-0.10000000149011612,9.720000267028809,-0.0625,-0.0625,-0.0625,29.875,-27.5,-19.5625,-0.3962460458278656,-0.004760812036693096,0.007141217589378357,-0.9181042313575745,56762,3713
0,0.03999999910593033,-0.07999999821186066,9.720000267028809,0.125,-0.125,0.0625,29.875,-27.5,-19.5625,-0.3962460458278656,-0.004760812036693096,0.007141217589378357,-0.9181042313575745,56772,3714
0,0.05999999865889549,-0.07999999821186066,9.729999542236328,0.0625,0,0.125,29.875,-27.5,-19.5625,-0.3962460458278656,-0.004760812036693096,0.007141217589378357,-0.9181042313575745,56782,3715
0,0.03999999910593033,-0.07999999821186066,9.729999542236328,0.125,0.0625,0,29.875,-27.5,-19.5625,-0.3962460458278656,-0.004760812036693096,0.007141217589378357,-0.9181042313575745,56790,3716
0,0.05000000074505806,-0.07000000029802322,9.75,0.0625,0.0625,0,30.6875,-28.25,-20.0625,-0.3962460458278656,-0.004760812036693096,0.007141217589378357,-0.9181042313575745,56802,3717
0,0.05000000074505806,-0.07999999821186066,9.729999542236328,0,0.0625,0,30.6875,-28.25,-20.0625,-0.3962460458278656,-0.004760812036693096,0.007141217589378357,-0.9181042313575745,56812,3718
0,0.05999999865889549,-0.07999999821186066,9.720000267028809,0.0625,-0.0625,0,30.6875,-28.25,-20.0625,-0.3962460458278656,-0.004760812036693096,0.007141217589378357,-0.9181042313575745,56822,3719
0,0.07000000029802322,-0.05999999865889549,9.75,0,0,0.0625,30.6875,-28.25,-20.0625,-0.3962460458278656,-0.004760812036693096,0.007141217589378357,-0.9181042313575745,56831,3720
0,0.07999999821186066,-0.05999999865889549,9.739999771118164,-0.0625,0.0625,-0.0625,30.6875,-28.25,-20.0625,-0.3962460458278656,-0.004760812036693096,0.007141217589378357,-0.9181042313575745,56840,3721
0,0.05000000074505806,-0.07999999821186066,9.729999542236328,0.0625,-0.0625,0,30.25,-27.1875,-19.5625,-0.3962460458278656,-0.004760812036693096,0.007141217589378357,-0.9181042313575745,56852,3722
0,0.029999999329447746,-0.09000000357627869,9.75,-0.0625,0.0625,0.125,30.25,-27.1875,-19.5625,-0.3962460458278656,-0.004760812036693096,0.007141217589378357,-0.9181042313575745,56862,3723
0,0.05000000074505806,-0.07000000029802322,9.739999771118164,0,-0.0625,0,30.25,-27.1875,-19.5625,-0.3962460458278656,-0.004760812036693096,0.007141217589378357,-0.9181042313575745,56872,3724
0,0.05000000074505806,-0.09000000357627869,9.729999542236328,-0.0625,-0.25,0.0625,30.25,-27.1875,-19.5625,-0.3962460458278656,-0.004760812036693096,0.007141217589378357,-0.9181042313575745,56882,3725
0,0.05999999865889549,-0.09000000357627869,9.729999542236328,0.0625,0,0,30.25,-27.1875,-19.5625,-0.3962460458278656,-0.004760812036693096,0.007141217589378357,-0.9181042313575745,56890,3726
0,0.05000000074505806,-0.09000000357627869,9.739999771118164,0,-0.0625,0,29.875,-27.1875,-20.0625,-0.3962460458278656,-0.004760812036693096,0.007141217589378357,-0.9181042313575745,56902,3727
0,0.03999999910593033,-0.07000000029802322,9.739999771118164,-0.0625,0.125,-0.0625,29.875,-27.1875,-20.0625,-0.3962460458278656,-0.004760812036693096,0.007141217589378357,-0.9181042313575745,56912,3728
0,0.05999999865889549,-0.07000000029802322,9.699999809265137,-0.0625,0.0625,0,29.875,-27.1875,-20.0625,-0.3962460458278656,-0.004760812036693096,0.007141217589378357,-0.9181042313575745,56922,3729
0,0.05000000074505806,-0.05999999865889549,9.710000038146973,-0.0625,0,0.0625,29.875,-27.1875,-20.0625,-0.3962460458278656,-0.004760812036693096,0.007141217589378357,-0.9181042313575745,56932,3730
0,0.05000000074505806,-0.10000000149011612,9.739999771118164,-0.0625,0,0,29.875,-27.1875,-20.0625,-0.3962460458278656,-0.004760812036693096,0.007141217589378357,-0.9181042313575745,56940,3731
0,0.05000000074505806,-0.07000000029802322,9.75,0,0.125,0,29.875,-27.875,-19.5625,-0.3962460458278656,-0.004760812036693096,0.007141217589378357,-0.9181042313575745,56953,3732
0,0.05999999865889549,-0.09000000357627869,9.739999771118164,-0.0625,0,0.0625,29.875,-27.875,-19.5625,-0.3962460458278656,-0.004760812036693096,0.007141217589378357,-0.9181042313575745,56963,3733
0,0.03999999910593033,-0.09000000357627869,9.720000267028809,-0.125,0.0625,0,29.875,-27.875,-19.5625,-0.3962460458278656,-0.004760812036693096,0.007141217589378357,-0.9181042313575745,56972,3734
0,0.05000000074505806,-0.07999999821186066,9.729999542236328,-0.0625,0.125,0,29.875,-27.875,-19.5625,-0.3962460458278656,-0.004760812036693096,0.007141217589378357,-0.9181042313575745,56983,3735
0,0.05000000074505806,-0.10000000149011612,9.710000038146973,0,-0.0625,0.0625,29.875,-27.875,-19.5625,-0.3962460458278656,-0.004760812036693096,0.007141217589378357,-0.9181042313575745,56990,3736
0,0.05000000074505806,-0.07000000029802322,9.760000228881836,-0.0625,-0.0625,0.0625,29.875,-27.875,-19.5625,-0.3962460458278656,-0.004760812036693096,0.007141217589378357,-0.9181042313575745,57003,3737
0,0.03999999910593033,-0.07000000029802322,9.75,-0.125,0,-0.0625,29.875,-27.875,-19.5625,-0.3962460458278656,-0.004760812036693096,0.007141217589378357,-0.9181042313575745,57012,3738
0,0.05999999865889549,-0.07000000029802322,9.710000038146973,-0.125,0.0625,0,29.875,-27.875,-19.5625,-0.3962460458278656,-0.004760812036693096,0.007141217589378357,-0.9181042313575745,57023,3739
0,0.05000000074505806,-0.07000000029802322,9.720000267028809,0,0.0625,-0.0625,29.875,-27.875,-19.5625,-0.3962460458278656,-0.004760812036693096,0.007141217589378357,-0.9181042313575745,57032,3740
0,0.07000000029802322,-0.07999999821186066,9.739999771118164,0,0.0625,0.0625,29.875,-27.875,-19.5625,-0.3962460458278656,-0.004760812036693096,0.007141217589378357,-0.9181042313575745,57040,3741
0,0.03999999910593033,-0.07000000029802322,9.739999771118164,-0.1875,0.3125,-0.125,29.5,-27.875,-19.25,-0.3962460458278656,-0.004760812036693096,0.007141217589378357,-0.9181042313575745,57053,3742
0,0.05999999865889549,-0.09000000357627869,9.710000038146973,-0.125,0.1875,-0.0625,29.5,-27.875,-19.25,-0.3962460458278656,-0.004760812036693096,0.007141217589378357,-0.9181042313575745,57063,3743
0,0.03999999910593033,-0.10000000149011612,9.720000267028809,0,0,0.0625,29.5,-27.875,-19.25,-0.3962460458278656,-0.004760812036693096,0.007141217589378357,-0.9181042313575745,57073,3744
0,0.05999999865889549,-0.07000000029802322,9.720000267028809,0,0.125,0.125,29.5,-27.875,-19.25,-0.3962460458278656,-0.004760812036693096,0.007141217589378357,-0.9181042313575745,57083,3745
0,0.05999999865889549,-0.07999999821186066,9.710000038146973,0,-0.0625,0,29.5,-27.875,-19.25,-0.3962460458278656,-0.004760812036693096,0.007141217589378357,-0.9181042313575745,57090,3746
0,0.05000000074505806,-0.09000000357627869,9.720000267028809,0.0625,-0.125,0.0625,30.6875,-27.5,-18.5,-0.3962460458278656,-0.004760812036693096,0.007141217589378357,-0.9181042313575745,57103,3747
0,0.05000000074505806,-0.05999999865889549,9.720000267028809,-0.0625,0.0625,0,30.6875,-27.5,-18.5,-0.3962460458278656,-0.004760812036693096,0.007141217589378357,-0.9181042313575745,57113,3748
0,0.05999999865889549,-0.09000000357627869,9.729999542236328,0,0.125,-0.0625,30.6875,-27.5,-18.5,-0.3962460458278656,-0.004760812036693096,0.007141217589378357,-0.9181042313575745,57123,3749
0,0.05000000074505806,-0.09000000357627869,9.710000038146973,-0.125,0.125,0.0625,30.6875,-27.5,-18.5,-0.3962460458278656,-0.004760812036693096,0.007141217589378357,-0.9181042313575745,57132,3750
0,0.05000000074505806,-0.07000000029802322,9.729999542236328,0.0625,0.0625,0,30.6875,-27.5,-18.5,-0.3962460458278656,-0.004760812036693096,0.007141217589378357,-0.9181042313575745,57140,3751
0,0.05000000074505806,-0.09000000357627869,9.729999542236328,-0.0625,-0.25,0,31.375,-28.25,-19.25,-0.3962460458278656,-0.004760812036693096,0.007141217589378357,-0.9181042313575745,57153,3752
0,0.05000000074505806,-0.07000000029802322,9.720000267028809,0.125,0.125,-0.0625,31.375,-28.25,-19.25,-0.3962460458278656,-0.004760812036693096,0.007141217589378357,-0.9181042313575745,57163,3753
0,0.03999999910593033,-0.07000000029802322,9.6899995803833,0.125,0,0.0625,31.375,-28.25,-19.25,-0.3962460458278656,-0.004760812036693096,0.007141217589378357,-0.9181042313575745,57173,3754
0,0.05000000074505806,-0.09000000357627869,9.720000267028809,0.0625,-0.0625,0,31.375,-28.25,-19.25,-0.3962460458278656,-0.004760812036693096,0.007141217589378357,-0.9181042313575745,57183,3755
0,0.03999999910593033,-0.05000000074505806,9.739999771118164,-0.1875,0.3125,-0.0625,31.375,-28.25,-19.25,-0.3962460458278656,-0.004760812036693096,0.007141217589378357,-0.9181042313575745,57190,3756
0,0.05999999865889549,-0.10000000149011612,9.720000267028809,-0.125,0.125,0.0625,29.875,-29,-19.25,-0.3962460458278656,-0.004760812036693096,0.007141217589378357,-0.9181042313575745,57203,3757
0,0.03999999910593033,-0.07999999821186066,9.739999771118164,-0.1875,0.125,-0.1875,29.875,-29,-19.25,-0.3962460458278656,-0.004760812036693096,0.007141217589378357,-0.9181042313575745,57213,3758
0,0.07000000029802322,-0.10000000149011612,9.699999809265137,0,0.1875,0,29.875,-29,-19.25,-0.3962460458278656,-0.004760812036693096,0.007141217589378357,-0.9181042313575745,57223,3759
0,0.05999999865889549,-0.07999999821186066,9.770000457763672,0.0625,0.125,-0.0625,29.875,-29,-19.25,-0.3962460458278656,-0.004760812036693096,0.007141217589378357,-0.9181042313575745,57232,3760
0,0.029999999329447746,-0.07999999821186066,9.739999771118164,-0.0625,0.125,0,29.875,-29,-19.25,-0.3962460458278656,-0.004760812036693096,0.007141217589378357,-0.9181042313575745,57240,3761
0,0.05999999865889549,-0.09000000357627869,9.739999771118164,0,0.125,0.0625,30.6875,-29,-19.5625,-0.3962460458278656,-0.004760812036693096,0.007141217589378357,-0.9181042313575745,57253,3762
0,0.05000000074505806,-0.07999999821186066,9.729999542236328,0.0625,-0.0625,-0.0625,30.6875,-29,-19.5625,-0.3962460458278656,-0.004760812036693096,0.007141217589378357,-0.9181042313575745,57263,3763
0,0.05999999865889549,-0.07999999821186066,9.720000267028809,0.0625,0.0625,0.0625,30.6875,-29,-19.5625,-0.3962460458278656,-0.004760812036693096,0.007141217589378357,-0.9181042313575745,57273,3764
0,0.07000000029802322,-0.09000000357627869,9.710000038146973,0,0.0625,-0.0625,30.6875,-29,-19.5625,-0.3962460458278656,-0.004760812036693096,0.007141217589378357,-0.9181042313575745,57283,3765
0,0.05000000074505806,-0.07999999821186066,9.739999771118164,0,-0.0625,-0.125,30.6875,-29,-19.5625,-0.3962460458278656,-0.004760812036693096,0.007141217589378357,-0.9181042313575745,57290,3766
0,0.05000000074505806,-0.09000000357627869,9.75,-0.125,0.1875,0,31,-30.1875,-18.5,-0.3962460458278656,-0.004760812036693096,0.007141217589378357,-0.9181042313575745,57303,3767
0,0.05000000074505806,-0.09000000357627869,9.729999542236328,-0.0625,-0.0625,0,31,-30.1875,-18.5,-0.3962460458278656,-0.004760812036693096,0.007141217589378357,-0.9181042313575745,57313,3768
0,0.05000000074505806,-0.07999999821186066,9.720000267028809,0.0625,0,0.0625,31,-30.1875,-18.5,-0.3962460458278656,-0.004760812036693096,0.007141217589378357,-0.9181042313575745,57323,3769
0,0.05000000074505806,-0.07999999821186066,9.739999771118164,0.1875,0.0625,0,31,-30.1875,-18.5,-0.3962460458278656,-0.004760812036693096,0.007141217589378357,-0.9181042313575745,57332,3770
0,0.05000000074505806,-0.07999999821186066,9.739999771118164,0,-0.1875,0,31,-30.1875,-18.5,-0.3962460458278656,-0.004760812036693096,0.007141217589378357,-0.9181042313575745,57340,3771
0,0.05999999865889549,-0.07999999821186066,9.739999771118164,0.125,-0.0625,0,28.75,-29.375,-18.75,-0.3962460458278656,-0.004760812036693096,0.007141217589378357,-0.9181042313575745,57353,3772
0,0.03999999910593033,-0.07000000029802322,9.739999771118164,0,-0.1875,0.0625,28.75,-29.375,-18.75,-0.3962460458278656,-0.004760812036693096,0.007141217589378357,-0.9181042313575745,57363,3773
0,0.05999999865889549,-0.09000000357627869,9.710000038146973,0,0,-0.0625,28.75,-29.375,-18.75,-0.3962460458278656,-0.004760812036693096,0.007141217589378357,-0.9181042313575745,57373,3774
0,0.05999999865889549,-0.09000000357627869,9.710000038146973,0,-0.125,0.125,28.75,-29.375,-18.75,-0.3962460458278656,-0.004760812036693096,0.007141217589378357,-0.9181042313575745,57383,3775
0,0.07000000029802322,-0.09000000357627869,9.75,0.0625,-0.1875,0.125,28.75,-29.375,-18.75,-0.3962460458278656,-0.004760812036693096,0.007141217589378357,-0.9181042313575745,57390,3776
0,0.05999999865889549,-0.07999999821186066,9.760000228881836,-0.0625,0,0.0625,30.6875,-25.6875,-18.5,-0.3962460458278656,-0.004760812036693096,0.007141217589378357,-0.9181042313575745,57403,3777
0,0.029999999329447746,-0.10000000149011612,9.710000038146973,-0.125,0.25,-0.0625,30.6875,-25.6875,-18.5,-0.3962460458278656,-0.004760812036693096,0.007141217589378357,-0.9181042313575745,57413,3778
0,0.03999999910593033,-0.07999999821186066,9.710000038146973,-0.125,0.25,-0.0625,30.6875,-25.6875,-18.5,-0.3962460458278656,-0.004760812036693096,0.007141217589378357,-0.9181042313575745,57423,3779
0,0.05999999865889549,-0.07999999821186066,9.720000267028809,-0.0625,0.0625,0.0625,30.6875,-25.6875,-18.5,-0.3962460458278656,-0.004760812036693096,0.007141217589378357,-0.9181042313575745,57433,3780
0,0.07000000029802322,-0.07000000029802322,9.729999542236328,0,-0.125,0.0625,30.6875,-25.6875,-18.5,-0.3962460458278656,-0.004760812036693096,0.007141217589378357,-0.9181042313575745,57440,3781
0,0.07000000029802322,-0.09000000357627869,9.75,0.125,0.0625,0,30.25,-27.5,-19.5625,-0.3962460458278656,-0.004760812036693096,0.007141217589378357,-0.9181042313575745,57453,3782
0,0.029999999329447746,-0.07999999821186066,9.729999542236328,0.125,0.0625,0,30.25,-27.5,-19.5625,-0.3962460458278656,-0.004760812036693096,0.007141217589378357,-0.9181042313575745,57463,3783
0,0.05000000074505806,-0.07999999821186066,9.710000038146973,-0.0625,-0.1875,-0.0625,30.25,-27.5,-19.5625,-0.3962460458278656,-0.004760812036693096,0.007141217589378357,-0.9181042313575745,57473,3784
0,0.07000000029802322,-0.07999999821186066,9.720000267028809,-0.125,-0.0625,-0.125,30.25,-27.5,-19.5625,-0.3962460458278656,-0.004760812036693096,0.007141217589378357,-0.9181042313575745,57483,3785
0,0.03999999910593033,-0.09000000357627869,9.729999542236328,-0.125,-0.0625,-0.125,30.25,-27.5,-19.5625,-0.3962460458278656,-0.004760812036693096,0.007141217589378357,-0.9181042313575745,57490,3786
0,0.05999999865889549,-0.09000000357627869,9.739999771118164,0,-0.125,0.0625,30.25,-28.25,-18.5,-0.3962460458278656,-0.004760812036693096,0.007141217589378357,-0.9181042313575745,57503,3787
0,0.07000000029802322,-0.07999999821186066,9.729999542236328,-0.0625,0.0625,-0.0625,30.25,-28.25,-18.5,-0.3962460458278656,-0.004760812036693096,0.007141217589378357,-0.9181042313575745,57513,3788
0,0.05999999865889549,-0.07999999821186066,9.720000267028809,0.125,0,0.0625,30.25,-28.25,-18.5,-0.3962460458278656,-0.004760812036693096,0.007141217589378357,-0.9181042313575745,57523,3789
0,0.05999999865889549,-0.07000000029802322,9.729999542236328,0.125,0,0.0625,30.25,-28.25,-18.5,-0.3962460458278656,-0.004760812036693096,0.007141217589378357,-0.9181042313575745,57533,3790
0,0.05000000074505806,-0.07999999821186066,9.739999771118164,0,-0.0625,0.0625,30.25,-28.25,-18.5,-0.3962460458278656,-0.004760812036693096,0.007141217589378357,-0.9181042313575745,57540,3791
0,0.05000000074505806,-0.09000000357627869,9.739999771118164,-0.0625,0.0625,0.125,30.6875,-27.875,-18.75,-0.3962460458278656,-0.004760812036693096,0.007141217589378357,-0.9181042313575745,57553,3792
0,0.03999999910593033,-0.09000000357627869,9.75,0.0625,0,-0.0625,30.6875,-27.875,-18.75,-0.3962460458278656,-0.004760812036693096,0.007141217589378357,-0.9181042313575745,57563,3793
0,0.03999999910593033,-0.05999999865889549,9.729999542236328,-0.125,-0.0625,0.0625,30.6875,-27.875,-18.75,-0.3962460458278656,-0.004760812036693096,0.007141217589378357,-0.9181042313575745,57573,3794
0,0.07000000029802322,-0.09000000357627869,9.729999542236328,-0.0625,-0.0625,-0.0625,30.6875,-27.875,-18.75,-0.3962460458278656,-0.004760812036693096,0.007141217589378357,-0.9181042313575745,57583,3795
0,0.07000000029802322,-0.07999999821186066,9.720000267028809,-0.0625,-0.0625,-0.0625,30.6875,-27.875,-18.75,-0.3962460458278656,-0.004760812036693096,0.007141217589378357,-0.9181042313575745,57590,3796
0,0.05000000074505806,-0.09000000357627869,9.739999771118164,-0.0625,0.125,0,29.875,-27.1875,-20.5,-0.3962460458278656,-0.004760812036693096,0.007141217589378357,-0.9181042313575745,57603,3797
0,0.05000000074505806,-0.07000000029802322,9.720000267028809,-0.0625,0,0,29.875,-27.1875,-20.5,-0.3962460458278656,-0.004760812036693096,0.007141217589378357,-0.9181042313575745,57613,3798
0,0.05000000074505806,-0.05999999865889549,9.720000267028809,-0.0625,0,0.125,29.875,-27.1875,-20.5,-0.3962460458278656,-0.004760812036693096,0.007141217589378357,-0.9181042313575745,57623,3799
0,0.03999999910593033,-0.09000000357627869,9.729999542236328,-0.0625,0,0.125,29.875,-27.1875,-20.5,-0.3962460458278656,-0.004760812036693096,0.007141217589378357,-0.9181042313575745,57633,3800
0,0.05999999865889549,-0.10000000149011612,9.720000267028809,-0.0625,0.125,0.0625,29.875,-27.1875,-20.5,-0.3962460458278656,-0.004760812036693096,0.007141217589378357,-0.9181042313575745,57640,3801
0,0.07000000029802322,-0.07999999821186066,9.729999542236328,0.0625,0.0625,-0.0625,30.25,-29.75,-18.75,-0.3962460458278656,-0.004760812036693096,0.007141217589378357,-0.9181042313575745,57653,3802
0,0.05999999865889549,-0.07999999821186066,9.720000267028809,0,0.125,0.125,30.25,-29.75,-18.75,-0.3962460458278656,-0.004760812036693096,0.007141217589378357,-0.9181042313575745,57663,3803
0,0.03999999910593033,-0.07000000029802322,9.710000038146973,-0.125,0.0625,0.0625,30.25,-29.75,-18.75,-0.3962460458278656,-0.004760812036693096,0.007141217589378357,-0.9181042313575745,57673,3804
0,0.05000000074505806,-0.05999999865889549,9.729999542236328,-0.1875,0.125,-0.0625,30.25,-29.75,-18.75,-0.3962460458278656,-0.004760812036693096,0.007141217589378357,-0.9181042313575745,57683,3805
0,0.029999999329447746,-0.07000000029802322,9.75,-0.1875,0.125,-0.0625,30.25,-29.75,-18.75,-0.3962460458278656,-0.004760812036693096,0.007141217589378357,-0.9181042313575745,57690,3806
0,0.05999999865889549,-0.09000000357627869,9.739999771118164,-0.0625,0,-0.0625,29.875,-28.25,-19.5625,-0.3962460458278656,-0.004760812036693096,0.007141217589378357,-0.9181042313575745,57703,3807
0,0.07999999821186066,-0.07000000029802322,9.729999542236328,-0.125,0.0625,0.0625,29.875,-28.25,-19.5625,-0.3962460458278656,-0.004760812036693096,0.007141217589378357,-0.9181042313575745,57713,3808
0,0.07000000029802322,-0.05999999865889549,9.729999542236328,-0.125,0,0.0625,29.875,-28.25,-19.5625,-0.3962460458278656,-0.004760812036693096,0.007141217589378357,-0.9181042313575745,57723,3809
0,0.05999999865889549,-0.07000000029802322,9.720000267028809,0.0625,0,0.0625,29.875,-28.25,-19.5625,-0.3962460458278656,-0.004760812036693096,0.007141217589378357,-0.9181042313575745,57733,3810
0,0.05999999865889549,-0.07999999821186066,9.729999542236328,0.0625,0,0.0625,29.875,-28.25,-19.5625,-0.3962460458278656,-0.004760812036693096,0.007141217589378357,-0.9181042313575745,57740,3811
0,0.05000000074505806,-0.07999999821186066,9.729999542236328,0.0625,0.0625,0,29.5,-29,-18.75,-0.3962460458278656,-0.004760812036693096,0.007141217589378357,-0.9181042313575745,57753,3812
0,0.05999999865889549,-0.09000000357627869,9.739999771118164,0,0.125,-0.0625,29.5,-29,-18.75,-0.3962460458278656,-0.004760812036693096,0.007141217589378357,-0.9181042313575745,57763,3813
0,0.05999999865889549,-0.07000000029802322,9.720000267028809,-0.0625,0,-0.0625,29.5,-29,-18.75,-0.3962460458278656,-0.004760812036693096,0.007141217589378357,-0.9181042313575745,57773,3814
0,0.05999999865889549,-0.05000000074505806,9.739999771118164,0.0625,-0.125,0,29.5,-29,-18.75,-0.3962460458278656,-0.004760812036693096,0.007141217589378357,-0.9181042313575745,57783,3815
0,0.03999999910593033,-0.05999999865889549,9.720000267028809,0.0625,-0.125,0,29.5,-29,-18.75,-0.3962460458278656,-0.004760812036693096,0.007141217589378357,-0.9181042313575745,57790,3816
0,0.05999999865889549,-0.07000000029802322,9.739999771118164,0.0625,-0.1875,0,30.25,-29,-19.25,-0.3962460458278656,-0.004760812036693096,0.007141217589378357,-0.9181042313575745,57803,3817
0,0.05999999865889549,-0.07999999821186066,9.720000267028809,0.0625,-0.125,0,30.25,-29,-19.25,-0.3962460458278656,-0.004760812036693096,0.007141217589378357,-0.9181042313575745,57813,3818
0,0.07999999821186066,-0.07000000029802322,9.720000267028809,-0.1875,0,0,30.25,-29,-19.25,-0.3962460458278656,-0.004760812036693096,0.007141217589378357,-0.9181042313575745,57823,3819
0,0.03999999910593033,-0.07000000029802322,9.75,-0.0625,0,0,30.25,-29,-19.25,-0.3962460458278656,-0.004760812036693096,0.007141217589378357,-0.9181042313575745,57833,3820
0,0.05999999865889549,-0.05999999865889549,9.729999542236328,-0.0625,0,0,30.25,-29,-19.25,-0.3962460458278656,-0.004760812036693096,0.007141217589378357,-0.9181042313575745,57841,3821
0,0.05999999865889549,-0.09000000357627869,9.729999542236328,-0.125,0.125,-0.0625,29.5,-30.5,-19.5625,-0.3962460458278656,-0.004760812036693096,0.007141217589378357,-0.9181042313575745,57853,3822
0,0.05999999865889549,-0.07000000029802322,9.75,-0.125,0.0625,0,29.5,-30.5,-19.5625,-0.3962460458278656,-0.004760812036693096,0.007141217589378357,-0.9181042313575745,57863,3823
0,0.05000000074505806,-0.05999999865889549,9.729999542236328,-0.0625,0.0625,0.125,29.5,-30.5,-19.5625,-0.3962460458278656,-0.004760812036693096,0.007141217589378357,-0.9181042313575745,57873,3824
0,0.05999999865889549,-0.09000000357627869,9.75,-0.125,0.25,-0.125,29.5,-30.5,-19.5625,-0.3962460458278656,-0.004760812036693096,0.007141217589378357,-0.9181042313575745,57883,3825
0,0.03999999910593033,-0.10000000149011612,9.710000038146973,-0.125,0.25,-0.125,29.5,-30.5,-19.5625,-0.3962460458278656,-0.004760812036693096,0.007141217589378357,-0.9181042313575745,57891,3826
0,0.05999999865889549,-0.07000000029802322,9.739999771118164,0,0,0.0625,29.875,-30.1875,-18.0625,-0.3962460458278656,-0.004760812036693096,0.007141217589378357,-0.9181042313575745,57903,3827
0,0.05999999865889549,-0.05999999865889549,9.720000267028809,0,-0.125,0.0625,29.875,-30.1875,-18.0625,-0.3962460458278656,-0.004760812036693096,0.007141217589378357,-0.9181042313575745,57913,3828
0,0.05999999865889549,-0.07000000029802322,9.710000038146973,-0.125,-0.0625,0.0625,29.875,-30.1875,-18.0625,-0.3962460458278656,-0.004760812036693096,0.007141217589378357,-0.9181042313575745,57923,3829
0,0.03999999910593033,-0.07999999821186066,9.75,-0.1875,0,0,29.875,-30.1875,-18.0625,-0.3962460458278656,-0.004760812036693096,0.007141217589378357,-0.9181042313575745,57933,3830
0,0.05999999865889549,-0.10000000149011612,9.75,-0.1875,0,0,29.875,-30.1875,-18.0625,-0.3962460458278656,-0.004760812036693096,0.007141217589378357,-0.9181042313575745,57941,3831
0,0.07000000029802322,-0.09000000357627869,9.75,0,-0.1875,0,29.875,-31.6875,-19.25,-0.3962460458278656,-0.004760812036693096,0.007141217589378357,-0.9181042313575745,57953,3832
0,0.05000000074505806,-0.07999999821186066,9.729999542236328,0.0625,0.1875,0,29.875,-31.6875,-19.25,-0.3962460458278656,-0.004760812036693096,0.007141217589378357,-0.9181042313575745,57963,3833
0,0.05000000074505806,-0.09000000357627869,9.720000267028809,-0.0625,0,0.0625,29.875,-31.6875,-19.25,-0.3962460458278656,-0.004760812036693096,0.007141217589378357,-0.9181042313575745,57973,3834
0,0.05000000074505806,-0.07999999821186066,9.770000457763672,0,0,0.0625,29.875,-31.6875,-19.25,-0.3962460458278656,-0.004760812036693096,0.007141217589378357,-0.9181042313575745,57983,3835
0,0.05999999865889549,-0.07000000029802322,9.729999542236328,0,0,0.0625,29.875,-31.6875,-19.25,-0.3962460458278656,-0.004760812036693096,0.007141217589378357,-0.9181042313575745,57991,3836
0,0.05000000074505806,-0.07000000029802322,9.710000038146973,0.0625,0,0,29.5,-30.5,-19.25,-0.3962460458278656,-0.004760812036693096,0.007141217589378357,-0.9181042313575745,58003,3837
0,0.07000000029802322,-0.09000000357627869,9.729999542236328,-0.0625,-0.0625,0,29.5,-30.5,-19.25,-0.3962460458278656,-0.004760812036693096,0.007141217589378357,-0.9181042313575745,58013,3838
0,0.05000000074505806,-0.09000000357627869,9.710000038146973,0.0625,-0.0625,0.125,29.5,-30.5,-19.25,-0.3962460458278656,-0.004760812036693096,0.007141217589378357,-0.9181042313575745,58023,3839
0,0.05000000074505806,-0.09000000357627869,9.710000038146973,0.0625,-0.0625,-0.0625,29.5,-30.5,-19.25,-0.3962460458278656,-0.004760812036693096,0.007141217589378357,-0.9181042313575745,58033,3840
0,0.05999999865889549,-0.07999999821186066,9.75,0.0625,-0.0625,-0.0625,29.5,-30.5,-19.25,-0.3962460458278656,-0.004760812036693096,0.007141217589378357,-0.9181042313575745,58041,3841
0,0.029999999329447746,-0.07999999821186066,9.729999542236328,-0.0625,-0.0625,-0.0625,30.25,-31.6875,-18.75,-0.3962460458278656,-0.004760812036693096,0.007141217589378357,-0.9181042313575745,58053,3842
0,0.05000000074505806,-0.09000000357627869,9.739999771118164,-0.0625,-0.0625,-0.0625,30.25,-31.6875,-18.75,-0.3962460458278656,-0.004760812036693096,0.007141217589378357,-0.9181042313575745,58063,3843
0,0.05000000074505806,-0.10000000149011612,9.720000267028809,-0.0625,0.0625,0.0625,30.25,-31.6875,-18.75,-0.3962460458278656,-0.004760812036693096,0.007141217589378357,-0.9181042313575745,58073,3844
0,0.03999999910593033,-0.09000000357627869,9.729999542236328,0.125,0,0.0625,30.25,-31.6875,-18.75,-0.3962460458278656,-0.004760812036693096,0.007141217589378357,-0.9181042313575745,58083,3845
0,0.05000000074505806,-0.07000000029802322,9.729999542236328,0.125,0,0.0625,30.25,-31.6875,-18.75,-0.3962460458278656,-0.004760812036693096,0.007141217589378357,-0.9181042313575745,58091,3846
0,0.05000000074505806,-0.07000000029802322,9.720000267028809,0,-0.125,-0.0625,29.5,-31.6875,-18.75,-0.3962460458278656,-0.004760812036693096,0.007141217589378357,-0.9181042313575745,58103,3847
0,0.05000000074505806,-0.07000000029802322,9.710000038146973,-0.0625,0,0.125,29.5,-31.6875,-18.75,-0.3962460458278656,-0.004760812036693096,0.007141217589378357,-0.9181042313575745,58113,3848
0,0.05000000074505806,-0.09000000357627869,9.710000038146973,0,-0.0625,0.1875,29.5,-31.6875,-18.75,-0.3962460458278656,-0.004760812036693096,0.007141217589378357,-0.9181042313575745,58123,3849
0,0.05000000074505806,-0.07999999821186066,9.739999771118164,0.125,0.125,0,29.5,-31.6875,-18.75,-0.3962460458278656,-0.004760812036693096,0.007141217589378357,-0.9181042313575745,58133,3850
0,0.05000000074505806,-0.09000000357627869,9.729999542236328,0.125,0.125,0,29.5,-31.6875,-18.75,-0.3962460458278656,-0.004760812036693096,0.007141217589378357,-0.9181042313575745,58141,3851
0,0.05000000074505806,-0.07000000029802322,9.739999771118164,0,0,0,30.6875,-29.75,-19.25,-0.3962460458278656,-0.004760812036693096,0.007141217589378357,-0.9181042313575745,58152,3852
0,0.05999999865889549,-0.10999999940395355,9.739999771118164,-0.125,0,0.125,30.6875,-29.75,-19.25,-0.3962460458278656,-0.004760812036693096,0.007141217589378357,-0.9181042313575745,58163,3853
0,0.05000000074505806,-0.09000000357627869,9.680000305175781,-0.0625,-0.125,0,30.6875,-29.75,-19.25,-0.3962460458278656,-0.004760812036693096,0.007141217589378357,-0.9181042313575745,58173,3854
0,0.05999999865889549,-0.07000000029802322,9.75,0.125,-0.25,-0.0625,30.6875,-29.75,-19.25,-0.3962460458278656,-0.004760812036693096,0.007141217589378357,-0.9181042313575745,58183,3855
0,0.05999999865889549,-0.07000000029802322,9.710000038146973,0.125,-0.25,-0.0625,30.6875,-29.75,-19.25,-0.3962460458278656,-0.004760812036693096,0.007141217589378357,-0.9181042313575745,58191,3856
0,0.07000000029802322,-0.07000000029802322,9.720000267028809,-0.125,0.125,0.0625,29.5,-26.375,-18.5,-0.3962460458278656,-0.004760812036693096,0.007141217589378357,-0.9181042313575745,58203,3857
0,0.03999999910593033,-0.07000000029802322,9.739999771118164,-0.0625,0.125,0,29.5,-26.375,-18.5,-0.3962460458278656,-0.004760812036693096,0.007141217589378357,-0.9181042313575745,58213,3858
0,0.07000000029802322,-0.05999999865889549,9.710000038146973,0,-0.125,-0.0625,29.5,-26.375,-18.5,-0.3962460458278656,-0.004760812036693096,0.007141217589378357,-0.9181042313575745,58223,3859
0,0.05000000074505806,-0.07000000029802322,9.739999771118164,-0.0625,0,-0.0625,29.5,-26.375,-18.5,-0.3962460458278656,-0.004760812036693096,0.007141217589378357,-0.9181042313575745,58233,3860
0,0.07000000029802322,-0.05999999865889549,9.75,-0.0625,0,-0.0625,29.5,-26.375,-18.5,-0.3962460458278656,-0.004760812036693096,0.007141217589378357,-0.9181042313575745,58241,3861
0,0.05999999865889549,-0.09000000357627869,9.720000267028809,-0.0625,0,0,29.5,-29.375,-19.25,-0.3962460458278656,-0.004760812036693096,0.007141217589378357,-0.9181042313575745,58253,3862
0,0.05000000074505806,-0.10000000149011612,9.720000267028809,-0.1875,-0.125,0,29.5,-29.375,-19.25,-0.3962460458278656,-0.004760812036693096,0.007141217589378357,-0.9181042313575745,58263,3863
0,0.05000000074505806,-0.07000000029802322,9.710000038146973,-0.0625,0.125,-0.0625,29.5,-29.375,-19.25,-0.3962460458278656,-0.004760812036693096,0.007141217589378357,-0.9181042313575745,58273,3864
0,0.05999999865889549,-0.07000000029802322,9.729999542236328,0,0.0625,0.0625,29.5,-29.375,-19.25,-0.3962460458278656,-0.004760812036693096,0.007141217589378357,-0.9181042313575745,58283,3865
0,0.05999999865889549,-0.07999999821186066,9.75,0,0.0625,0.0625,29.5,-29.375,-19.25,-0.3962460458278656,-0.004760812036693096,0.007141217589378357,-0.9181042313575745,58291,3866
0,0.05000000074505806,-0.09000000357627869,9.729999542236328,-0.0625,0.0625,0,29.875,-29,-18.75,-0.3962460458278656,-0.004760812036693096,0.007141217589378357,-0.9181042313575745,58302,3867
0,0.05000000074505806,-0.07999999821186066,9.720000267028809,-0.0625,-0.25,0,29.875,-29,-18.75,-0.3962460458278656,-0.004760812036693096,0.007141217589378357,-0.9181042313575745,58312,3868
0,0.07000000029802322,-0.07999999821186066,9.720000267028809,-0.125,0.1875,-0.0625,29.875,-29,-18.75,-0.3962460458278656,-0.004760812036693096,0.007141217589378357,-0.9181042313575745,58322,3869
0,0.029999999329447746,-0.07999999821186066,9.720000267028809,-0.1875,-0.0625,0.0625,29.875,-29,-18.75,-0.3962460458278656,-0.004760812036693096,0.007141217589378357,-0.9181042313575745,58332,3870
0,0.05999999865889549,-0.07999999821186066,9.739999771118164,-0.1875,-0.0625,0.0625,29.875,-29,-18.75,-0.3962460458278656,-0.004760812036693096,0.007141217589378357,-0.9181042313575745,58341,3871
0,0.05999999865889549,-0.10000000149011612,9.760000228881836,-0.1875,0.125,-0.0625,29.875,-29,-18.75,-0.3962460458278656,-0.004760812036693096,0.007141217589378357,-0.9181042313575745,58352,3872
0,0.05000000074505806,-0.05999999865889549,9.75,-0.0625,0,-0.125,29.875,-29,-18.75,-0.3962460458278656,-0.004760812036693096,0.007141217589378357,-0.9181042313575745,58362,3873
0,0.05999999865889549,-0.07000000029802322,9.729999542236328,0,0.0625,0.0625,29.875,-29,-18.75,-0.3962460458278656,-0.004760812036693096,0.007141217589378357,-0.9181042313575745,58372,3874
0,0.05999999865889549,-0.07000000029802322,9.729999542236328,-0.125,0.0625,-0.0625,29.875,-29,-18.75,-0.3962460458278656,-0.004760812036693096,0.007141217589378357,-0.9181042313575745,58383,3875
0,0.05000000074505806,-0.07000000029802322,9.710000038146973,-0.125,0.0625,-0.0625,29.875,-29,-18.75,-0.3962460458278656,-0.004760812036693096,0.007141217589378357,-0.9181042313575745,58391,3876
0,0.07000000029802322,-0.09000000357627869,9.75,0.125,0,0,28.75,-30.1875,-17.5625,-0.3962460458278656,-0.004760812036693096,0.007141217589378357,-0.9181042313575745,58402,3877
0,0.05999999865889549,-0.09000000357627869,9.710000038146973,-0.125,0.125,0.0625,28.75,-30.1875,-17.5625,-0.3962460458278656,-0.004760812036693096,0.007141217589378357,-0.9181042313575745,58412,3878
0,0.05999999865889549,-0.10000000149011612,9.710000038146973,-0.125,-0.1875,0.125,28.75,-30.1875,-17.5625,-0.3962460458278656,-0.004760812036693096,0.007141217589378357,-0.9181042313575745,58422,3879
0,0.03999999910593033,-0.07999999821186066,9.739999771118164,0.0625,-0.0625,0.0625,28.75,-30.1875,-17.5625,-0.3962460458278656,-0.004760812036693096,0.007141217589378357,-0.9181042313575745,58432,3880
0,0.07000000029802322,-0.10000000149011612,9.710000038146973,0.0625,-0.0625,0.0625,28.75,-30.1875,-17.5625,-0.3962460458278656,-0.004760812036693096,0.007141217589378357,-0.9181042313575745,58441,3881
0,0.05999999865889549,-0.05999999865889549,9.739999771118164,0,0.1875,0.0625,30.25,-29.75,-19.25,-0.3962460458278656,-0.004760812036693096,0.007141217589378357,-0.9181042313575745,58452,3882
0,0.05000000074505806,-0.09000000357627869,9.710000038146973,0,-0.125,-0.0625,30.25,-29.75,-19.25,-0.3962460458278656,-0.004760812036693096,0.007141217589378357,-0.9181042313575745,58462,3883
0,0.03999999910593033,-0.10000000149011612,9.710000038146973,-0.0625,0.125,0,30.25,-29.75,-19.25,-0.3962460458278656,-0.004760812036693096,0.007141217589378357,-0.9181042313575745,58472,3884
0,0.05000000074505806,-0.07999999821186066,9.710000038146973,0.0625,0,-0.125,30.25,-29.75,-19.25,-0.3962460458278656,-0.004760812036693096,0.007141217589378357,-0.9181042313575745,58482,3885
0,0.05999999865889549,-0.07999999821186066,9.720000267028809,0.0625,0,-0.125,30.25,-29.75,-19.25,-0.3962460458278656,-0.004760812036693096,0.007141217589378357,-0.9181042313575745,58491,3886
0,0.05999999865889549,-0.10000000149011612,9.729999542236328,-0.1875,0.0625,-0.125,30.25,-27.1875,-18.5,-0.3962460458278656,-0.004760812036693096,0.007141217589378357,-0.9181042313575745,58502,3887
0,0.05999999865889549,-0.07999999821186066,9.729999542236328,-0.0625,-0.0625,-0.0625,30.25,-27.1875,-18.5,-0.3962460458278656,-0.004760812036693096,0.007141217589378357,-0.9181042313575745,58512,3888
0,0.05000000074505806,-0.09000000357627869,9.710000038146973,0,0.1875,-0.0625,30.25,-27.1875,-18.5,-0.3962460458278656,-0.004760812036693096,0.007141217589378357,-0.9181042313575745,58522,3889
0,0.07000000029802322,-0.05999999865889549,9.739999771118164,-0.125,0.0625,0,30.25,-27.1875,-18.5,-0.3962460458278656,-0.004760812036693096,0.007141217589378357,-0.9181042313575745,58532,3890
0,0.03999999910593033,-0.07000000029802322,9.75,-0.0625,0.0625,-0.0625,30.25,-27.1875,-18.5,-0.3962460458278656,-0.004760812036693096,0.007141217589378357,-0.9181042313575745,58541,3891
0,0.03999999910593033,-0.09000000357627869,9.75,-0.0625,-0.0625,0,29.1875,-30.5,-18.75,-0.3962460458278656,-0.004760812036693096,0.007141217589378357,-0.9181042313575745,58552,3892
0,0.05999999865889549,-0.07999999821186066,9.739999771118164,-0.0625,0,0,29.1875,-30.5,-18.75,-0.3962460458278656,-0.004760812036693096,0.007141217589378357,-0.9181042313575745,58562,3893
0,0.05000000074505806,-0.10000000149011612,9.729999542236328,0,-0.0625,0.0625,29.1875,-30.5,-18.75,-0.3962460458278656,-0.004760812036693096,0.007141217589378357,-0.9181042313575745,58572,3894
0,0.07000000029802322,-0.07999999821186066,9.710000038146973,-0.1875,-0.125,0.0625,29.1875,-30.5,-18.75,-0.3962460458278656,-0.004760812036693096,0.007141217589378357,-0.9181042313575745,58582,3895
0,0.03999999910593033,-0.09000000357627869,9.739999771118164,0,-0.1875,0.0625,29.1875,-30.5,-18.75,-0.3962460458278656,-0.004760812036693096,0.007141217589378357,-0.9181042313575745,58591,3896
0,0.05000000074505806,-0.09000000357627869,9.75,-0.125,0.125,-0.0625,29.875,-29.75,-18.75,-0.3962460458278656,-0.004760812036693096,0.007141217589378357,-0.9181042313575745,58602,3897
0,0.07000000029802322,-0.10000000149011612,9.720000267028809,0,0.125,-0.0625,29.875,-29.75,-18.75,-0.3962460458278656,-0.004760812036693096,0.007141217589378357,-0.9181042313575745,58612,3898
0,0.05999999865889549,-0.07000000029802322,9.710000038146973,0,-0.0625,0,29.875,-29.75,-18.75,-0.3962460458278656,-0.004760812036693096,0.007141217589378357,-0.9181042313575745,58622,3899
0,0.07000000029802322,-0.07000000029802322,9.739999771118164,0.125,-0.1875,-0.0625,29.875,-29.75,-18.75,-0.3962460458278656,-0.004760812036693096,0.007141217589378357,-0.9181042313575745,58632,3900
0,0.05000000074505806,-0.07999999821186066,9.75,-0.0625,-0.125,0.125,29.875,-29.75,-18.75,-0.3962460458278656,-0.004760812036693096,0.007141217589378357,-0.9181042313575745,58641,3901
0,0.05000000074505806,-0.05000000074505806,9.720000267028809,0.125,-0.125,-0.0625,29.875,-31.25,-18.5,-0.3962460458278656,-0.004760812036693096,0.007141217589378357,-0.9181042313575745,58652,3902
0,0.05999999865889549,-0.07999999821186066,9.720000267028809,0,-0.0625,0.0625,29.875,-31.25,-18.5,-0.3962460458278656,-0.004760812036693096,0.007141217589378357,-0.9181042313575745,58662,3903
0,0.05999999865889549,-0.07000000029802322,9.6899995803833,-0.0625,0,0.125,29.875,-31.25,-18.5,-0.3962460458278656,-0.004760812036693096,0.007141217589378357,-0.9181042313575745,58672,3904
0,0.05999999865889549,-0.07000000029802322,9.729999542236328,0,0,-0.0625,29.875,-31.25,-18.5,-0.3962460458278656,-0.004760812036693096,0.007141217589378357,-0.9181042313575745,58682,3905
0,0.05999999865889549,-0.07000000029802322,9.770000457763672,0,0.125,0,29.875,-31.25,-18.5,-0.3962460458278656,-0.004760812036693096,0.007141217589378357,-0.9181042313575745,58691,3906
0,0.05999999865889549,-0.07999999821186066,9.760000228881836,-0.0625,0,0.0625,31,-30.875,-19.25,-0.3962460458278656,-0.004760812036693096,0.007141217589378357,-0.9181042313575745,58702,3907
0,0.029999999329447746,-0.07999999821186066,9.729999542236328,-0.0625,0.0625,0,31,-30.875,-19.25,-0.3962460458278656,-0.004760812036693096,0.007141217589378357,-0.9181042313575745,58712,3908
0,0.05000000074505806,-0.05000000074505806,9.710000038146973,0,-0.25,0.125,31,-30.875,-19.25,-0.3962460458278656,-0.004760812036693096,0.007141217589378357,-0.9181042313575745,58722,3909
0,0.05000000074505806,-0.07999999821186066,9.720000267028809,0,0,0,31,-30.875,-19.25,-0.3962460458278656,-0.004760812036693096,0.007141217589378357,-0.9181042313575745,58732,3910
0,0.05999999865889549,-0.07999999821186066,9.75,0.0625,-0.125,0,31,-30.875,-19.25,-0.3962460458278656,-0.004760812036693096,0.007141217589378357,-0.9181042313575745,58741,3911
0,0.07000000029802322,-0.07000000029802322,9.75,-0.125,0.0625,0,30.25,-31.25,-18.75,-0.3962460458278656,-0.004760812036693096,0.007141217589378357,-0.9181042313575745,58752,3912
0,0.03999999910593033,-0.09000000357627869,9.779999732971191,-0.1875,-0.1875,0,30.25,-31.25,-18.75,-0.3962460458278656,-0.004760812036693096,0.007141217589378357,-0.9181042313575745,58762,3913
0,0.05999999865889549,-0.07000000029802322,9.710000038146973,0,0.125,0,30.25,-31.25,-18.75,-0.3962460458278656,-0.004760812036693096,0.007141217589378357,-0.9181042313575745,58772,3914
0,0.03999999910593033,-0.07000000029802322,9.729999542236328,-0.0625,0,0,30.25,-31.25,-18.75,-0.3962460458278656,-0.004760812036693096,0.007141217589378357,-0.9181042313575745,58782,3915
0,0.029999999329447746,-0.07000000029802322,9.75,0,-0.125,0,30.25,-31.25,-18.75,-0.3962460458278656,-0.004760812036693096,0.007141217589378357,-0.9181042313575745,58791,3916
0,0.05000000074505806,-0.07000000029802322,9.760000228881836,-0.0625,0.0625,0.125,29.5,-30.875,-17.5625,-0.3962460458278656,-0.004760812036693096,0.007141217589378357,-0.9181042313575745,58802,3917
0,0.05000000074505806,-0.07999999821186066,9.729999542236328,-0.0625,0,-0.0625,29.5,-30.875,-17.5625,-0.3962460458278656,-0.004760812036693096,0.007141217589378357,-0.9181042313575745,58812,3918
0,0.07000000029802322,-0.05999999865889549,9.720000267028809,0,-0.0625,0,29.5,-30.875,-17.5625,-0.3962460458278656,-0.004760812036693096,0.007141217589378357,-0.9181042313575745,58822,3919
0,0.05000000074505806,-0.10000000149011612,9.729999542236328,0,-0.125,-0.0625,29.5,-30.875,-17.5625,-0.3962460458278656,-0.004760812036693096,0.007141217589378357,-0.9181042313575745,58832,3920
0,0.05999999865889549,-0.05999999865889549,9.729999542236328,-0.25,0.0625,-0.0625,29.5,-30.875,-17.5625,-0.3962460458278656,-0.004760812036693096,0.007141217589378357,-0.9181042313575745,58841,3921
0,0.05000000074505806,-0.09000000357627869,9.720000267028809,0,-0.125,0.0625,29.875,-29,-18.875,-0.3962460458278656,-0.004760812036693096,0.007141217589378357,-0.9181042313575745,58852,3922
0,0.05999999865889549,-0.09000000357627869,9.760000228881836,0,-0.125,0,29.875,-29,-18.875,-0.3962460458278656,-0.004760812036693096,0.007141217589378357,-0.9181042313575745,58862,3923
0,0.05000000074505806,-0.09000000357627869,9.729999542236328,-0.125,0.0625,0,29.875,-29,-18.875,-0.3962460458278656,-0.004760812036693096,0.007141217589378357,-0.9181042313575745,58872,3924
0,0.05999999865889549,-0.09000000357627869,9.739999771118164,0,0.0625,0.0625,29.875,-29,-18.875,-0.3962460458278656,-0.004760812036693096,0.007141217589378357,-0.9181042313575745,58882,3925
0,0.05000000074505806,-0.09000000357627869,9.739999771118164,0,0.25,0,29.875,-29,-18.875,-0.3962460458278656,-0.004760812036693096,0.007141217589378357,-0.9181042313575745,58891,3926
0,0.05000000074505806,-0.07999999821186066,9.720000267028809,0,0,-0.0625,29.1875,-30.5,-19.5625,-0.3962460458278656,-0.004760812036693096,0.007141217589378357,-0.9181042313575745,58902,3927
0,0.05999999865889549,-0.07000000029802322,9.739999771118164,-0.0625,0.125,-0.0625,29.1875,-30.5,-19.5625,-0.3962460458278656,-0.004760812036693096,0.007141217589378357,-0.9181042313575745,58912,3928
0,0.05999999865889549,-0.09000000357627869,9.75,-0.0625,0.1875,-0.0625,29.1875,-30.5,-19.5625,-0.3962460458278656,-0.004760812036693096,0.007141217589378357,-0.9181042313575745,58922,3929
0,0.07000000029802322,-0.07999999821186066,9.729999542236328,0.0625,-0.0625,-0.125,29.1875,-30.5,-19.5625,-0.3962460458278656,-0.004760812036693096,0.007141217589378357,-0.9181042313575745,58932,3930
0,0.07000000029802322,-0.07000000029802322,9.760000228881836,-0.0625,0.0625,0.0625,29.1875,-30.5,-19.5625,-0.3962460458278656,-0.004760812036693096,0.007141217589378357,-0.9181042313575745,58941,3931
0,0.05999999865889549,-0.07999999821186066,9.770000457763672,0,-0.1875,0,30.6875,-30.5,-19.25,-0.3962460458278656,-0.004760812036693096,0.007141217589378357,-0.9181042313575745,58952,3932
0,0.05000000074505806,-0.07999999821186066,9.75,-0.25,0.0625,0,30.6875,-30.5,-19.25,-0.3962460458278656,-0.004760812036693096,0.007141217589378357,-0.9181042313575745,58962,3933
0,0.07000000029802322,-0.10999999940395355,9.720000267028809,0,-0.1875,0.0625,30.6875,-30.5,-19.25,-0.3962460458278656,-0.004760812036693096,0.007141217589378357,-0.9181042313575745,58972,3934
0,0.05999999865889549,-0.10000000149011612,9.720000267028809,0,-0.0625,0.0625,30.6875,-30.5,-19.25,-0.3962460458278656,-0.004760812036693096,0.007141217589378357,-0.9181042313575745,58982,3935
0,0.09000000357627869,-0.07000000029802322,9.739999771118164,-0.0625,0.125,0,30.6875,-30.5,-19.25,-0.3962460458278656,-0.004760812036693096,0.007141217589378357,-0.9181042313575745,58991,3936
0,0.05000000074505806,-0.09000000357627869,9.720000267028809,-0.1875,0,0,29.875,-28.25,-19.5625,-0.3962460458278656,-0.004760812036693096,0.007141217589378357,-0.9181042313575745,59002,3937
0,0.05000000074505806,-0.07999999821186066,9.75,-0.1875,0,0,29.875,-28.25,-19.5625,-0.3962460458278656,-0.004760812036693096,0.007141217589378357,-0.9181042313575745,59012,3938
0,0.05999999865889549,-0.10000000149011612,9.720000267028809,-0.125,0,-0.0625,29.875,-28.25,-19.5625,-0.3962460458278656,-0.004760812036693096,0.007141217589378357,-0.9181042313575745,59022,3939
0,0.05000000074505806,-0.07999999821186066,9.729999542236328,-0.0625,0,-0.0625,29.875,-28.25,-19.5625,-0.3962460458278656,-0.004760812036693096,0.007141217589378357,-0.9181042313575745,59032,3940
0,0.05999999865889549,-0.09000000357627869,9.710000038146973,-0.0625,0,-0.125,29.875,-28.25,-19.5625,-0.3962460458278656,-0.004760812036693096,0.007141217589378357,-0.9181042313575745,59041,3941
0,0.03999999910593033,-0.09000000357627869,9.739999771118164,0,-0.125,0.0625,29.1875,-29.75,-18.5,-0.3962460458278656,-0.004760812036693096,0.007141217589378357,-0.9181042313575745,59052,3942
0,0.05999999865889549,-0.10000000149011612,9.720000267028809,-0.0625,0,0.0625,29.1875,-29.75,-18.5,-0.3962460458278656,-0.004760812036693096,0.007141217589378357,-0.9181042313575745,59062,3943
0,0.09000000357627869,-0.10000000149011612,9.710000038146973,0,0,0.125,29.1875,-29.75,-18.5,-0.3962460458278656,-0.004760812036693096,0.007141217589378357,-0.9181042313575745,59072,3944
0,0.05999999865889549,-0.09000000357627869,9.729999542236328,0,0.1875,-0.0625,29.1875,-29.75,-18.5,-0.3962460458278656,-0.004760812036693096,0.007141217589378357,-0.9181042313575745,59082,3945
0,0.05000000074505806,-0.07999999821186066,9.75,0.0625,0.0625,0,29.1875,-29.75,-18.5,-0.3962460458278656,-0.004760812036693096,0.007141217589378357,-0.9181042313575745,59091,3946
0,0.03999999910593033,-0.05999999865889549,9.729999542236328,0,0,0.0625,29.5,-30.5,-18.875,-0.3962460458278656,-0.004760812036693096,0.007141217589378357,-0.9181042313575745,59102,3947
0,0.029999999329447746,-0.07000000029802322,9.710000038146973,0.0625,-0.125,-0.0625,29.5,-30.5,-18.875,-0.3962460458278656,-0.004760812036693096,0.007141217589378357,-0.9181042313575745,59112,3948
0,0.03999999910593033,-0.09000000357627869,9.75,0,0,0.0625,29.5,-30.5,-18.875,-0.3962460458278656,-0.004760812036693096,0.007141217589378357,-0.9181042313575745,59122,3949
0,0.05000000074505806,-0.10000000149011612,9.710000038146973,0,-0.0625,0,29.5,-30.5,-18.875,-0.3962460458278656,-0.004760812036693096,0.007141217589378357,-0.9181042313575745,59132,3950
0,0.05999999865889549,-0.09000000357627869,9.739999771118164,-0.1875,0.125,0.0625,29.875,-26.75,-18.75,-0.3962460458278656,-0.004760812036693096,0.007141217589378357,-0.9181042313575745,59141,3951
0,0.029999999329447746,-0.07000000029802322,9.75,-0.0625,0.0625,-0.0625,29.875,-26.75,-18.75,-0.3962460458278656,-0.004760812036693096,0.007141217589378357,-0.9181042313575745,59152,3952
0,0.05000000074505806,-0.09000000357627869,9.739999771118164,0,-0.125,0,29.875,-26.75,-18.75,-0.3962460458278656,-0.004760812036693096,0.007141217589378357,-0.9181042313575745,59162,3953
0,0.05000000074505806,-0.09000000357627869,9.729999542236328,-0.0625,0,0,29.875,-26.75,-18.75,-0.3962460458278656,-0.004760812036693096,0.007141217589378357,-0.9181042313575745,59172,3954
0,0.05999999865889549,-0.09000000357627869,9.720000267028809,-0.125,0.0625,0,29.875,-26.75,-18.75,-0.3962460458278656,-0.004760812036693096,0.007141217589378357,-0.9181042313575745,59182,3955
0,0.05999999865889549,-0.09000000357627869,9.75,-0.125,-0.1875,-0.0625,29.1875,-27.5,-18.5,-0.3962460458278656,-0.004760812036693096,0.007141217589378357,-0.9181042313575745,59191,3956
0,0.03999999910593033,-0.07000000029802322,9.760000228881836,0,-0.125,0.0625,29.1875,-27.5,-18.5,-0.3962460458278656,-0.004760812036693096,0.007141217589378357,-0.9181042313575745,59202,3957
0,0.03999999910593033,-0.07999999821186066,9.739999771118164,-0.0625,-0.125,0.0625,29.1875,-27.5,-18.5,-0.3962460458278656,-0.004760812036693096,0.007141217589378357,-0.9181042313575745,59212,3958
0,0.019999999552965164,-0.10000000149011612,9.710000038146973,0,-0.0625,0,29.1875,-27.5,-18.5,-0.3962460458278656,-0.004760812036693096,0.007141217589378357,-0.9181042313575745,59222,3959
0,0.05000000074505806,-0.05999999865889549,9.760000228881836,-0.0625,-0.0625,0.125,29.1875,-27.5,-18.5,-0.3962460458278656,-0.004760812036693096,0.007141217589378357,-0.9181042313575745,59232,3960
0,0.05000000074505806,-0.07000000029802322,9.720000267028809,-0.125,0.1875,-0.125,29.5,-29.75,-18.75,-0.3962460458278656,-0.004760812036693096,0.007141217589378357,-0.9181042313575745,59241,3961
0,0.07000000029802322,-0.07999999821186066,9.720000267028809,-0.125,0.25,0,29.5,-29.75,-18.75,-0.3962460458278656,-0.004760812036693096,0.007141217589378357,-0.9181042313575745,59251,3962
0,0.07000000029802322,-0.07999999821186066,9.770000457763672,-0.0625,-0.25,0,29.5,-29.75,-18.75,-0.3962460458278656,-0.004760812036693096,0.007141217589378357,-0.9181042313575745,59261,3963
0,0.07999999821186066,-0.07999999821186066,9.739999771118164,0.0625,-0.0625,0,29.5,-29.75,-18.75,-0.3962460458278656,-0.004760812036693096,0.007141217589378357,-0.9181042313575745,59271,3964
0,0.029999999329447746,-0.10000000149011612,9.720000267028809,-0.0625,0.0625,0,29.5,-29.75,-18.75,-0.3962460458278656,-0.004760812036693096,0.007141217589378357,-0.9181042313575745,59282,3965
0,0.05000000074505806,-0.09000000357627869,9.729999542236328,0.0625,0,0,29.5,-29.75,-18.75,-0.3962460458278656,-0.004760812036693096,0.007141217589378357,-0.9181042313575745,59291,3966
0,0.05000000074505806,-0.09000000357627869,9.770000457763672,-0.0625,0.0625,0.0625,29.5,-29.75,-18.75,-0.3962460458278656,-0.004760812036693096,0.007141217589378357,-0.9181042313575745,59301,3967
0,0.07999999821186066,-0.07000000029802322,9.739999771118164,-0.125,0.1875,0.0625,29.5,-29.75,-18.75,-0.3962460458278656,-0.004760812036693096,0.007141217589378357,-0.9181042313575745,59311,3968
0,0.03999999910593033,-0.07000000029802322,9.6899995803833,0,0.0625,0.0625,29.5,-29.75,-18.75,-0.3962460458278656,-0.004760812036693096,0.007141217589378357,-0.9181042313575745,59321,3969
0,0.03999999910593033,-0.05000000074505806,9.739999771118164,-0.1875,-0.0625,-0.125,29.5,-29.75,-18.75,-0.3962460458278656,-0.004760812036693096,0.007141217589378357,-0.9181042313575745,59332,3970
0,0.05999999865889549,-0.07999999821186066,9.729999542236328,-0.0625,0,0,30.6875,-32,-19.25,-0.3962460458278656,-0.004760812036693096,0.007141217589378357,-0.9181042313575745,59341,3971
0,0.03999999910593033,-0.09000000357627869,9.739999771118164,0,0,0,30.6875,-32,-19.25,-0.3962460458278656,-0.004760812036693096,0.007141217589378357,-0.9181042313575745,59351,3972
0,0.03999999910593033,-0.07000000029802322,9.720000267028809,0,0,0,30.6875,-32,-19.25,-0.3962460458278656,-0.004760812036693096,0.007141217589378357,-0.9181042313575745,59361,3973
0,0.05000000074505806,-0.07000000029802322,9.720000267028809,-0.125,0,-0.125,30.6875,-32,-19.25,-0.3962460458278656,-0.004760812036693096,0.007141217589378357,-0.9181042313575745,59371,3974
0,0.05000000074505806,-0.07999999821186066,9.739999771118164,-0.0625,0,0.0625,30.6875,-32,-19.25,-0.3962460458278656,-0.004760812036693096,0.007141217589378357,-0.9181042313575745,59382,3975
0,0.029999999329447746,-0.07999999821186066,9.729999542236328,-0.1875,-0.0625,0,29.875,-30.5,-18.75,-0.3962460458278656,-0.004760812036693096,0.007141217589378357,-0.9181042313575745,59391,3976
0,0.05999999865889549,-0.07999999821186066,9.729999542236328,-0.1875,-0.0625,0,29.875,-30.5,-18.75,-0.3962460458278656,-0.004760812036693096,0.007141217589378357,-0.9181042313575745,59401,3977
0,0.05999999865889549,-0.05999999865889549,9.710000038146973,-0.0625,-0.1875,0,29.875,-30.5,-18.75,-0.3962460458278656,-0.004760812036693096,0.007141217589378357,-0.9181042313575745,59411,3978
0,0.05999999865889549,-0.09000000357627869,9.729999542236328,-0.125,0,0.0625,29.875,-30.5,-18.75,-0.3962460458278656,-0.004760812036693096,0.007141217589378357,-0.9181042313575745,59421,3979
0,0.03999999910593033,-0.10000000149011612,9.739999771118164,-0.25,-0.0625,0,29.875,-30.5,-18.75,-0.3962460458278656,-0.004760812036693096,0.007141217589378357,-0.9181042313575745,59432,3980
0,0.05000000074505806,-0.09000000357627869,9.729999542236328,-0.1875,0.0625,-0.0625,30.6875,-32,-18.75,-0.3962460458278656,-0.004760812036693096,0.007141217589378357,-0.9181042313575745,59441,3981
0,0.03999999910593033,-0.07999999821186066,9.710000038146973,-0.1875,0.0625,-0.0625,30.6875,-32,-18.75,-0.3962460458278656,-0.004760812036693096,0.007141217589378357,-0.9181042313575745,59451,3982
0,0.05999999865889549,-0.07000000029802322,9.729999542236328,0,-0.125,0,30.6875,-32,-18.75,-0.3962460458278656,-0.004760812036693096,0.007141217589378357,-0.9181042313575745,59461,3983
0,0.03999999910593033,-0.10000000149011612,9.710000038146973,0.0625,0.0625,0.0625,30.6875,-32,-18.75,-0.3962460458278656,-0.004760812036693096,0.007141217589378357,-0.9181042313575745,59471,3984
0,0.03999999910593033,-0.05999999865889549,9.739999771118164,-0.0625,0,-0.0625,30.6875,-32,-18.75,-0.3962460458278656,-0.004760812036693096,0.007141217589378357,-0.9181042313575745,59482,3985
0,0.03999999910593033,-0.09000000357627869,9.720000267028809,-0.0625,0,-0.0625,29.875,-31.6875,-19.25,-0.3962460458278656,-0.004760812036693096,0.007141217589378357,-0.9181042313575745,59491,3986
0,0.05999999865889549,-0.10000000149011612,9.760000228881836,-0.125,-0.125,0,29.875,-31.6875,-19.25,-0.3962460458278656,-0.004760812036693096,0.007141217589378357,-0.9181042313575745,59501,3987
0,0.05000000074505806,-0.09000000357627869,9.729999542236328,0.0625,-0.125,-0.125,29.875,-31.6875,-19.25,-0.3962460458278656,-0.004760812036693096,0.007141217589378357,-0.9181042313575745,59511,3988
0,0.03999999910593033,-0.07000000029802322,9.720000267028809,-0.125,-0.0625,0,29.875,-31.6875,-19.25,-0.3962460458278656,-0.004760812036693096,0.007141217589378357,-0.9181042313575745,59521,3989
0,0.07999999821186066,-0.10000000149011612,9.75,0,0,0,29.875,-31.6875,-19.25,-0.3962460458278656,-0.004760812036693096,0.007141217589378357,-0.9181042313575745,59531,3990
0,0.03999999910593033,-0.05999999865889549,9.739999771118164,-0.1875,-0.0625,0,29.1875,-30.875,-18.75,-0.3962460458278656,-0.004760812036693096,0.007141217589378357,-0.9181042313575745,59541,3991
0,0.07999999821186066,-0.07000000029802322,9.729999542236328,0,-0.125,0,29.1875,-30.875,-18.75,-0.3962460458278656,-0.004760812036693096,0.007141217589378357,-0.9181042313575745,59551,3992
0,0.029999999329447746,-0.09000000357627869,9.720000267028809,-0.1875,0.125,0,29.1875,-30.875,-18.75,-0.3962460458278656,-0.004760812036693096,0.007141217589378357,-0.9181042313575745,59561,3993
0,0.05999999865889549,-0.05999999865889549,9.710000038146973,-0.0625,0.1875,0,29.1875,-30.875,-18.75,-0.3962460458278656,-0.004760812036693096,0.007141217589378357,-0.9181042313575745,59571,3994
0,0.07000000029802322,-0.07999999821186066,9.720000267028809,-0.125,-0.125,0,29.1875,-30.875,-18.75,-0.3962460458278656,-0.004760812036693096,0.007141217589378357,-0.9181042313575745,59581,3995
0,0.07000000029802322,-0.07000000029802322,9.770000457763672,-0.125,-0.0625,0.0625,29.5,-27.875,-18.875,-0.3962460458278656,-0.004760812036693096,0.007141217589378357,-0.9181042313575745,59591,3996
0,0.05999999865889549,-0.07999999821186066,9.75,-0.0625,0,0.0625,29.5,-27.875,-18.875,-0.3962460458278656,-0.004760812036693096,0.007141217589378357,-0.9181042313575745,59601,3997
0,0.05000000074505806,-0.07999999821186066,9.729999542236328,-0.0625,-0.0625,0,29.5,-27.875,-18.875,-0.3962460458278656,-0.004760812036693096,0.007141217589378357,-0.9181042313575745,59611,3998
0,0.05000000074505806,-0.09000000357627869,9.729999542236328,-0.0625,-0.1875,0.0625,29.5,-27.875,-18.875,-0.3962460458278656,-0.004760812036693096,0.007141217589378357,-0.9181042313575745,59621,3999
0,0.05999999865889549,-0.09000000357627869,9.720000267028809,-0.125,-0.125,0.125,29.5,-27.875,-18.875,-0.3962460458278656,-0.004760812036693096,0.007141217589378357,-0.9181042313575745,59631,4000
0,0.05000000074505806,-0.07999999821186066,9.729999542236328,-0.125,-0.125,-0.0625,30.25,-30.5,-16.875,-0.3962460458278656,-0.004760812036693096,0.007141217589378357,-0.9181042313575745,59641,4001
0,0.05000000074505806,-0.07999999821186066,9.729999542236328,0.0625,-0.0625,-0.0625,30.25,-30.5,-16.875,-0.3962460458278656,-0.004760812036693096,0.007141217589378357,-0.9181042313575745,59651,4002
0,0.05999999865889549,-0.07999999821186066,9.720000267028809,0,0.125,0,30.25,-30.5,-16.875,-0.3962460458278656,-0.004760812036693096,0.007141217589378357,-0.9181042313575745,59661,4003
0,0.03999999910593033,-0.05000000074505806,9.710000038146973,0,0,-0.0625,30.25,-30.5,-16.875,-0.3962460458278656,-0.004760812036693096,0.007141217589378357,-0.9181042313575745,59671,4004
0,0.05999999865889549,-0.05999999865889549,9.710000038146973,-0.0625,-0.0625,0.0625,30.25,-30.5,-16.875,-0.3962460458278656,-0.004760812036693096,0.007141217589378357,-0.9181042313575745,59681,4005
0,0.029999999329447746,-0.09000000357627869,9.75,-0.0625,-0.0625,0.0625,30.6875,-29.75,-18.875,-0.3962460458278656,-0.004760812036693096,0.007141217589378357,-0.9181042313575745,59691,4006
0,0.05999999865889549,-0.09000000357627869,9.739999771118164,-0.0625,-0.0625,0.0625,30.6875,-29.75,-18.875,-0.3962460458278656,-0.004760812036693096,0.007141217589378357,-0.9181042313575745,59701,4007
0,0.05000000074505806,-0.05999999865889549,9.699999809265137,-0.1875,-0.125,0.0625,30.6875,-29.75,-18.875,-0.3962460458278656,-0.004760812036693096,0.007141217589378357,-0.9181042313575745,59711,4008
0,0.05000000074505806,-0.10000000149011612,9.729999542236328,-0.1875,0,0.0625,30.6875,-29.75,-18.875,-0.3962460458278656,-0.004760812036693096,0.007141217589378357,-0.9181042313575745,59721,4009
0,0.03999999910593033,-0.05999999865889549,9.729999542236328,-0.0625,0.125,0,30.6875,-29.75,-18.875,-0.3962460458278656,-0.004760812036693096,0.007141217589378357,-0.9181042313575745,59731,4010
0,0.029999999329447746,-0.07000000029802322,9.739999771118164,-0.125,0.0625,-0.125,30.6875,-30.5,-19.25,-0.3962460458278656,-0.004760812036693096,0.007141217589378357,-0.9181042313575745,59741,4011
0,0.05000000074505806,-0.07999999821186066,9.739999771118164,-0.125,0,0,30.6875,-30.5,-19.25,-0.3962460458278656,-0.004760812036693096,0.007141217589378357,-0.9181042313575745,59751,4012
0,0.05000000074505806,-0.07000000029802322,9.710000038146973,0.125,-0.1875,0,30.6875,-30.5,-19.25,-0.3962460458278656,-0.004760812036693096,0.007141217589378357,-0.9181042313575745,59761,4013
0,0.05000000074505806,-0.07999999821186066,9.720000267028809,0.0625,0.0625,0.0625,30.6875,-30.5,-19.25,-0.3962460458278656,-0.004760812036693096,0.007141217589378357,-0.9181042313575745,59771,4014
0,0.05999999865889549,-0.07999999821186066,9.75,0,-0.125,0.125,30.6875,-30.5,-19.25,-0.3962460458278656,-0.004760812036693096,0.007141217589378357,-0.9181042313575745,59781,4015
0,0.05000000074505806,-0.05999999865889549,9.729999542236328,-0.0625,-0.0625,0,30.25,-29.375,-19.25,-0.3962460458278656,-0.004760812036693096,0.007141217589378357,-0.9181042313575745,59791,4016
0,0.07000000029802322,-0.09000000357627869,9.720000267028809,0,-0.0625,-0.0625,30.25,-29.375,-19.25,-0.3962460458278656,-0.004760812036693096,0.007141217589378357,-0.9181042313575745,59801,4017
0,0.05999999865889549,-0.07999999821186066,9.710000038146973,0,-0.0625,-0.0625,30.25,-29.375,-19.25,-0.3962460458278656,-0.004760812036693096,0.007141217589378357,-0.9181042313575745,59811,4018
0,0.03999999910593033,-0.09000000357627869,9.729999542236328,-0.125,-0.125,0.0625,30.25,-29.375,-19.25,-0.3962460458278656,-0.004760812036693096,0.007141217589378357,-0.9181042313575745,59821,4019
0,0.05999999865889549,-0.09000000357627869,9.720000267028809,-0.0625,-0.0625,0,30.25,-29.375,-19.25,-0.3962460458278656,-0.004760812036693096,0.007141217589378357,-0.9181042313575745,59831,4020
0,0.07000000029802322,-0.09000000357627869,9.739999771118164,-0.0625,0,0,30.25,-27.5,-18.75,-0.3962460458278656,-0.004760812036693096,0.007141217589378357,-0.9181042313575745,59841,4021
0,0.05999999865889549,-0.07000000029802322,9.729999542236328,0,-0.0625,0.0625,30.25,-27.5,-18.75,-0.3962460458278656,-0.004760812036693096,0.007141217589378357,-0.9181042313575745,59851,4022
0,0.05999999865889549,-0.05999999865889549,9.710000038146973,0,-0.125,-0.0625,30.25,-27.5,-18.75,-0.3962460458278656,-0.004760812036693096,0.007141217589378357,-0.9181042313575745,59861,4023
0,0.05000000074505806,-0.09000000357627869,9.699999809265137,-0.0625,-0.0625,0.0625,30.25,-27.5,-18.75,-0.3962460458278656,-0.004760812036693096,0.007141217589378357,-0.9181042313575745,59871,4024
0,0.05999999865889549,-0.07000000029802322,9.760000228881836,-0.0625,0.125,0.0625,30.25,-27.5,-18.75,-0.3962460458278656,-0.004760812036693096,0.007141217589378357,-0.9181042313575745,59881,4025
0,0.05999999865889549,-0.07000000029802322,9.739999771118164,-0.25,0.1875,0,30.25,-29,-18.0625,-0.3962460458278656,-0.004760812036693096,0.007141217589378357,-0.9181042313575745,59891,4026
0,0.05000000074505806,-0.09000000357627869,9.760000228881836,-0.0625,0.0625,-0.125,30.25,-29,-18.0625,-0.3962460458278656,-0.004760812036693096,0.007141217589378357,-0.9181042313575745,59901,4027
0,0.05000000074505806,-0.07999999821186066,9.710000038146973,0,-0.0625,0.0625,30.25,-29,-18.0625,-0.3962460458278656,-0.004760812036693096,0.007141217589378357,-0.9181042313575745,59911,4028
0,0.05000000074505806,-0.09000000357627869,9.760000228881836,-0.125,0,-0.0625,30.25,-29,-18.0625,-0.3962460458278656,-0.004760812036693096,0.007141217589378357,-0.9181042313575745,59921,4029
0,0.03999999910593033,-0.07000000029802322,9.75,-0.0625,-0.125,0,30.25,-29,-18.0625,-0.3962460458278656,-0.004760812036693096,0.007141217589378357,-0.9181042313575745,59931,4030
0,0.05999999865889549,-0.07999999821186066,9.710000038146973,-0.125,-0.125,0,29.5,-30.5,-19.25,-0.3962460458278656,-0.004760812036693096,0.007141217589378357,-0.9181042313575745,59941,4031
0,0.029999999329447746,-0.07999999821186066,9.739999771118164,0.125,-0.0625,-0.0625,29.5,-30.5,-19.25,-0.3962460458278656,-0.004760812036693096,0.007141217589378357,-0.9181042313575745,59951,4032
0,0.05999999865889549,-0.07999999821186066,9.729999542236328,-0.1875,0.1875,0,29.5,-30.5,-19.25,-0.3962460458278656,-0.004760812036693096,0.007141217589378357,-0.9181042313575745,59961,4033
0,0.05000000074505806,-0.07999999821186066,9.739999771118164,-0.0625,0.0625,-0.125,29.5,-30.5,-19.25,-0.3962460458278656,-0.004760812036693096,0.007141217589378357,-0.9181042313575745,59971,4034
0,0.05999999865889549,-0.07000000029802322,9.710000038146973,-0.0625,-0.0625,0.0625,29.5,-30.5,-19.25,-0.3962460458278656,-0.004760812036693096,0.007141217589378357,-0.9181042313575745,59981,4035
0,0.05999999865889549,-0.09000000357627869,9.75,-0.0625,0,-0.0625,29.5,-29.75,-19.25,-0.3962460458278656,-0.004760812036693096,0.007141217589378357,-0.9181042313575745,59991,4036
0,0.07000000029802322,-0.10000000149011612,9.720000267028809,0.0625,0,0.0625,29.5,-29.75,-19.25,-0.3962460458278656,-0.004760812036693096,0.007141217589378357,-0.9181042313575745,60001,4037
0,0.05000000074505806,-0.09000000357627869,9.720000267028809,-0.0625,0,-0.125,29.5,-29.75,-19.25,-0.3962460458278656,-0.004760812036693096,0.007141217589378357,-0.9181042313575745,60011,4038
0,0.05999999865889549,-0.09000000357627869,9.729999542236328,-0.0625,0,-0.0625,29.5,-29.75,-19.25,-0.3962460458278656,-0.004760812036693096,0.007141217589378357,-0.9181042313575745,60021,4039
0,0.07000000029802322,-0.07999999821186066,9.739999771118164,0,0.0625,-0.125,29.5,-29.75,-19.25,-0.3962460458278656,-0.004760812036693096,0.007141217589378357,-0.9181042313575745,60031,4040
0,0.05999999865889549,-0.09000000357627869,9.739999771118164,-0.0625,0.0625,0,29.1875,-30.875,-18.75,-0.3962460458278656,-0.004760812036693096,0.007141217589378357,-0.9181042313575745,60041,4041
0,0.07000000029802322,-0.07999999821186066,9.729999542236328,0,-0.0625,0,29.1875,-30.875,-18.75,-0.3962460458278656,-0.004760812036693096,0.007141217589378357,-0.9181042313575745,60051,4042
0,0.05999999865889549,-0.10000000149011612,9.720000267028809,-0.0625,0.0625,0,29.1875,-30.875,-18.75,-0.3962460458278656,-0.004760812036693096,0.007141217589378357,-0.9181042313575745,60061,4043
0,0.03999999910593033,-0.09000000357627869,9.739999771118164,-0.1875,0.1875,-0.0625,29.1875,-30.875,-18.75,-0.3962460458278656,-0.004760812036693096,0.007141217589378357,-0.9181042313575745,60071,4044
0,0.05999999865889549,-0.07000000029802322,9.760000228881836,-0.0625,0.125,0,29.1875,-30.875,-18.75,-0.3962460458278656,-0.004760812036693096,0.007141217589378357,-0.9181042313575745,60081,4045
0,0.05000000074505806,-0.07999999821186066,9.760000228881836,-0.0625,-0.0625,0,29.5,-31.25,-19.5625,-0.3962460458278656,-0.004760812036693096,0.007141217589378357,-0.9181042313575745,60091,4046
0,0.05000000074505806,-0.09000000357627869,9.710000038146973,-0.0625,0.0625,-0.125,29.5,-31.25,-19.5625,-0.3962460458278656,-0.004760812036693096,0.007141217589378357,-0.9181042313575745,60101,4047
0,0.05999999865889549,-0.05999999865889549,9.729999542236328,-0.125,-0.0625,0,29.5,-31.25,-19.5625,-0.3962460458278656,-0.004760812036693096,0.007141217589378357,-0.9181042313575745,60111,4048
0,0.03999999910593033,-0.09000000357627869,9.720000267028809,-0.0625,-0.0625,-0.0625,29.5,-31.25,-19.5625,-0.3962460458278656,-0.004760812036693096,0.007141217589378357,-0.9181042313575745,60121,4049
0,0.05999999865889549,-0.09000000357627869,9.779999732971191,0.0625,-0.1875,0.125,29.5,-31.25,-19.5625,-0.3962460458278656,-0.004760812036693096,0.007141217589378357,-0.9181042313575745,60131,4050
0,0.05000000074505806,-0.07999999821186066,9.720000267028809,-0.0625,-0.125,0.0625,29.875,-29.75,-18.5,-0.3962460458278656,-0.004760812036693096,0.007141217589378357,-0.9181042313575745,60141,4051
0,0.029999999329447746,-0.05999999865889549,9.720000267028809,-0.125,0,0.0625,29.875,-29.75,-18.5,-0.3962460458278656,-0.004760812036693096,0.007141217589378357,-0.9181042313575745,60151,4052
0,0.03999999910593033,-0.07000000029802322,9.75,0.0625,0,0.0625,29.875,-29.75,-18.5,-0.3962460458278656,-0.004760812036693096,0.007141217589378357,-0.9181042313575745,60161,4053
0,0.05000000074505806,-0.10000000149011612,9.710000038146973,0.0625,0.0625,-0.0625,29.875,-29.75,-18.5,-0.3962460458278656,-0.004760812036693096,0.007141217589378357,-0.9181042313575745,60171,4054
0,0.07000000029802322,-0.07000000029802322,9.760000228881836,0.0625,-0.125,0,29.875,-29.75,-18.5,-0.3962460458278656,-0.004760812036693096,0.007141217589378357,-0.9181042313575745,60181,4055
0,0.05999999865889549,-0.09000000357627869,9.720000267028809,0,-0.125,0,29.5,-31.6875,-19.25,-0.3962460458278656,-0.004760812036693096,0.007141217589378357,-0.9181042313575745,60191,4056
0,0.05000000074505806,-0.07999999821186066,9.75,0.0625,-0.125,0.0625,29.5,-31.6875,-19.25,-0.3962460458278656,-0.004760812036693096,0.007141217589378357,-0.9181042313575745,60201,4057
0,0.05000000074505806,-0.07999999821186066,9.710000038146973,-0.0625,-0.0625,0,29.5,-31.6875,-19.25,-0.3962460458278656,-0.004760812036693096,0.007141217589378357,-0.9181042313575745,60211,4058
0,0.03999999910593033,-0.07000000029802322,9.729999542236328,0,0,0.0625,29.5,-31.6875,-19.25,-0.3962460458278656,-0.004760812036693096,0.007141217589378357,-0.9181042313575745,60221,4059
0,0.03999999910593033,-0.09000000357627869,9.75,0.0625,-0.1875,-0.0625,29.5,-31.6875,-19.25,-0.3962460458278656,-0.004760812036693096,0.007141217589378357,-0.9181042313575745,60231,4060
0,0.05999999865889549,-0.09000000357627869,9.729999542236328,0,-0.0625,0.0625,27.6875,-31.25,-19.25,-0.3962460458278656,-0.004760812036693096,0.007141217589378357,-0.9181042313575745,60241,4061
0,0.05999999865889549,-0.10999999940395355,9.720000267028809,0.125,-0.0625,0.0625,27.6875,-31.25,-19.25,-0.3962460458278656,-0.004760812036693096,0.007141217589378357,-0.9181042313575745,60251,4062
0,0.05000000074505806,-0.07999999821186066,9.720000267028809,0.0625,-0.0625,0,27.6875,-31.25,-19.25,-0.3962460458278656,-0.004760812036693096,0.007141217589378357,-0.9181042313575745,60261,4063
0,0.05000000074505806,-0.07000000029802322,9.739999771118164,0.125,-0.125,0,27.6875,-31.25,-19.25,-0.3962460458278656,-0.004760812036693096,0.007141217589378357,-0.9181042313575745,60271,4064
0,0.05999999865889549,-0.09000000357627869,9.729999542236328,-0.0625,-0.125,0.0625,27.6875,-31.25,-19.25,-0.3962460458278656,-0.004760812036693096,0.007141217589378357,-0.9181042313575745,60281,4065
0,0.05999999865889549,-0.07000000029802322,9.739999771118164,0,-0.25,0.0625,28,-29.75,-18.75,-0.3962460458278656,-0.004760812036693096,0.007141217589378357,-0.9181042313575745,60291,4066
0,0.05999999865889549,-0.05999999865889549,9.739999771118164,0.1875,-0.25,0.0625,28,-29.75,-18.75,-0.3962460458278656,-0.004760812036693096,0.007141217589378357,-0.9181042313575745,60301,4067
0,0.09000000357627869,-0.07999999821186066,9.729999542236328,0,0.125,-0.125,28,-29.75,-18.75,-0.3962460458278656,-0.004760812036693096,0.007141217589378357,-0.9181042313575745,60311,4068
0,0.05000000074505806,-0.09000000357627869,9.739999771118164,0.125,0,0,28,-29.75,-18.75,-0.3962460458278656,-0.004760812036693096,0.007141217589378357,-0.9181042313575745,60321,4069
0,0.05000000074505806,-0.09000000357627869,9.729999542236328,0,-0.0625,0.0625,28,-29.75,-18.75,-0.3962460458278656,-0.004760812036693096,0.007141217589378357,-0.9181042313575745,60331,4070
0,0.05000000074505806,-0.07000000029802322,9.720000267028809,-0.0625,0.125,-0.0625,29.5,-29.375,-19.25,-0.3962460458278656,-0.004760812036693096,0.007141217589378357,-0.9181042313575745,60340,4071
0,0.05999999865889549,-0.05999999865889549,9.6899995803833,0,0.0625,-0.0625,29.5,-29.375,-19.25,-0.3962460458278656,-0.004760812036693096,0.007141217589378357,-0.9181042313575745,60350,4072
0,0.03999999910593033,-0.09000000357627869,9.720000267028809,0,0,-0.0625,29.5,-29.375,-19.25,-0.3962460458278656,-0.004760812036693096,0.007141217589378357,-0.9181042313575745,60360,4073
0,0.03999999910593033,-0.07999999821186066,9.739999771118164,0.0625,0.0625,0.0625,29.5,-29.375,-19.25,-0.3962460458278656,-0.004760812036693096,0.007141217589378357,-0.9181042313575745,60370,4074
0,0.05999999865889549,-0.07000000029802322,9.710000038146973,0.0625,0.1875,-0.0625,29.5,-29.375,-19.25,-0.3962460458278656,-0.004760812036693096,0.007141217589378357,-0.9181042313575745,60381,4075
0,0.029999999329447746,-0.10000000149011612,9.739999771118164,-0.0625,0.1875,0,29.875,-29,-20.0625,-0.3962460458278656,-0.004760812036693096,0.007141217589378357,-0.9181042313575745,60390,4076
0,0.05999999865889549,-0.10999999940395355,9.729999542236328,0.1875,0,0.0625,29.875,-29,-20.0625,-0.3962460458278656,-0.004760812036693096,0.007141217589378357,-0.9181042313575745,60400,4077
0,0.05000000074505806,-0.09000000357627869,9.710000038146973,-0.0625,0.0625,0.0625,29.875,-29,-20.0625,-0.3962460458278656,-0.004760812036693096,0.007141217589378357,-0.9181042313575745,60410,4078
0,0.03999999910593033,-0.07999999821186066,9.710000038146973,-0.0625,-0.25,0.0625,29.875,-29,-20.0625,-0.3962460458278656,-0.004760812036693096,0.007141217589378357,-0.9181042313575745,60420,4079
0,0.05000000074505806,-0.03999999910593033,9.75,0,-0.125,0,29.875,-29,-20.0625,-0.3962460458278656,-0.004760812036693096,0.007141217589378357,-0.9181042313575745,60431,4080
0,0.05999999865889549,-0.09000000357627869,9.729999542236328,0,-0.1875,0,29.5,-29.375,-19.25,-0.3962460458278656,-0.004760812036693096,0.007141217589378357,-0.9181042313575745,60440,4081
0,0.07000000029802322,-0.07000000029802322,9.710000038146973,0,-0.3125,0,29.5,-29.375,-19.25,-0.3962460458278656,-0.004760812036693096,0.007141217589378357,-0.9181042313575745,60450,4082
0,0.05000000074505806,-0.07999999821186066,9.739999771118164,0.1875,-0.4375,0,29.5,-29.375,-19.25,-0.3962460458278656,-0.004760812036693096,0.007141217589378357,-0.9181042313575745,60460,4083
0,0.05000000074505806,-0.07000000029802322,9.729999542236328,0.0625,-0.25,0.0625,29.5,-29.375,-19.25,-0.3962460458278656,-0.004760812036693096,0.007141217589378357,-0.9181042313575745,60470,4084
0,0.05999999865889549,-0.07999999821186066,9.720000267028809,0,0.125,0,29.5,-29.375,-19.25,-0.3962460458278656,-0.004760812036693096,0.007141217589378357,-0.9181042313575745,60480,4085
0,0.05999999865889549,-0.07000000029802322,9.739999771118164,0.0625,0.125,0,30.6875,-18.5,-19.25,-0.3962460458278656,-0.004760812036693096,0.007141217589378357,-0.9181042313575745,60490,4086
0,0.05999999865889549,-0.09000000357627869,9.720000267028809,0.125,0,0.0625,30.6875,-18.5,-19.25,-0.3962460458278656,-0.004760812036693096,0.007141217589378357,-0.9181042313575745,60500,4087
0,0.07000000029802322,-0.10000000149011612,9.699999809265137,0.0625,0.0625,0,30.6875,-18.5,-19.25,-0.3962460458278656,-0.004760812036693096,0.007141217589378357,-0.9181042313575745,60510,4088
0,0.03999999910593033,-0.10000000149011612,9.75,0.125,-0.0625,0,30.6875,-18.5,-19.25,-0.3962460458278656,-0.004760812036693096,0.007141217589378357,-0.9181042313575745,60520,4089
0,0.05000000074505806,-0.09000000357627869,9.739999771118164,0.0625,0.1875,-0.0625,30.6875,-18.5,-19.25,-0.3962460458278656,-0.004760812036693096,0.007141217589378357,-0.9181042313575745,60530,4090
0,0.05999999865889549,-0.09000000357627869,9.729999542236328,0,-0.25,0.0625,30.25,-26.375,-19.25,-0.3962460458278656,-0.004760812036693096,0.007141217589378357,-0.9181042313575745,60540,4091
0,0.05000000074505806,-0.09000000357627869,9.739999771118164,-0.125,0.0625,0,30.25,-26.375,-19.25,-0.3962460458278656,-0.004760812036693096,0.007141217589378357,-0.9181042313575745,60550,4092
0,0.03999999910593033,-0.05000000074505806,9.75,-0.0625,0,0,30.25,-26.375,-19.25,-0.3962460458278656,-0.004760812036693096,0.007141217589378357,-0.9181042313575745,60560,4093
0,0.05000000074505806,-0.07000000029802322,9.739999771118164,0,0,0,30.25,-26.375,-19.25,-0.3962460458278656,-0.004760812036693096,0.007141217589378357,-0.9181042313575745,60570,4094
0,0.05000000074505806,-0.07999999821186066,9.720000267028809,-0.0625,0.0625,-0.0625,30.25,-26.375,-19.25,-0.3962460458278656,-0.004760812036693096,0.007141217589378357,-0.9181042313575745,60580,4095
0,0.05000000074505806,-0.07999999821186066,9.729999542236328,-0.0625,0.0625,-0.0625,28.75,-29,-20.5,-0.3962460458278656,-0.004760812036693096,0.007141217589378357,-0.9181042313575745,60590,4096
0,0.05999999865889549,-0.05999999865889549,9.770000457763672,-0.0625,-0.125,-0.0625,28.75,-29,-20.5,-0.3962460458278656,-0.004760812036693096,0.007141217589378357,-0.9181042313575745,60600,4097
0,0.05000000074505806,-0.07000000029802322,9.739999771118164,0.0625,0.25,-0.0625,28.75,-29,-20.5,-0.3962460458278656,-0.004760812036693096,0.007141217589378357,-0.9181042313575745,60610,4098
0,0.07000000029802322,-0.09000000357627869,9.75,-0.0625,0.0625,0,28.75,-29,-20.5,-0.3962460458278656,-0.004760812036693096,0.007141217589378357,-0.9181042313575745,60620,4099
0,0.05999999865889549,-0.07999999821186066,9.720000267028809,0.125,-0.0625,0,28.75,-29,-20.5,-0.3962460458278656,-0.004760812036693096,0.007141217589378357,-0.9181042313575745,60630,4100
0,0.05000000074505806,-0.10000000149011612,9.729999542236328,0.125,0,0.1875,29.5,-29.375,-18.5,-0.3962460458278656,-0.004760812036693096,0.007141217589378357,-0.9181042313575745,60640,4101
0,0.07000000029802322,-0.10000000149011612,9.720000267028809,0,-0.25,0.0625,29.5,-29.375,-18.5,-0.3962460458278656,-0.004760812036693096,0.007141217589378357,-0.9181042313575745,60650,4102
0,0.05999999865889549,-0.07999999821186066,9.699999809265137,-0.1875,-0.0625,-0.0625,29.5,-29.375,-18.5,-0.3962460458278656,-0.004760812036693096,0.007141217589378357,-0.9181042313575745,60660,4103
0,0.07000000029802322,-0.07999999821186066,9.729999542236328,0,0.125,0,29.5,-29.375,-18.5,-0.3962460458278656,-0.004760812036693096,0.007141217589378357,-0.9181042313575745,60670,4104
0,0.07999999821186066,-0.07000000029802322,9.720000267028809,0,0,-0.0625,29.5,-29.375,-18.5,-0.3962460458278656,-0.004760812036693096,0.007141217589378357,-0.9181042313575745,60680,4105
0,0.03999999910593033,-0.05999999865889549,9.75,-0.0625,0.25,0,29.5,-29.75,-18.5,-0.3962460458278656,-0.004760812036693096,0.007141217589378357,-0.9181042313575745,60690,4106
0,0.05999999865889549,-0.07999999821186066,9.710000038146973,0,0.125,0,29.5,-29.75,-18.5,-0.3962460458278656,-0.004760812036693096,0.007141217589378357,-0.9181042313575745,60700,4107
0,0.05999999865889549,-0.10999999940395355,9.729999542236328,0,-0.0625,-0.0625,29.5,-29.75,-18.5,-0.3962460458278656,-0.004760812036693096,0.007141217589378357,-0.9181042313575745,60710,4108
0,0.05000000074505806,-0.09000000357627869,9.710000038146973,-0.0625,0.0625,-0.0625,29.5,-29.75,-18.5,-0.3962460458278656,-0.004760812036693096,0.007141217589378357,-0.9181042313575745,60720,4109
0,0.05000000074505806,-0.07000000029802322,9.739999771118164,-0.125,-0.125,0,29.5,-29.75,-18.5,-0.3962460458278656,-0.004760812036693096,0.007141217589378357,-0.9181042313575745,60730,4110
0,0.05000000074505806,-0.07000000029802322,9.699999809265137,0,-0.0625,0.0625,29.5,-29.375,-18.5,-0.3962460458278656,-0.004760812036693096,0.007141217589378357,-0.9181042313575745,60740,4111
0,0.05999999865889549,-0.10000000149011612,9.729999542236328,0.125,-0.125,-0.0625,29.5,-29.375,-18.5,-0.3962460458278656,-0.004760812036693096,0.007141217589378357,-0.9181042313575745,60750,4112
0,0.05999999865889549,-0.07000000029802322,9.739999771118164,-0.125,0.125,0.0625,29.5,-29.375,-18.5,-0.3962460458278656,-0.004760812036693096,0.007141217589378357,-0.9181042313575745,60760,4113
0,0.07000000029802322,-0.07000000029802322,9.739999771118164,0,-0.0625,0,29.5,-29.375,-18.5,-0.3962460458278656,-0.004760812036693096,0.007141217589378357,-0.9181042313575745,60770,4114
0,0.07000000029802322,-0.10000000149011612,9.710000038146973,0.125,-0.1875,0.0625,29.5,-29.375,-18.5,-0.3962460458278656,-0.004760812036693096,0.007141217589378357,-0.9181042313575745,60780,4115
0,0.05999999865889549,-0.09000000357627869,9.75,0,-0.125,0.0625,30.6875,-30.5,-19.5625,-0.3962460458278656,-0.004760812036693096,0.007141217589378357,-0.9181042313575745,60790,4116
0,0.03999999910593033,-0.09000000357627869,9.739999771118164,0.125,0.0625,0.125,30.6875,-30.5,-19.5625,-0.3962460458278656,-0.004760812036693096,0.007141217589378357,-0.9181042313575745,60800,4117
0,0.07000000029802322,-0.07000000029802322,9.710000038146973,0.0625,0,-0.0625,30.6875,-30.5,-19.5625,-0.3962460458278656,-0.004760812036693096,0.007141217589378357,-0.9181042313575745,60810,4118
0,0.05999999865889549,-0.09000000357627869,9.760000228881836,0.0625,-0.125,0,30.6875,-30.5,-19.5625,-0.3962460458278656,-0.004760812036693096,0.007141217589378357,-0.9181042313575745,60820,4119
0,0.05999999865889549,-0.09000000357627869,9.739999771118164,-0.0625,0.125,0,30.6875,-30.5,-19.5625,-0.3962460458278656,-0.004760812036693096,0.007141217589378357,-0.9181042313575745,60830,4120
0,0.05999999865889549,-0.09000000357627869,9.75,0.125,0,0.0625,31,-30.875,-18.75,-0.3962460458278656,-0.004760812036693096,0.007141217589378357,-0.9181042313575745,60840,4121
0,0.05999999865889549,-0.07999999821186066,9.739999771118164,0.0625,-0.1875,0.0625,31,-30.875,-18.75,-0.3962460458278656,-0.004760812036693096,0.007141217589378357,-0.9181042313575745,60850,4122
0,0.05000000074505806,-0.07000000029802322,9.729999542236328,0,0.0625,0.0625,31,-30.875,-18.75,-0.3962460458278656,-0.004760812036693096,0.007141217589378357,-0.9181042313575745,60860,4123
0,0.07000000029802322,-0.09000000357627869,9.720000267028809,0,0,0.0625,31,-30.875,-18.75,-0.3962460458278656,-0.004760812036693096,0.007141217589378357,-0.9181042313575745,60870,4124
0,0.05000000074505806,-0.09000000357627869,9.729999542236328,0.125,0.0625,0.0625,31,-30.875,-18.75,-0.3962460458278656,-0.004760812036693096,0.007141217589378357,-0.9181042313575745,60880,4125
0,0.03999999910593033,-0.09000000357627869,9.739999771118164,0.0625,0,0.0625,29.5,-29.375,-19.25,-0.3962460458278656,-0.004760812036693096,0.007141217589378357,-0.9181042313575745,60890,4126
0,0.03999999910593033,-0.05999999865889549,9.729999542236328,0,-0.125,0,29.5,-29.375,-19.25,-0.3962460458278656,-0.004760812036693096,0.007141217589378357,-0.9181042313575745,60900,4127
0,0.05999999865889549,-0.09000000357627869,9.739999771118164,0.0625,0.0625,-0.0625,29.5,-29.375,-19.25,-0.3962460458278656,-0.004760812036693096,0.007141217589378357,-0.9181042313575745,60910,4128
0,0.07000000029802322,-0.07999999821186066,9.720000267028809,0,0.0625,0.125,29.5,-29.375,-19.25,-0.3962460458278656,-0.004760812036693096,0.007141217589378357,-0.9181042313575745,60920,4129
0,0.05999999865889549,-0.10000000149011612,9.75,-0.0625,-0.1875,0,29.5,-29.375,-19.25,-0.3962460458278656,-0.004760812036693096,0.007141217589378357,-0.9181042313575745,60930,4130
0,0.05999999865889549,-0.09000000357627869,9.729999542236328,0.125,-0.1875,0.0625,29.875,-27.1875,-19.25,-0.3962460458278656,-0.004760812036693096,0.007141217589378357,-0.9181042313575745,60940,4131
0,0.05999999865889549,-0.09000000357627869,9.739999771118164,0.1875,-0.125,0,29.875,-27.1875,-19.25,-0.3962460458278656,-0.004760812036693096,0.007141217589378357,-0.9181042313575745,60950,4132
0,0.07000000029802322,-0.10000000149011612,9.720000267028809,0.125,0,-0.0625,29.875,-27.1875,-19.25,-0.3962460458278656,-0.004760812036693096,0.007141217589378357,-0.9181042313575745,60960,4133
0,0.05999999865889549,-0.07000000029802322,9.729999542236328,0,0.125,0.0625,29.875,-27.1875,-19.25,-0.3962460458278656,-0.004760812036693096,0.007141217589378357,-0.9181042313575745,60970,4134
0,0.07000000029802322,-0.09000000357627869,9.760000228881836,0,-0.125,0.125,29.875,-27.1875,-19.25,-0.3962460458278656,-0.004760812036693096,0.007141217589378357,-0.9181042313575745,60980,4135
0,0.07000000029802322,-0.07000000029802322,9.760000228881836,-0.125,0.0625,0,29.1875,-31.25,-19.25,-0.3962460458278656,-0.004760812036693096,0.007141217589378357,-0.9181042313575745,60990,4136
0,0.03999999910593033,-0.07999999821186066,9.739999771118164,-0.0625,0.0625,-0.125,29.1875,-31.25,-19.25,-0.3962460458278656,-0.004760812036693096,0.007141217589378357,-0.9181042313575745,61000,4137
0,0.05000000074505806,-0.07000000029802322,9.710000038146973,-0.0625,-0.125,0.0625,29.1875,-31.25,-19.25,-0.3962460458278656,-0.004760812036693096,0.007141217589378357,-0.9181042313575745,61010,4138
0,0.03999999910593033,-0.07999999821186066,9.710000038146973,0,0.0625,-0.0625,29.1875,-31.25,-19.25,-0.3962460458278656,-0.004760812036693096,0.007141217589378357,-0.9181042313575745,61020,4139
0,0.03999999910593033,-0.07000000029802322,9.75,0.0625,-0.125,0,29.1875,-31.25,-19.25,-0.3962460458278656,-0.004760812036693096,0.007141217589378357,-0.9181042313575745,61030,4140
0,0.03999999910593033,-0.07000000029802322,9.720000267028809,-0.0625,0,0.0625,29.875,-29.375,-18.0625,-0.3962460458278656,-0.004760812036693096,0.007141217589378357,-0.9181042313575745,61040,4141
0,0.07000000029802322,-0.07999999821186066,9.729999542236328,0,0.0625,-0.0625,29.875,-29.375,-18.0625,-0.3962460458278656,-0.004760812036693096,0.007141217589378357,-0.9181042313575745,61050,4142
0,0.05999999865889549,-0.07999999821186066,9.699999809265137,0.0625,0,0,29.875,-29.375,-18.0625,-0.3962460458278656,-0.004760812036693096,0.007141217589378357,-0.9181042313575745,61060,4143
0,0.05999999865889549,-0.09000000357627869,9.75,0,-0.125,0.0625,29.875,-29.375,-18.0625,-0.3962460458278656,-0.004760812036693096,0.007141217589378357,-0.9181042313575745,61070,4144
0,0.05000000074505806,-0.09000000357627869,9.739999771118164,0.125,-0.125,0.0625,29.875,-29.375,-18.0625,-0.3962460458278656,-0.004760812036693096,0.007141217589378357,-0.9181042313575745,61080,4145
0,0.05000000074505806,-0.10000000149011612,9.720000267028809,0,0.125,0.0625,30.6875,-28.6875,-19.5625,-0.3962460458278656,-0.004760812036693096,0.007141217589378357,-0.9181042313575745,61090,4146
0,0.05999999865889549,-0.07000000029802322,9.720000267028809,0.0625,-0.125,0,30.6875,-28.6875,-19.5625,-0.3962460458278656,-0.004760812036693096,0.007141217589378357,-0.9181042313575745,61100,4147
0,0.03999999910593033,-0.09000000357627869,9.729999542236328,0.0625,-0.125,0,30.6875,-28.6875,-19.5625,-0.3962460458278656,-0.004760812036693096,0.007141217589378357,-0.9181042313575745,61110,4148
0,0.05999999865889549,-0.07999999821186066,9.75,0.125,-0.1875,0,30.6875,-28.6875,-19.5625,-0.3962460458278656,-0.004760812036693096,0.007141217589378357,-0.9181042313575745,61120,4149
0,0.05999999865889549,-0.07000000029802322,9.720000267028809,0.0625,0.125,0,30.6875,-28.6875,-19.5625,-0.3962460458278656,-0.004760812036693096,0.007141217589378357,-0.9181042313575745,61130,4150
0,0.03999999910593033,-0.05999999865889549,9.739999771118164,0.0625,-0.0625,0.0625,29.875,-27.875,-19.25,-0.3962460458278656,-0.004760812036693096,0.007141217589378357,-0.9181042313575745,61140,4151
0,0.029999999329447746,-0.10000000149011612,9.729999542236328,-0.0625,-0.0625,0.0625,29.875,-27.875,-19.25,-0.3962460458278656,-0.004760812036693096,0.007141217589378357,-0.9181042313575745,61150,4152
0,0.029999999329447746,-0.10000000149011612,9.710000038146973,-0.0625,-0.0625,0.0625,29.875,-27.875,-19.25,-0.3962460458278656,-0.004760812036693096,0.007141217589378357,-0.9181042313575745,61160,4153
0,0.05999999865889549,-0.09000000357627869,9.729999542236328,0,0.125,0.0625,29.875,-27.875,-19.25,-0.3962460458278656,-0.004760812036693096,0.007141217589378357,-0.9181042313575745,61170,4154
0,0.05000000074505806,-0.09000000357627869,9.729999542236328,0.125,-0.0625,-0.0625,29.875,-27.875,-19.25,-0.3962460458278656,-0.004760812036693096,0.007141217589378357,-0.9181042313575745,61180,4155
0,0.05000000074505806,-0.07999999821186066,9.729999542236328,-0.0625,0.0625,0,29.875,-29,-19.5625,-0.3962460458278656,-0.004760812036693096,0.007141217589378357,-0.9181042313575745,61190,4156
0,0.05999999865889549,-0.07999999821186066,9.739999771118164,-0.0625,-0.0625,0.125,29.875,-29,-19.5625,-0.3962460458278656,-0.004760812036693096,0.007141217589378357,-0.9181042313575745,61200,4157
0,0.05000000074505806,-0.07000000029802322,9.729999542236328,-0.0625,0.1875,-0.0625,29.875,-29,-19.5625,-0.3962460458278656,-0.004760812036693096,0.007141217589378357,-0.9181042313575745,61210,4158
0,0.05000000074505806,-0.07999999821186066,9.729999542236328,-0.125,0,0,29.875,-29,-19.5625,-0.3962460458278656,-0.004760812036693096,0.007141217589378357,-0.9181042313575745,61220,4159
0,0.05999999865889549,-0.09000000357627869,9.729999542236328,-0.0625,0.0625,0,29.875,-29,-19.5625,-0.3962460458278656,-0.004760812036693096,0.007141217589378357,-0.9181042313575745,61230,4160
0,0.05000000074505806,-0.05000000074505806,9.720000267028809,-0.125,0.125,0,29.5,-28.25,-19.5625,-0.3962460458278656,-0.004760812036693096,0.007141217589378357,-0.9181042313575745,61240,4161
0,0.07000000029802322,-0.05000000074505806,9.760000228881836,0,0.0625,0.0625,29.5,-28.25,-19.5625,-0.3962460458278656,-0.004760812036693096,0.007141217589378357,-0.9181042313575745,61250,4162
0,0.05000000074505806,-0.09000000357627869,9.6899995803833,0,0,-0.0625,29.5,-28.25,-19.5625,-0.3962460458278656,-0.004760812036693096,0.007141217589378357,-0.9181042313575745,61260,4163
0,0.03999999910593033,-0.07999999821186066,9.729999542236328,0.125,-0.125,-0.0625,29.5,-28.25,-19.5625,-0.3962460458278656,-0.004760812036693096,0.007141217589378357,-0.9181042313575745,61270,4164
0,0.05999999865889549,-0.09000000357627869,9.75,-0.0625,-0.1875,0.125,29.5,-28.25,-19.5625,-0.3962460458278656,-0.004760812036693096,0.007141217589378357,-0.9181042313575745,61280,4165
0,0.03999999910593033,-0.07999999821186066,9.75,-0.0625,-0.1875,0,29.5,-25.25,-18.75,-0.3962460458278656,-0.004760812036693096,0.007141217589378357,-0.9181042313575745,61290,4166
0,0.05000000074505806,-0.07999999821186066,9.75,0,-0.1875,0,29.5,-25.25,-18.75,-0.3962460458278656,-0.004760812036693096,0.007141217589378357,-0.9181042313575745,61300,4167
0,0.03999999910593033,-0.07000000029802322,9.710000038146973,-0.0625,0,0.0625,29.5,-25.25,-18.75,-0.3962460458278656,-0.004760812036693096,0.007141217589378357,-0.9181042313575745,61310,4168
0,0.03999999910593033,-0.09000000357627869,9.720000267028809,0,-0.125,0,29.5,-25.25,-18.75,-0.3962460458278656,-0.004760812036693096,0.007141217589378357,-0.9181042313575745,61320,4169
0,0.05999999865889549,-0.07999999821186066,9.729999542236328,0.0625,0.125,-0.125,29.5,-25.25,-18.75,-0.3962460458278656,-0.004760812036693096,0.007141217589378357,-0.9181042313575745,61330,4170
0,0.07000000029802322,-0.07999999821186066,9.75,0,0.25,0.0625,29.875,-27.5,-18.75,-0.3962460458278656,-0.004760812036693096,0.007141217589378357,-0.9181042313575745,61340,4171
0,0.05000000074505806,-0.10000000149011612,9.760000228881836,-0.1875,-0.1875,0.0625,29.875,-27.5,-18.75,-0.3962460458278656,-0.004760812036693096,0.007141217589378357,-0.9181042313575745,61350,4172
0,0.05999999865889549,-0.10000000149011612,9.729999542236328,0.0625,0,0,29.875,-27.5,-18.75,-0.3962460458278656,-0.004760812036693096,0.007141217589378357,-0.9181042313575745,61360,4173
0,0.05000000074505806,-0.05999999865889549,9.729999542236328,0.0625,-0.1875,0.0625,29.875,-27.5,-18.75,-0.3962460458278656,-0.004760812036693096,0.007141217589378357,-0.9181042313575745,61370,4174
0,0.07000000029802322,-0.05999999865889549,9.75,0.125,-0.1875,0.0625,29.875,-27.5,-18.75,-0.3962460458278656,-0.004760812036693096,0.007141217589378357,-0.9181042313575745,61380,4175
0,0.03999999910593033,-0.07000000029802322,9.729999542236328,0,-0.125,0.0625,29.1875,-29,-18.75,-0.3962460458278656,-0.004760812036693096,0.007141217589378357,-0.9181042313575745,61390,4176
0,0.03999999910593033,-0.05999999865889549,9.760000228881836,-0.0625,0.1875,0,29.1875,-29,-18.75,-0.3962460458278656,-0.004760812036693096,0.007141217589378357,-0.9181042313575745,61400,4177
0,0.05000000074505806,-0.07999999821186066,9.699999809265137,0,0,0,29.1875,-29,-18.75,-0.3962460458278656,-0.004760812036693096,0.007141217589378357,-0.9181042313575745,61410,4178
0,0.03999999910593033,-0.09000000357627869,9.739999771118164,0.0625,0,0.0625,29.1875,-29,-18.75,-0.3962460458278656,-0.004760812036693096,0.007141217589378357,-0.9181042313575745,61420,4179
0,0.07000000029802322,-0.05999999865889549,9.739999771118164,0,0.0625,0,29.1875,-29,-18.75,-0.3962460458278656,-0.004760812036693096,0.007141217589378357,-0.9181042313575745,61430,4180
0,0.07000000029802322,-0.07999999821186066,9.739999771118164,-0.125,0.0625,-0.0625,30.25,-29,-18.5,-0.3962460458278656,-0.004760812036693096,0.007141217589378357,-0.9181042313575745,61440,4181
0,0.05999999865889549,-0.09000000357627869,9.75,0,0,0.0625,30.25,-29,-18.5,-0.3962460458278656,-0.004760812036693096,0.007141217589378357,-0.9181042313575745,61450,4182
0,0.05999999865889549,-0.07999999821186066,9.710000038146973,0.0625,-0.125,0.0625,30.25,-29,-18.5,-0.3962460458278656,-0.004760812036693096,0.007141217589378357,-0.9181042313575745,61460,4183
0,0.03999999910593033,-0.07999999821186066,9.720000267028809,0,-0.0625,-0.0625,30.25,-29,-18.5,-0.3962460458278656,-0.004760812036693096,0.007141217589378357,-0.9181042313575745,61470,4184
0,0.05999999865889549,-0.07999999821186066,9.760000228881836,0,0.0625,0,30.25,-29,-18.5,-0.3962460458278656,-0.004760812036693096,0.007141217589378357,-0.9181042313575745,61480,4185
0,0.05999999865889549,-0.07999999821186066,9.739999771118164,0.0625,-0.0625,0.0625,30.25,-30.5,-18.75,-0.3962460458278656,-0.004760812036693096,0.007141217589378357,-0.9181042313575745,61490,4186
0,0.05999999865889549,-0.05999999865889549,9.720000267028809,0,-0.1875,0.0625,30.25,-30.5,-18.75,-0.3962460458278656,-0.004760812036693096,0.007141217589378357,-0.9181042313575745,61500,4187
0,0.05000000074505806,-0.09000000357627869,9.720000267028809,0,0,0,30.25,-30.5,-18.75,-0.3962460458278656,-0.004760812036693096,0.007141217589378357,-0.9181042313575745,61510,4188
0,0.05000000074505806,-0.07000000029802322,9.699999809265137,0.0625,0.0625,0.0625,30.25,-30.5,-18.75,-0.3962460458278656,-0.004760812036693096,0.007141217589378357,-0.9181042313575745,61520,4189
0,0.03999999910593033,-0.09000000357627869,9.720000267028809,0.0625,0.1875,-0.0625,30.25,-30.5,-18.75,-0.3962460458278656,-0.004760812036693096,0.007141217589378357,-0.9181042313575745,61530,4190
0,0.03999999910593033,-0.10000000149011612,9.739999771118164,0.125,-0.25,-0.0625,30.25,-29,-19.25,-0.3962460458278656,-0.004760812036693096,0.007141217589378357,-0.9181042313575745,61540,4191
0,0.05999999865889549,-0.10000000149011612,9.75,0.0625,0.25,0,30.25,-29,-19.25,-0.3962460458278656,-0.004760812036693096,0.007141217589378357,-0.9181042313575745,61550,4192
0,0.05999999865889549,-0.10999999940395355,9.6899995803833,0.0625,0.125,0,30.25,-29,-19.25,-0.3962460458278656,-0.004760812036693096,0.007141217589378357,-0.9181042313575745,61560,4193
0,0.05000000074505806,-0.09000000357627869,9.710000038146973,-0.0625,0.0625,0.0625,30.25,-29,-19.25,-0.3962460458278656,-0.004760812036693096,0.007141217589378357,-0.9181042313575745,61570,4194
0,0.029999999329447746,-0.10000000149011612,9.760000228881836,0.0625,-0.0625,0.0625,30.25,-29,-19.25,-0.3962460458278656,-0.004760812036693096,0.007141217589378357,-0.9181042313575745,61580,4195
0,0.05000000074505806,-0.09000000357627869,9.75,0.0625,-0.125,0.125,30.6875,-30.5,-19.25,-0.3962460458278656,-0.004760812036693096,0.007141217589378357,-0.9181042313575745,61590,4196
0,0.07000000029802322,-0.07999999821186066,9.739999771118164,0.0625,0,-0.0625,30.6875,-30.5,-19.25,-0.3962460458278656,-0.004760812036693096,0.007141217589378357,-0.9181042313575745,61600,4197
0,0.05999999865889549,-0.10000000149011612,9.720000267028809,-0.125,0.125,0.125,30.6875,-30.5,-19.25,-0.3962460458278656,-0.004760812036693096,0.007141217589378357,-0.9181042313575745,61610,4198
0,0.05000000074505806,-0.07999999821186066,9.720000267028809,0.0625,0,-0.0625,30.6875,-30.5,-19.25,-0.3962460458278656,-0.004760812036693096,0.007141217589378357,-0.9181042313575745,61620,4199
0,0.029999999329447746,-0.07000000029802322,9.729999542236328,0.0625,-0.0625,0.0625,30.6875,-30.5,-19.25,-0.3962460458278656,-0.004760812036693096,0.007141217589378357,-0.9181042313575745,61630,4200
0,0.05999999865889549,-0.09000000357627869,9.720000267028809,0,-0.125,0.0625,29.1875,-30.5,-19.25,-0.3962460458278656,-0.004760812036693096,0.007141217589378357,-0.9181042313575745,61640,4201
0,0.05999999865889549,-0.07999999821186066,9.739999771118164,-0.0625,0,0,29.1875,-30.5,-19.25,-0.3962460458278656,-0.004760812036693096,0.007141217589378357,-0.9181042313575745,61650,4202
0,0.03999999910593033,-0.09000000357627869,9.720000267028809,0.0625,-0.125,-0.0625,29.1875,-30.5,-19.25,-0.3962460458278656,-0.004760812036693096,0.007141217589378357,-0.9181042313575745,61660,4203
0,0.05999999865889549,-0.07999999821186066,9.729999542236328,0.0625,0,0.0625,29.1875,-30.5,-19.25,-0.3962460458278656,-0.004760812036693096,0.007141217589378357,-0.9181042313575745,61670,4204
0,0.05999999865889549,-0.07999999821186066,9.739999771118164,-0.0625,0,0.0625,29.1875,-30.5,-19.25,-0.3962460458278656,-0.004760812036693096,0.007141217589378357,-0.9181042313575745,61680,4205
0,0.05000000074505806,-0.07000000029802322,9.739999771118164,0,0.125,-0.0625,29.5,-27.5,-18.875,-0.3962460458278656,-0.004760812036693096,0.007141217589378357,-0.9181042313575745,61690,4206
0,0.05000000074505806,-0.09000000357627869,9.710000038146973,0,0,0,29.5,-27.5,-18.875,-0.3962460458278656,-0.004760812036693096,0.007141217589378357,-0.9181042313575745,61700,4207
0,0.05999999865889549,-0.09000000357627869,9.699999809265137,0,0.1875,0,29.5,-27.5,-18.875,-0.3962460458278656,-0.004760812036693096,0.007141217589378357,-0.9181042313575745,61710,4208
0,0.03999999910593033,-0.09000000357627869,9.710000038146973,0.1875,-0.0625,0,29.5,-27.5,-18.875,-0.3962460458278656,-0.004760812036693096,0.007141217589378357,-0.9181042313575745,61720,4209
0,0.03999999910593033,-0.10000000149011612,9.729999542236328,0.0625,-0.0625,0.125,29.5,-27.5,-18.875,-0.3962460458278656,-0.004760812036693096,0.007141217589378357,-0.9181042313575745,61730,4210
0,0.03999999910593033,-0.09000000357627869,9.760000228881836,0,-0.125,0,28.75,-29.375,-20.75,-0.3962460458278656,-0.004760812036693096,0.007141217589378357,-0.9181042313575745,61740,4211
0,0.05999999865889549,-0.10000000149011612,9.710000038146973,0.125,0,0.0625,28.75,-29.375,-20.75,-0.3962460458278656,-0.004760812036693096,0.007141217589378357,-0.9181042313575745,61750,4212
0,0.07999999821186066,-0.07000000029802322,9.739999771118164,0,-0.25,0.0625,28.75,-29.375,-20.75,-0.3962460458278656,-0.004760812036693096,0.007141217589378357,-0.9181042313575745,61760,4213
0,0.05000000074505806,-0.10000000149011612,9.760000228881836,-0.0625,-0.0625,0,28.75,-29.375,-20.75,-0.3962460458278656,-0.004760812036693096,0.007141217589378357,-0.9181042313575745,61770,4214
0,0.05999999865889549,-0.05000000074505806,9.75,0,-0.1875,0,28.75,-29.375,-20.75,-0.3962460458278656,-0.004760812036693096,0.007141217589378357,-0.9181042313575745,61780,4215
0,0.05999999865889549,-0.05999999865889549,9.720000267028809,0.125,0,0,28.75,-30.1875,-18.5,-0.3962460458278656,-0.004760812036693096,0.007141217589378357,-0.9181042313575745,61790,4216
0,0.05999999865889549,-0.07000000029802322,9.739999771118164,-0.0625,-0.0625,-0.0625,28.75,-30.1875,-18.5,-0.3962460458278656,-0.004760812036693096,0.007141217589378357,-0.9181042313575745,61800,4217
0,0.05999999865889549,-0.05999999865889549,9.739999771118164,0,-0.0625,0.0625,28.75,-30.1875,-18.5,-0.3962460458278656,-0.004760812036693096,0.007141217589378357,-0.9181042313575745,61810,4218
0,0.03999999910593033,-0.07999999821186066,9.75,0.125,-0.1875,0,28.75,-30.1875,-18.5,-0.3962460458278656,-0.004760812036693096,0.007141217589378357,-0.9181042313575745,61820,4219
0,0.07000000029802322,-0.10000000149011612,9.760000228881836,0.0625,-0.0625,0.0625,28.75,-30.1875,-18.5,-0.3962460458278656,-0.004760812036693096,0.007141217589378357,-0.9181042313575745,61830,4220
0,0.05000000074505806,-0.05999999865889549,9.739999771118164,0,-0.0625,-0.0625,28.75,-29,-19.5625,-0.3962460458278656,-0.004760812036693096,0.007141217589378357,-0.9181042313575745,61840,4221
0,0.03999999910593033,-0.10000000149011612,9.720000267028809,0,-0.125,0.0625,28.75,-29,-19.5625,-0.3962460458278656,-0.004760812036693096,0.007141217589378357,-0.9181042313575745,61850,4222
0,0.05999999865889549,-0.09000000357627869,9.710000038146973,0,-0.125,0,28.75,-29,-19.5625,-0.3962460458278656,-0.004760812036693096,0.007141217589378357,-0.9181042313575745,61860,4223
0,0.05999999865889549,-0.07000000029802322,9.720000267028809,-0.0625,0,-0.0625,28.75,-29,-19.5625,-0.3962460458278656,-0.004760812036693096,0.007141217589378357,-0.9181042313575745,61870,4224
0,0.05000000074505806,-0.07000000029802322,9.699999809265137,0,0.0625,0,28.75,-29,-19.5625,-0.3962460458278656,-0.004760812036693096,0.007141217589378357,-0.9181042313575745,61880,4225
0,0.05000000074505806,-0.05999999865889549,9.729999542236328,0.0625,-0.1875,0.0625,30.25,-28.6875,-19.5625,-0.3962460458278656,-0.004760812036693096,0.007141217589378357,-0.9181042313575745,61890,4226
0,0.05000000074505806,-0.07999999821186066,9.739999771118164,0.125,-0.0625,0,30.25,-28.6875,-19.5625,-0.3962460458278656,-0.004760812036693096,0.007141217589378357,-0.9181042313575745,61900,4227
0,0.05999999865889549,-0.07000000029802322,9.729999542236328,0.125,-0.1875,0,30.25,-28.6875,-19.5625,-0.3962460458278656,-0.004760812036693096,0.007141217589378357,-0.9181042313575745,61910,4228
0,0.03999999910593033,-0.07999999821186066,9.720000267028809,0,-0.0625,0,30.25,-28.6875,-19.5625,-0.3962460458278656,-0.004760812036693096,0.007141217589378357,-0.9181042313575745,61920,4229
0,0.05999999865889549,-0.07000000029802322,9.760000228881836,0.125,-0.0625,0,30.25,-28.6875,-19.5625,-0.3962460458278656,-0.004760812036693096,0.007141217589378357,-0.9181042313575745,61930,4230
0,0.05000000074505806,-0.10000000149011612,9.720000267028809,0,-0.25,0,29.875,-28.6875,-19.5625,-0.3962460458278656,-0.004760812036693096,0.007141217589378357,-0.9181042313575745,61940,4231
0,0.05999999865889549,-0.07999999821186066,9.720000267028809,-0.125,0,0,29.875,-28.6875,-19.5625,-0.3962460458278656,-0.004760812036693096,0.007141217589378357,-0.9181042313575745,61950,4232
0,0.05999999865889549,-0.07999999821186066,9.720000267028809,-0.0625,0,0,29.875,-28.6875,-19.5625,-0.3962460458278656,-0.004760812036693096,0.007141217589378357,-0.9181042313575745,61960,4233
0,0.07999999821186066,-0.10000000149011612,9.729999542236328,0.0625,-0.1875,0,29.875,-28.6875,-19.5625,-0.3962460458278656,-0.004760812036693096,0.007141217589378357,-0.9181042313575745,61970,4234
0,0.05000000074505806,-0.05999999865889549,9.760000228881836,-0.0625,0.1875,0,29.875,-28.6875,-19.5625,-0.3962460458278656,-0.004760812036693096,0.007141217589378357,-0.9181042313575745,61980,4235
0,0.05999999865889549,-0.07000000029802322,9.739999771118164,-0.125,0.0625,-0.0625,30.25,-28.6875,-18.875,-0.3962460458278656,-0.004760812036693096,0.007141217589378357,-0.9181042313575745,61990,4236
0,0.07000000029802322,-0.09000000357627869,9.75,0,0,0.0625,30.25,-28.6875,-18.875,-0.3962460458278656,-0.004760812036693096,0.007141217589378357,-0.9181042313575745,62000,4237
0,0.05999999865889549,-0.07999999821186066,9.720000267028809,0.0625,-0.0625,0.125,30.25,-28.6875,-18.875,-0.3962460458278656,-0.004760812036693096,0.007141217589378357,-0.9181042313575745,62010,4238
0,0.07000000029802322,-0.05999999865889549,9.75,0.125,0.0625,0,30.25,-28.6875,-18.875,-0.3962460458278656,-0.004760812036693096,0.007141217589378357,-0.9181042313575745,62020,4239
0,0.05000000074505806,-0.09000000357627869,9.729999542236328,0,0,0,30.25,-28.6875,-18.875,-0.3962460458278656,-0.004760812036693096,0.007141217589378357,-0.9181042313575745,62030,4240
0,0.03999999910593033,-0.07999999821186066,9.729999542236328,-0.0625,-0.0625,0.125,29.875,-27.1875,-19.25,-0.3962460458278656,-0.004760812036693096,0.007141217589378357,-0.9181042313575745,62040,4241
0,0.05000000074505806,-0.09000000357627869,9.720000267028809,-0.0625,0.125,-0.125,29.875,-27.1875,-19.25,-0.3962460458278656,-0.004760812036693096,0.007141217589378357,-0.9181042313575745,62050,4242
0,0.05000000074505806,-0.07999999821186066,9.720000267028809,-0.0625,0.1875,-0.0625,29.875,-27.1875,-19.25,-0.3962460458278656,-0.004760812036693096,0.007141217589378357,-0.9181042313575745,62061,4243
0,0.05999999865889549,-0.07999999821186066,9.739999771118164,0,0.1875,0.0625,29.875,-27.1875,-19.25,-0.3962460458278656,-0.004760812036693096,0.007141217589378357,-0.9181042313575745,62070,4244
0,0.05999999865889549,-0.10000000149011612,9.739999771118164,-0.0625,-0.0625,-0.0625,29.875,-27.1875,-19.25,-0.3962460458278656,-0.004760812036693096,0.007141217589378357,-0.9181042313575745,62080,4245
0,0.05999999865889549,-0.07000000029802322,9.729999542236328,0,0,0,28.75,-26.375,-18.75,-0.3962460458278656,-0.004760812036693096,0.007141217589378357,-0.9181042313575745,62090,4246
0,0.05000000074505806,-0.07999999821186066,9.739999771118164,0.125,-0.0625,0.0625,28.75,-26.375,-18.75,-0.3962460458278656,-0.004760812036693096,0.007141217589378357,-0.9181042313575745,62101,4247
0,0.03999999910593033,-0.10000000149011612,9.75,0.0625,0,0,28.75,-26.375,-18.75,-0.3962460458278656,-0.004760812036693096,0.007141217589378357,-0.9181042313575745,62110,4248
0,0.03999999910593033,-0.09000000357627869,9.75,-0.125,0.125,0.0625,28.75,-26.375,-18.75,-0.3962460458278656,-0.004760812036693096,0.007141217589378357,-0.9181042313575745,62120,4249
0,0.07000000029802322,-0.07999999821186066,9.739999771118164,0.0625,-0.0625,0,28.75,-26.375,-18.75,-0.3962460458278656,-0.004760812036693096,0.007141217589378357,-0.9181042313575745,62130,4250
0,0.05999999865889549,-0.07999999821186066,9.760000228881836,0,-0.125,0,30.6875,-28.6875,-19.25,-0.3962460458278656,-0.004760812036693096,0.007141217589378357,-0.9181042313575745,62141,4251
0,0.03999999910593033,-0.07999999821186066,9.739999771118164,0,-0.0625,0,30.6875,-28.6875,-19.25,-0.3962460458278656,-0.004760812036693096,0.007141217589378357,-0.9181042313575745,62150,4252
0,0.05999999865889549,-0.07000000029802322,9.720000267028809,0,0.0625,0,30.6875,-28.6875,-19.25,-0.3962460458278656,-0.004760812036693096,0.007141217589378357,-0.9181042313575745,62160,4253
0,0.05999999865889549,-0.07000000029802322,9.720000267028809,-0.0625,0.0625,0.0625,30.6875,-28.6875,-19.25,-0.3962460458278656,-0.004760812036693096,0.007141217589378357,-0.9181042313575745,62171,4254
0,0.03999999910593033,-0.07000000029802322,9.710000038146973,0,0,0,30.6875,-28.6875,-19.25,-0.3962460458278656,-0.004760812036693096,0.007141217589378357,-0.9181042313575745,62180,4255
0,0.03999999910593033,-0.09000000357627869,9.739999771118164,-0.125,0.1875,0,28.75,-29.375,-18.5,-0.3962460458278656,-0.004760812036693096,0.007141217589378357,-0.9181042313575745,62191,4256
0,0.03999999910593033,-0.07999999821186066,9.729999542236328,-0.125,0,-0.0625,28.75,-29.375,-18.5,-0.3962460458278656,-0.004760812036693096,0.007141217589378357,-0.9181042313575745,62201,4257
0,0.029999999329447746,-0.07999999821186066,9.710000038146973,-0.125,0.125,0,28.75,-29.375,-18.5,-0.3962460458278656,-0.004760812036693096,0.007141217589378357,-0.9181042313575745,62211,4258
0,0.07000000029802322,-0.07000000029802322,9.710000038146973,0,0.0625,0,28.75,-29.375,-18.5,-0.3962460458278656,-0.004760812036693096,0.007141217589378357,-0.9181042313575745,62220,4259
0,0.07999999821186066,-0.03999999910593033,9.739999771118164,-0.0625,0.0625,0,28.75,-29.375,-18.5,-0.3962460458278656,-0.004760812036693096,0.007141217589378357,-0.9181042313575745,62230,4260
0,0.05000000074505806,-0.07999999821186066,9.720000267028809,0,0.125,0,29.5,-29,-20.5,-0.3962460458278656,-0.004760812036693096,0.007141217589378357,-0.9181042313575745,62241,4261
0,0.03999999910593033,-0.07999999821186066,9.760000228881836,0,-0.0625,0,29.5,-29,-20.5,-0.3962460458278656,-0.004760812036693096,0.007141217589378357,-0.9181042313575745,62251,4262
0,0.07000000029802322,-0.07000000029802322,9.710000038146973,-0.0625,0.0625,0.0625,29.5,-29,-20.5,-0.3962460458278656,-0.004760812036693096,0.007141217589378357,-0.9181042313575745,62261,4263
0,0.05999999865889549,-0.09000000357627869,9.720000267028809,0.0625,-0.0625,0.125,29.5,-29,-20.5,-0.3962460458278656,-0.004760812036693096,0.007141217589378357,-0.9181042313575745,62271,4264
0,0.07000000029802322,-0.05999999865889549,9.739999771118164,-0.0625,0.0625,-0.0625,29.5,-29,-20.5,-0.3962460458278656,-0.004760812036693096,0.007141217589378357,-0.9181042313575745,62280,4265
0,0.05000000074505806,-0.07999999821186066,9.729999542236328,0.0625,0.125,0,28.75,-29.75,-19.5625,-0.3962460458278656,-0.004760812036693096,0.007141217589378357,-0.9181042313575745,62291,4266
0,0.05000000074505806,-0.09000000357627869,9.739999771118164,-0.125,-0.125,0,28.75,-29.75,-19.5625,-0.3962460458278656,-0.004760812036693096,0.007141217589378357,-0.9181042313575745,62301,4267
0,0.07000000029802322,-0.07999999821186066,9.739999771118164,0.0625,-0.0625,-0.0625,28.75,-29.75,-19.5625,-0.3962460458278656,-0.004760812036693096,0.007141217589378357,-0.9181042313575745,62311,4268
0,0.05999999865889549,-0.07999999821186066,9.720000267028809,0,-0.0625,0.1875,28.75,-29.75,-19.5625,-0.3962460458278656,-0.004760812036693096,0.007141217589378357,-0.9181042313575745,62320,4269
0,0.05000000074505806,-0.10000000149011612,9.760000228881836,-0.125,0.3125,0,28.75,-29.75,-19.5625,-0.3962460458278656,-0.004760812036693096,0.007141217589378357,-0.9181042313575745,62330,4270
0,0.05000000074505806,-0.07000000029802322,9.75,-0.0625,0.1875,0,30.6875,-28.25,-18.875,-0.3962460458278656,-0.004760812036693096,0.007141217589378357,-0.9181042313575745,62341,4271
0,0.03999999910593033,-0.10000000149011612,9.699999809265137,-0.0625,0.3125,-0.0625,30.6875,-28.25,-18.875,-0.3962460458278656,-0.004760812036693096,0.007141217589378357,-0.9181042313575745,62351,4272
0,0.05000000074505806,-0.05000000074505806,9.739999771118164,0.0625,0.1875,0.0625,30.6875,-28.25,-18.875,-0.3962460458278656,-0.004760812036693096,0.007141217589378357,-0.9181042313575745,62361,4273
0,0.05999999865889549,-0.05000000074505806,9.75,0,0,-0.0625,30.6875,-28.25,-18.875,-0.3962460458278656,-0.004760812036693096,0.007141217589378357,-0.9181042313575745,62371,4274
0,0.05999999865889549,-0.07999999821186066,9.739999771118164,-0.0625,0.1875,0.0625,30.6875,-28.25,-18.875,-0.3962460458278656,-0.004760812036693096,0.007141217589378357,-0.9181042313575745,62380,4275
0,0.05000000074505806,-0.07000000029802322,9.739999771118164,0,0,0.0625,28.75,-29.75,-18.875,-0.3962460458278656,-0.004760812036693096,0.007141217589378357,-0.9181042313575745,62391,4276
0,0.05999999865889549,-0.07999999821186066,9.720000267028809,0.0625,0.0625,0.0625,28.75,-29.75,-18.875,-0.3962460458278656,-0.004760812036693096,0.007141217589378357,-0.9181042313575745,62401,4277
0,0.05999999865889549,-0.10000000149011612,9.720000267028809,-0.0625,0.125,0,28.75,-29.75,-18.875,-0.3962460458278656,-0.004760812036693096,0.007141217589378357,-0.9181042313575745,62411,4278
0,0.03999999910593033,-0.07999999821186066,9.729999542236328,-0.125,0.125,-0.0625,28.75,-29.75,-18.875,-0.3962460458278656,-0.004760812036693096,0.007141217589378357,-0.9181042313575745,62420,4279
0,0.05999999865889549,-0.07000000029802322,9.770000457763672,0,0.1875,0.1875,28.75,-29.75,-18.875,-0.3962460458278656,-0.004760812036693096,0.007141217589378357,-0.9181042313575745,62430,4280
0,0.05000000074505806,-0.05999999865889549,9.720000267028809,-0.125,0,0,30.6875,-29.75,-19.25,-0.3962460458278656,-0.004760812036693096,0.007141217589378357,-0.9181042313575745,62441,4281
0,0.05999999865889549,-0.07000000029802322,9.710000038146973,0,0,0,30.6875,-29.75,-19.25,-0.3962460458278656,-0.004760812036693096,0.007141217589378357,-0.9181042313575745,62451,4282
0,0.05000000074505806,-0.07999999821186066,9.699999809265137,0,0,0,30.6875,-29.75,-19.25,-0.3962460458278656,-0.004760812036693096,0.007141217589378357,-0.9181042313575745,62461,4283
0,0.05000000074505806,-0.07999999821186066,9.729999542236328,0.125,-0.25,0.0625,30.6875,-29.75,-19.25,-0.3962460458278656,-0.004760812036693096,0.007141217589378357,-0.9181042313575745,62471,4284
0,0.05000000074505806,-0.07999999821186066,9.75,0.0625,-0.3125,0.0625,30.6875,-29.75,-19.25,-0.3962460458278656,-0.004760812036693096,0.007141217589378357,-0.9181042313575745,62480,4285
0,0.07000000029802322,-0.09000000357627869,9.739999771118164,-0.0625,0,-0.0625,30.6875,-26,-18.875,-0.3962460458278656,-0.004760812036693096,0.007141217589378357,-0.9181042313575745,62492,4286
0,0.05999999865889549,-0.07999999821186066,9.739999771118164,-0.0625,0,-0.0625,30.6875,-26,-18.875,-0.3962460458278656,-0.004760812036693096,0.007141217589378357,-0.9181042313575745,62501,4287
0,0.05000000074505806,-0.07999999821186066,9.710000038146973,0.0625,0,-0.0625,30.6875,-26,-18.875,-0.3962460458278656,-0.004760812036693096,0.007141217589378357,-0.9181042313575745,62511,4288
0,0.05999999865889549,-0.09000000357627869,9.720000267028809,-0.0625,0,0.0625,30.6875,-26,-18.875,-0.3962460458278656,-0.004760812036693096,0.007141217589378357,-0.9181042313575745,62520,4289
0,0.05999999865889549,-0.10000000149011612,9.75,0,0.0625,0,30.6875,-26,-18.875,-0.3962460458278656,-0.004760812036693096,0.007141217589378357,-0.9181042313575745,62530,4290
0,0.05999999865889549,-0.07999999821186066,9.75,0.0625,-0.3125,0.0625,31,-29.375,-19.5625,-0.3962460458278656,-0.004760812036693096,0.007141217589378357,-0.9181042313575745,62541,4291
0,0.05000000074505806,-0.09000000357627869,9.729999542236328,0.125,-0.4375,0.125,31,-29.375,-19.5625,-0.3962460458278656,-0.004760812036693096,0.007141217589378357,-0.9181042313575745,62551,4292
0,0.05999999865889549,-0.07999999821186066,9.729999542236328,0.0625,-0.125,-0.0625,31,-29.375,-19.5625,-0.3962460458278656,-0.004760812036693096,0.007141217589378357,-0.9181042313575745,62561,4293
0,0.05000000074505806,-0.07000000029802322,9.760000228881836,0.125,-0.1875,0.0625,31,-29.375,-19.5625,-0.3962460458278656,-0.004760812036693096,0.007141217589378357,-0.9181042313575745,62571,4294
0,0.07000000029802322,-0.10000000149011612,9.75,0,0.0625,-0.125,31,-29.375,-19.5625,-0.3962460458278656,-0.004760812036693096,0.007141217589378357,-0.9181042313575745,62580,4295
0,0.03999999910593033,-0.07999999821186066,9.75,0.0625,-0.125,0.125,30.6875,-27.5,-19.25,-0.3962460458278656,-0.004760812036693096,0.007141217589378357,-0.9181042313575745,62592,4296
0,0.05000000074505806,-0.09000000357627869,9.75,-0.0625,-0.125,0.1875,30.6875,-27.5,-19.25,-0.3962460458278656,-0.004760812036693096,0.007141217589378357,-0.9181042313575745,62602,4297
0,0.029999999329447746,-0.07000000029802322,9.720000267028809,0.0625,-0.0625,0,30.6875,-27.5,-19.25,-0.3962460458278656,-0.004760812036693096,0.007141217589378357,-0.9181042313575745,62612,4298
0,0.05000000074505806,-0.10000000149011612,9.729999542236328,0.0625,-0.1875,0.125,30.6875,-27.5,-19.25,-0.3962460458278656,-0.004760812036693096,0.007141217589378357,-0.9181042313575745,62621,4299
0,0.05999999865889549,-0.09000000357627869,9.75,-0.0625,-0.25,0,30.6875,-27.5,-19.25,-0.3962460458278656,-0.004760812036693096,0.007141217589378357,-0.9181042313575745,62630,4300
0,0.03999999910593033,-0.07999999821186066,9.739999771118164,0,-0.125,0,29.875,-28.25,-19.5625,-0.3962460458278656,-0.004760812036693096,0.007141217589378357,-0.9181042313575745,62642,4301
0,0.05000000074505806,-0.07999999821186066,9.729999542236328,0.0625,0.0625,0,29.875,-28.25,-19.5625,-0.3962460458278656,-0.004760812036693096,0.007141217589378357,-0.9181042313575745,62652,4302
0,0.05999999865889549,-0.07999999821186066,9.739999771118164,0.0625,0.0625,0,29.875,-28.25,-19.5625,-0.3962460458278656,-0.004760812036693096,0.007141217589378357,-0.9181042313575745,62662,4303
0,0.05000000074505806,-0.07000000029802322,9.729999542236328,0,-0.0625,-0.0625,29.875,-28.25,-19.5625,-0.3962460458278656,-0.004760812036693096,0.007141217589378357,-0.9181042313575745,62672,4304
0,0.05000000074505806,-0.07000000029802322,9.739999771118164,0.0625,0,0,29.875,-28.25,-19.5625,-0.3962460458278656,-0.004760812036693096,0.007141217589378357,-0.9181042313575745,62680,4305
0,0.07000000029802322,-0.07000000029802322,9.75,0.0625,-0.0625,0.0625,30.25,-27.875,-19.5625,-0.3962460458278656,-0.004760812036693096,0.007141217589378357,-0.9181042313575745,62692,4306
0,0.05999999865889549,-0.10000000149011612,9.729999542236328,0.0625,-0.25,-0.125,30.25,-27.875,-19.5625,-0.3962460458278656,-0.004760812036693096,0.007141217589378357,-0.9181042313575745,62702,4307
0,0.05000000074505806,-0.09000000357627869,9.710000038146973,0.0625,0.0625,0,30.25,-27.875,-19.5625,-0.3962460458278656,-0.004760812036693096,0.007141217589378357,-0.9181042313575745,62712,4308
0,0.029999999329447746,-0.09000000357627869,9.710000038146973,-0.125,0.0625,0,30.25,-27.875,-19.5625,-0.3962460458278656,-0.004760812036693096,0.007141217589378357,-0.9181042313575745,62721,4309
0,0.05999999865889549,-0.07999999821186066,9.710000038146973,0,0,0.0625,30.25,-27.875,-19.5625,-0.3962460458278656,-0.004760812036693096,0.007141217589378357,-0.9181042313575745,62730,4310
0,0.05000000074505806,-0.07999999821186066,9.760000228881836,0.125,-0.0625,0,30.6875,-27.875,-19.5625,-0.3962460458278656,-0.004760812036693096,0.007141217589378357,-0.9181042313575745,62742,4311
0,0.05000000074505806,-0.09000000357627869,9.720000267028809,0.0625,0.0625,0.125,30.6875,-27.875,-19.5625,-0.3962460458278656,-0.004760812036693096,0.007141217589378357,-0.9181042313575745,62752,4312
0,0.03999999910593033,-0.07000000029802322,9.720000267028809,-0.0625,0,-0.125,30.6875,-27.875,-19.5625,-0.3962460458278656,-0.004760812036693096,0.007141217589378357,-0.9181042313575745,62762,4313
0,0.05999999865889549,-0.10000000149011612,9.739999771118164,0,0.0625,-0.0625,30.6875,-27.875,-19.5625,-0.3962460458278656,-0.004760812036693096,0.007141217589378357,-0.9181042313575745,62772,4314
0,0.05000000074505806,-0.07999999821186066,9.729999542236328,0.0625,0.0625,0.0625,30.6875,-27.875,-19.5625,-0.3962460458278656,-0.004760812036693096,0.007141217589378357,-0.9181042313575745,62780,4315
0,0.03999999910593033,-0.07999999821186066,9.75,0.125,0,0,31,-28.6875,-18.75,-0.3962460458278656,-0.004760812036693096,0.007141217589378357,-0.9181042313575745,62792,4316
0,0.07000000029802322,-0.07999999821186066,9.729999542236328,0,-0.0625,0.0625,31,-28.6875,-18.75,-0.3962460458278656,-0.004760812036693096,0.007141217589378357,-0.9181042313575745,62802,4317
0,0.05999999865889549,-0.07999999821186066,9.699999809265137,-0.125,0,0.125,31,-28.6875,-18.75,-0.3962460458278656,-0.004760812036693096,0.007141217589378357,-0.9181042313575745,62812,4318
0,0.07000000029802322,-0.07000000029802322,9.710000038146973,-0.0625,-0.0625,0,31,-28.6875,-18.75,-0.3962460458278656,-0.004760812036693096,0.007141217589378357,-0.9181042313575745,62821,4319
0,0.03999999910593033,-0.07000000029802322,9.739999771118164,0,0.0625,0.125,31,-28.6875,-18.75,-0.3962460458278656,-0.004760812036693096,0.007141217589378357,-0.9181042313575745,62830,4320
0,0.03999999910593033,-0.07999999821186066,9.720000267028809,0,0.1875,0.0625,29.875,-27.875,-20.0625,-0.3962460458278656,-0.004760812036693096,0.007141217589378357,-0.9181042313575745,62842,4321
0,0.05000000074505806,-0.09000000357627869,9.710000038146973,-0.25,0,0,29.875,-27.875,-20.0625,-0.3962460458278656,-0.004760812036693096,0.007141217589378357,-0.9181042313575745,62852,4322
0,0.07000000029802322,-0.07999999821186066,9.699999809265137,0.125,0,0,29.875,-27.875,-20.0625,-0.3962460458278656,-0.004760812036693096,0.007141217589378357,-0.9181042313575745,62862,4323
0,0.07000000029802322,-0.07999999821186066,9.760000228881836,0.0625,0.0625,0.0625,29.875,-27.875,-20.0625,-0.3962460458278656,-0.004760812036693096,0.007141217589378357,-0.9181042313575745,62872,4324
0,0.05999999865889549,-0.05999999865889549,9.729999542236328,0,0,-0.0625,29.875,-27.875,-20.0625,-0.3962460458278656,-0.004760812036693096,0.007141217589378357,-0.9181042313575745,62880,4325
0,0.03999999910593033,-0.10000000149011612,9.720000267028809,0,-0.0625,-0.0625,29.5,-28.6875,-20.0625,-0.3962460458278656,-0.004760812036693096,0.007141217589378357,-0.9181042313575745,62892,4326
0,0.05000000074505806,-0.09000000357627869,9.720000267028809,0,0.0625,0,29.5,-28.6875,-20.0625,-0.3962460458278656,-0.004760812036693096,0.007141217589378357,-0.9181042313575745,62902,4327
0,0.05000000074505806,-0.07999999821186066,9.720000267028809,0,-0.0625,0.125,29.5,-28.6875,-20.0625,-0.3962460458278656,-0.004760812036693096,0.007141217589378357,-0.9181042313575745,62912,4328
0,0.05000000074505806,-0.07999999821186066,9.699999809265137,0.0625,-0.125,0.0625,29.5,-28.6875,-20.0625,-0.3962460458278656,-0.004760812036693096,0.007141217589378357,-0.9181042313575745,62922,4329
0,0.05000000074505806,-0.07000000029802322,9.729999542236328,0,-0.125,-0.0625,29.5,-28.6875,-20.0625,-0.3962460458278656,-0.004760812036693096,0.007141217589378357,-0.9181042313575745,62930,4330
0,0.07000000029802322,-0.09000000357627869,9.729999542236328,0.125,0,-0.0625,29.875,-28.6875,-18.75,-0.3962460458278656,-0.004760812036693096,0.007141217589378357,-0.9181042313575745,62942,4331
0,0.05999999865889549,-0.07999999821186066,9.720000267028809,0.0625,0.0625,-0.0625,29.875,-28.6875,-18.75,-0.3962460458278656,-0.004760812036693096,0.007141217589378357,-0.9181042313575745,62952,4332
0,0.07000000029802322,-0.07999999821186066,9.729999542236328,0.125,-0.125,-0.0625,29.875,-28.6875,-18.75,-0.3962460458278656,-0.004760812036693096,0.007141217589378357,-0.9181042313575745,62962,4333
0,0.07000000029802322,-0.09000000357627869,9.739999771118164,0.0625,-0.0625,0.0625,29.875,-28.6875,-18.75,-0.3962460458278656,-0.004760812036693096,0.007141217589378357,-0.9181042313575745,62972,4334
0,0.05999999865889549,-0.09000000357627869,9.739999771118164,0,0.0625,0,29.875,-28.6875,-18.75,-0.3962460458278656,-0.004760812036693096,0.007141217589378357,-0.9181042313575745,62980,4335
0,0.03999999910593033,-0.09000000357627869,9.739999771118164,-0.125,-0.0625,0.0625,29.5,-29,-19.5625,-0.3962460458278656,-0.004760812036693096,0.007141217589378357,-0.9181042313575745,62993,4336
0,0.05999999865889549,-0.07999999821186066,9.699999809265137,0,0,-0.0625,29.5,-29,-19.5625,-0.3962460458278656,-0.004760812036693096,0.007141217589378357,-0.9181042313575745,63002,4337
0,0.03999999910593033,-0.07000000029802322,9.710000038146973,-0.0625,0.125,0,29.5,-29,-19.5625,-0.3962460458278656,-0.004760812036693096,0.007141217589378357,-0.9181042313575745,63013,4338
0,0.07000000029802322,-0.10000000149011612,9.739999771118164,-0.0625,0.0625,0,29.5,-29,-19.5625,-0.3962460458278656,-0.004760812036693096,0.007141217589378357,-0.9181042313575745,63022,4339
0,0.07000000029802322,-0.10000000149011612,9.720000267028809,-0.0625,-0.125,-0.0625,29.5,-29,-19.5625,-0.3962460458278656,-0.004760812036693096,0.007141217589378357,-0.9181042313575745,63030,4340
0,0.03999999910593033,-0.07999999821186066,9.760000228881836,-0.125,0.125,0.0625,29.1875,-29,-20.5,-0.3962460458278656,-0.004760812036693096,0.007141217589378357,-0.9181042313575745,63043,4341
0,0.03999999910593033,-0.07000000029802322,9.729999542236328,0,-0.0625,0,29.1875,-29,-20.5,-0.3962460458278656,-0.004760812036693096,0.007141217589378357,-0.9181042313575745,63053,4342
0,0.03999999910593033,-0.07999999821186066,9.710000038146973,-0.0625,-0.0625,-0.0625,29.1875,-29,-20.5,-0.3962460458278656,-0.004760812036693096,0.007141217589378357,-0.9181042313575745,63063,4343
0,0.05999999865889549,-0.09000000357627869,9.710000038146973,-0.0625,-0.125,0,29.1875,-29,-20.5,-0.3962460458278656,-0.004760812036693096,0.007141217589378357,-0.9181042313575745,63073,4344
0,0.05000000074505806,-0.07000000029802322,9.739999771118164,0.0625,0.1875,0,29.1875,-29,-20.5,-0.3962460458278656,-0.004760812036693096,0.007141217589378357,-0.9181042313575745,63080,4345
0,0.05999999865889549,-0.09000000357627869,9.770000457763672,0,-0.125,0,29.875,-26.375,-19.5625,-0.3962460458278656,-0.004760812036693096,0.007141217589378357,-0.9181042313575745,63093,4346
0,0.07000000029802322,-0.09000000357627869,9.720000267028809,-0.0625,0,-0.0625,29.875,-26.375,-19.5625,-0.3962460458278656,-0.004760812036693096,0.007141217589378357,-0.9181042313575745,63103,4347
0,0.05000000074505806,-0.09000000357627869,9.760000228881836,0.125,-0.1875,0,29.875,-26.375,-19.5625,-0.3962460458278656,-0.004760812036693096,0.007141217589378357,-0.9181042313575745,63113,4348
0,0.03999999910593033,-0.07999999821186066,9.710000038146973,-0.0625,0.0625,0.0625,29.875,-26.375,-19.5625,-0.3962460458278656,-0.004760812036693096,0.007141217589378357,-0.9181042313575745,63122,4349
0,0.07999999821186066,-0.07999999821186066,9.760000228881836,0,-0.0625,-0.0625,29.875,-26.375,-19.5625,-0.3962460458278656,-0.004760812036693096,0.007141217589378357,-0.9181042313575745,63130,4350
0,0.05999999865889549,-0.10000000149011612,9.739999771118164,0,0.0625,0,29.5,-18.5,-18.875,-0.3962460458278656,-0.004760812036693096,0.007141217589378357,-0.9181042313575745,63143,4351
0,0.07000000029802322,-0.05999999865889549,9.720000267028809,0.0625,-0.0625,0.0625,29.5,-18.5,-18.875,-0.3962460458278656,-0.004760812036693096,0.007141217589378357,-0.9181042313575745,63153,4352
0,0.05000000074505806,-0.09000000357627869,9.710000038146973,-0.125,-0.0625,0.0625,29.5,-18.5,-18.875,-0.3962460458278656,-0.004760812036693096,0.007141217589378357,-0.9181042313575745,63163,4353
0,0.05999999865889549,-0.07000000029802322,9.75,0.0625,0.0625,0.0625,29.5,-18.5,-18.875,-0.3962460458278656,-0.004760812036693096,0.007141217589378357,-0.9181042313575745,63173,4354
0,0.05999999865889549,-0.07000000029802322,9.739999771118164,0.0625,-0.0625,0.0625,29.5,-18.5,-18.875,-0.3962460458278656,-0.004760812036693096,0.007141217589378357,-0.9181042313575745,63180,4355
0,0.03999999910593033,-0.09000000357627869,9.760000228881836,0.0625,-0.25,0.0625,29.5,-29.75,-18.875,-0.3962460458278656,-0.004760812036693096,0.007141217589378357,-0.9181042313575745,63193,4356
0,0.05999999865889549,-0.09000000357627869,9.729999542236328,0,-0.125,0,29.5,-29.75,-18.875,-0.3962460458278656,-0.004760812036693096,0.007141217589378357,-0.9181042313575745,63203,4357
0,0.05000000074505806,-0.07999999821186066,9.720000267028809,0,-0.125,0,29.5,-29.75,-18.875,-0.3962460458278656,-0.004760812036693096,0.007141217589378357,-0.9181042313575745,63213,4358
0,0.03999999910593033,-0.07000000029802322,9.729999542236328,0,0,0.0625,29.5,-29.75,-18.875,-0.3962460458278656,-0.004760812036693096,0.007141217589378357,-0.9181042313575745,63222,4359
0,0.03999999910593033,-0.07000000029802322,9.729999542236328,-0.0625,-0.0625,0.0625,29.5,-29.75,-18.875,-0.3962460458278656,-0.004760812036693096,0.007141217589378357,-0.9181042313575745,63230,4360
0,0.05999999865889549,-0.05999999865889549,9.720000267028809,0.0625,-0.0625,0,29.875,-29.375,-19.25,-0.3962460458278656,-0.004760812036693096,0.007141217589378357,-0.9181042313575745,63243,4361
0,0.07000000029802322,-0.10000000149011612,9.720000267028809,-0.125,-0.125,0.125,29.875,-29.375,-19.25,-0.3962460458278656,-0.004760812036693096,0.007141217589378357,-0.9181042313575745,63253,4362
0,0.07000000029802322,-0.05999999865889549,9.739999771118164,-0.0625,0.0625,0,29.875,-29.375,-19.25,-0.3962460458278656,-0.004760812036693096,0.007141217589378357,-0.9181042313575745,63263,4363
0,0.05000000074505806,-0.07999999821186066,9.739999771118164,-0.0625,-0.0625,-0.0625,29.875,-29.375,-19.25,-0.3962460458278656,-0.004760812036693096,0.007141217589378357,-0.9181042313575745,63273,4364
0,0.07000000029802322,-0.07000000029802322,9.710000038146973,-0.0625,0,-0.0625,29.875,-29.375,-19.25,-0.3962460458278656,-0.004760812036693096,0.007141217589378357,-0.9181042313575745,63280,4365
0,0.05000000074505806,-0.09000000357627869,9.75,0.0625,-0.0625,0.0625,29.875,-26.75,-19.25,-0.3962460458278656,-0.004760812036693096,0.007141217589378357,-0.9181042313575745,63293,4366
0,0.05000000074505806,-0.07999999821186066,9.75,0.0625,0,0.0625,29.875,-26.75,-19.25,-0.3962460458278656,-0.004760812036693096,0.007141217589378357,-0.9181042313575745,63303,4367
0,0.03999999910593033,-0.05000000074505806,9.699999809265137,0,0.0625,-0.125,29.875,-26.75,-19.25,-0.3962460458278656,-0.004760812036693096,0.007141217589378357,-0.9181042313575745,63313,4368
0,0.05000000074505806,-0.09000000357627869,9.720000267028809,0,0.125,0.125,29.875,-26.75,-19.25,-0.3962460458278656,-0.004760812036693096,0.007141217589378357,-0.9181042313575745,63322,4369
0,0.05999999865889549,-0.07999999821186066,9.710000038146973,-0.125,0,0.0625,29.875,-26.75,-19.25,-0.3962460458278656,-0.004760812036693096,0.007141217589378357,-0.9181042313575745,63330,4370
0,0.05000000074505806,-0.10000000149011612,9.720000267028809,0.1875,-0.1875,-0.0625,29.875,-28.25,-18.875,-0.3962460458278656,-0.004760812036693096,0.007141217589378357,-0.9181042313575745,63343,4371
0,0.019999999552965164,-0.07999999821186066,9.720000267028809,0.0625,0,0,29.875,-28.25,-18.875,-0.3962460458278656,-0.004760812036693096,0.007141217589378357,-0.9181042313575745,63353,4372
0,0.05000000074505806,-0.09000000357627869,9.729999542236328,-0.125,0.0625,0,29.875,-28.25,-18.875,-0.3962460458278656,-0.004760812036693096,0.007141217589378357,-0.9181042313575745,63363,4373
0,0.05000000074505806,-0.07999999821186066,9.739999771118164,0.0625,-0.125,0.0625,29.875,-28.25,-18.875,-0.3962460458278656,-0.004760812036693096,0.007141217589378357,-0.9181042313575745,63373,4374
0,0.05000000074505806,-0.07999999821186066,9.75,0.125,-0.1875,0.0625,29.875,-28.25,-18.875,-0.3962460458278656,-0.004760812036693096,0.007141217589378357,-0.9181042313575745,63380,4375
0,0.05000000074505806,-0.09000000357627869,9.720000267028809,0.0625,-0.0625,-0.0625,29.875,-24.5,-19.25,-0.3962460458278656,-0.004760812036693096,0.007141217589378357,-0.9181042313575745,63393,4376
0,0.03999999910593033,-0.07999999821186066,9.729999542236328,-0.125,0.0625,0,29.875,-24.5,-19.25,-0.3962460458278656,-0.004760812036693096,0.007141217589378357,-0.9181042313575745,63403,4377
0,0.05000000074505806,-0.07000000029802322,9.699999809265137,0,0.0625,0.0625,29.875,-24.5,-19.25,-0.3962460458278656,-0.004760812036693096,0.007141217589378357,-0.9181042313575745,63413,4378
0,0.05999999865889549,-0.07999999821186066,9.739999771118164,0.125,0.0625,0,29.875,-24.5,-19.25,-0.3962460458278656,-0.004760812036693096,0.007141217589378357,-0.9181042313575745,63423,4379
0,0.029999999329447746,-0.09000000357627869,9.729999542236328,0,0.1875,-0.0625,29.875,-24.5,-19.25,-0.3962460458278656,-0.004760812036693096,0.007141217589378357,-0.9181042313575745,63430,4380
0,0.05000000074505806,-0.07999999821186066,9.770000457763672,0,0,0,29.875,-27.5,-18.875,-0.3962460458278656,-0.004760812036693096,0.007141217589378357,-0.9181042313575745,63443,4381
0,0.05000000074505806,-0.07999999821186066,9.729999542236328,0,0,-0.0625,29.875,-27.5,-18.875,-0.3962460458278656,-0.004760812036693096,0.007141217589378357,-0.9181042313575745,63453,4382
0,0.05000000074505806,-0.07999999821186066,9.720000267028809,0,0,-0.0625,29.875,-27.5,-18.875,-0.3962460458278656,-0.004760812036693096,0.007141217589378357,-0.9181042313575745,63463,4383
0,0.03999999910593033,-0.05999999865889549,9.75,-0.0625,0.125,0,29.875,-27.5,-18.875,-0.3962460458278656,-0.004760812036693096,0.007141217589378357,-0.9181042313575745,63473,4384
0,0.03999999910593033,-0.07000000029802322,9.720000267028809,-0.0625,0.125,0,29.875,-27.5,-18.875,-0.3962460458278656,-0.004760812036693096,0.007141217589378357,-0.9181042313575745,63480,4385
0,0.05000000074505806,-0.07999999821186066,9.75,0.0625,0,0,29.875,-28.25,-18.5,-0.3962460458278656,-0.004760812036693096,0.007141217589378357,-0.9181042313575745,63493,4386
0,0.03999999910593033,-0.05000000074505806,9.760000228881836,0,0,0.0625,29.875,-28.25,-18.5,-0.3962460458278656,-0.004760812036693096,0.007141217589378357,-0.9181042313575745,63503,4387
0,0.05999999865889549,-0.09000000357627869,9.6899995803833,0,0.0625,-0.0625,29.875,-28.25,-18.5,-0.3962460458278656,-0.004760812036693096,0.007141217589378357,-0.9181042313575745,63513,4388
0,0.05999999865889549,-0.07999999821186066,9.699999809265137,0,0.0625,-0.0625,29.875,-28.25,-18.5,-0.3962460458278656,-0.004760812036693096,0.007141217589378357,-0.9181042313575745,63523,4389
0,0.05000000074505806,-0.09000000357627869,9.720000267028809,0,0.125,0.125,29.875,-28.25,-18.5,-0.3962460458278656,-0.004760812036693096,0.007141217589378357,-0.9181042313575745,63530,4390
0,0.029999999329447746,-0.07000000029802322,9.739999771118164,0,-0.0625,0,29.875,-28.6875,-19.25,-0.3962460458278656,-0.004760812036693096,0.007141217589378357,-0.9181042313575745,63543,4391
0,0.07000000029802322,-0.07000000029802322,9.729999542236328,-0.0625,-0.0625,0,29.875,-28.6875,-19.25,-0.3962460458278656,-0.004760812036693096,0.007141217589378357,-0.9181042313575745,63553,4392
0,0.05999999865889549,-0.09000000357627869,9.710000038146973,0,0,0.0625,29.875,-28.6875,-19.25,-0.3962460458278656,-0.004760812036693096,0.007141217589378357,-0.9181042313575745,63563,4393
0,0.05999999865889549,-0.07000000029802322,9.729999542236328,0.0625,-0.0625,0,29.875,-28.6875,-19.25,-0.3962460458278656,-0.004760812036693096,0.007141217589378357,-0.9181042313575745,63573,4394
0,0.03999999910593033,-0.07000000029802322,9.739999771118164,0.0625,-0.0625,0,29.875,-28.6875,-19.25,-0.3962460458278656,-0.004760812036693096,0.007141217589378357,-0.9181042313575745,63580,4395
0,0.05000000074505806,-0.10000000149011612,9.729999542236328,0.1875,-0.0625,0,29.5,-29,-18.5,-0.3962460458278656,-0.004760812036693096,0.007141217589378357,-0.9181042313575745,63593,4396
0,0.05999999865889549,-0.05000000074505806,9.75,0.125,-0.1875,0,29.5,-29,-18.5,-0.3962460458278656,-0.004760812036693096,0.007141217589378357,-0.9181042313575745,63603,4397
0,0.05999999865889549,-0.07999999821186066,9.739999771118164,0,-0.0625,0,29.5,-29,-18.5,-0.3962460458278656,-0.004760812036693096,0.007141217589378357,-0.9181042313575745,63613,4398
0,0.05999999865889549,-0.07000000029802322,9.75,0,-0.0625,0,29.5,-29,-18.5,-0.3962460458278656,-0.004760812036693096,0.007141217589378357,-0.9181042313575745,63623,4399
0,0.03999999910593033,-0.07999999821186066,9.720000267028809,-0.0625,-0.125,0,29.5,-29,-18.5,-0.3962460458278656,-0.004760812036693096,0.007141217589378357,-0.9181042313575745,63630,4400
0,0.05999999865889549,-0.10000000149011612,9.699999809265137,0,-0.0625,0.0625,29.5,-29.375,-20.5,-0.3962460458278656,-0.004760812036693096,0.007141217589378357,-0.9181042313575745,63643,4401
0,0.03999999910593033,-0.07999999821186066,9.699999809265137,-0.0625,0.125,0,29.5,-29.375,-20.5,-0.3962460458278656,-0.004760812036693096,0.007141217589378357,-0.9181042313575745,63653,4402
0,0.05000000074505806,-0.07999999821186066,9.739999771118164,0,0,0.125,29.5,-29.375,-20.5,-0.3962460458278656,-0.004760812036693096,0.007141217589378357,-0.9181042313575745,63663,4403
0,0.05000000074505806,-0.09000000357627869,9.699999809265137,-0.0625,0.0625,0.0625,29.5,-29.375,-20.5,-0.3962460458278656,-0.004760812036693096,0.007141217589378357,-0.9181042313575745,63673,4404
0,0.05000000074505806,-0.09000000357627869,9.75,-0.0625,0.0625,0.0625,29.5,-29.375,-20.5,-0.3962460458278656,-0.004760812036693096,0.007141217589378357,-0.9181042313575745,63680,4405
0,0.05000000074505806,-0.07000000029802322,9.729999542236328,-0.0625,0,0,29.5,-28.6875,-19.5625,-0.3962460458278656,-0.004760812036693096,0.007141217589378357,-0.9181042313575745,63693,4406
0,0.05000000074505806,-0.07000000029802322,9.720000267028809,0.125,-0.125,-0.125,29.5,-28.6875,-19.5625,-0.3962460458278656,-0.004760812036693096,0.007141217589378357,-0.9181042313575745,63703,4407
0,0.05999999865889549,-0.07999999821186066,9.720000267028809,0,0,-0.125,29.5,-28.6875,-19.5625,-0.3962460458278656,-0.004760812036693096,0.007141217589378357,-0.9181042313575745,63713,4408
0,0.05000000074505806,-0.05999999865889549,9.739999771118164,0,0,-0.125,29.5,-28.6875,-19.5625,-0.3962460458278656,-0.004760812036693096,0.007141217589378357,-0.9181042313575745,63723,4409
0,0.05000000074505806,-0.09000000357627869,9.729999542236328,0.0625,0.125,0,29.5,-28.6875,-19.5625,-0.3962460458278656,-0.004760812036693096,0.007141217589378357,-0.9181042313575745,63730,4410
0,0.05000000074505806,-0.07000000029802322,9.75,0.0625,0,0.0625,30.25,-30.5,-18.75,-0.3962460458278656,-0.004760812036693096,0.007141217589378357,-0.9181042313575745,63743,4411
0,0.07999999821186066,-0.09000000357627869,9.739999771118164,-0.0625,0.125,0.0625,30.25,-30.5,-18.75,-0.3962460458278656,-0.004760812036693096,0.007141217589378357,-0.9181042313575745,63753,4412
0,0.05999999865889549,-0.07999999821186066,9.699999809265137,-0.1875,0.125,0.0625,30.25,-30.5,-18.75,-0.3962460458278656,-0.004760812036693096,0.007141217589378357,-0.9181042313575745,63763,4413
0,0.05999999865889549,-0.07000000029802322,9.729999542236328,0,0.1875,-0.0625,30.25,-30.5,-18.75,-0.3962460458278656,-0.004760812036693096,0.007141217589378357,-0.9181042313575745,63773,4414
0,0.05000000074505806,-0.07999999821186066,9.739999771118164,0,0.1875,-0.0625,30.25,-30.5,-18.75,-0.3962460458278656,-0.004760812036693096,0.007141217589378357,-0.9181042313575745,63780,4415
0,0.05999999865889549,-0.07999999821186066,9.75,0.0625,0,-0.0625,29.5,-30.1875,-18.875,-0.3962460458278656,-0.004760812036693096,0.007141217589378357,-0.9181042313575745,63793,4416
0,0.03999999910593033,-0.07000000029802322,9.75,0.125,0,0.0625,29.5,-30.1875,-18.875,-0.3962460458278656,-0.004760812036693096,0.007141217589378357,-0.9181042313575745,63803,4417
0,0.07000000029802322,-0.09000000357627869,9.729999542236328,-0.0625,0.0625,0.0625,29.5,-30.1875,-18.875,-0.3962460458278656,-0.004760812036693096,0.007141217589378357,-0.9181042313575745,63813,4418
0,0.07000000029802322,-0.05999999865889549,9.720000267028809,0.125,-0.125,0.0625,29.5,-30.1875,-18.875,-0.3962460458278656,-0.004760812036693096,0.007141217589378357,-0.9181042313575745,63823,4419
0,0.029999999329447746,-0.05999999865889549,9.770000457763672,0.125,-0.125,0.0625,29.5,-30.1875,-18.875,-0.3962460458278656,-0.004760812036693096,0.007141217589378357,-0.9181042313575745,63831,4420
0,0.07000000029802322,-0.09000000357627869,9.729999542236328,-0.0625,-0.0625,-0.125,29.875,-27.5,-17.5625,-0.3962460458278656,-0.004760812036693096,0.007141217589378357,-0.9181042313575745,63843,4421
0,0.03999999910593033,-0.09000000357627869,9.710000038146973,0.0625,-0.0625,0.0625,29.875,-27.5,-17.5625,-0.3962460458278656,-0.004760812036693096,0.007141217589378357,-0.9181042313575745,63853,4422
0,0.029999999329447746,-0.09000000357627869,9.710000038146973,-0.0625,0,-0.125,29.875,-27.5,-17.5625,-0.3962460458278656,-0.004760812036693096,0.007141217589378357,-0.9181042313575745,63863,4423
0,0.05999999865889549,-0.07999999821186066,9.739999771118164,0,0,0,29.875,-27.5,-17.5625,-0.3962460458278656,-0.004760812036693096,0.007141217589378357,-0.9181042313575745,63873,4424
0,0.029999999329447746,-0.07999999821186066,9.739999771118164,0,0,0,29.875,-27.5,-17.5625,-0.3962460458278656,-0.004760812036693096,0.007141217589378357,-0.9181042313575745,63880,4425
0,0.05000000074505806,-0.09000000357627869,9.720000267028809,0.0625,-0.125,0,30.25,-30.5,-19.25,-0.3962460458278656,-0.004760812036693096,0.007141217589378357,-0.9181042313575745,63893,4426
0,0.05000000074505806,-0.07999999821186066,9.720000267028809,-0.0625,-0.1875,0.0625,30.25,-30.5,-19.25,-0.3962460458278656,-0.004760812036693096,0.007141217589378357,-0.9181042313575745,63903,4427
0,0.05999999865889549,-0.07999999821186066,9.729999542236328,0.0625,-0.0625,0.125,30.25,-30.5,-19.25,-0.3962460458278656,-0.004760812036693096,0.007141217589378357,-0.9181042313575745,63913,4428
0,0.05999999865889549,-0.09000000357627869,9.710000038146973,-0.0625,0.0625,0,30.25,-30.5,-19.25,-0.3962460458278656,-0.004760812036693096,0.007141217589378357,-0.9181042313575745,63923,4429
0,0.03999999910593033,-0.07999999821186066,9.739999771118164,-0.0625,0.0625,0,30.25,-30.5,-19.25,-0.3962460458278656,-0.004760812036693096,0.007141217589378357,-0.9181042313575745,63931,4430
0,0.03999999910593033,-0.07000000029802322,9.720000267028809,0,0.1875,-0.0625,30.25,-29.375,-18.0625,-0.3962460458278656,-0.004760812036693096,0.007141217589378357,-0.9181042313575745,63943,4431
0,0.05000000074505806,-0.07000000029802322,9.720000267028809,-0.0625,0.125,0,30.25,-29.375,-18.0625,-0.3962460458278656,-0.004760812036693096,0.007141217589378357,-0.9181042313575745,63953,4432
0,0.05999999865889549,-0.07000000029802322,9.699999809265137,-0.125,0,0,30.25,-29.375,-18.0625,-0.3962460458278656,-0.004760812036693096,0.007141217589378357,-0.9181042313575745,63963,4433
0,0.03999999910593033,-0.07000000029802322,9.739999771118164,0.0625,-0.3125,0,30.25,-29.375,-18.0625,-0.3962460458278656,-0.004760812036693096,0.007141217589378357,-0.9181042313575745,63973,4434
0,0.07000000029802322,-0.07999999821186066,9.739999771118164,0.0625,-0.3125,0,30.25,-29.375,-18.0625,-0.3962460458278656,-0.004760812036693096,0.007141217589378357,-0.9181042313575745,63981,4435
0,0.05000000074505806,-0.07999999821186066,9.729999542236328,0.0625,0,-0.125,29.5,-30.1875,-19.25,-0.3962460458278656,-0.004760812036693096,0.007141217589378357,-0.9181042313575745,63993,4436
0,0.05999999865889549,-0.10000000149011612,9.739999771118164,0.0625,0,0,29.5,-30.1875,-19.25,-0.3962460458278656,-0.004760812036693096,0.007141217589378357,-0.9181042313575745,64003,4437
0,0.05000000074505806,-0.09000000357627869,9.729999542236328,0.125,0,0,29.5,-30.1875,-19.25,-0.3962460458278656,-0.004760812036693096,0.007141217589378357,-0.9181042313575745,64013,4438
0,0.05000000074505806,-0.07999999821186066,9.739999771118164,-0.0625,-0.125,0.0625,29.5,-30.1875,-19.25,-0.3962460458278656,-0.004760812036693096,0.007141217589378357,-0.9181042313575745,64023,4439
0,0.05000000074505806,-0.07999999821186066,9.710000038146973,-0.0625,-0.125,0.0625,29.5,-30.1875,-19.25,-0.3962460458278656,-0.004760812036693096,0.007141217589378357,-0.9181042313575745,64030,4440
0,0.05999999865889549,-0.05999999865889549,9.739999771118164,0,0,-0.125,29.875,-29.75,-19.5625,-0.3962460458278656,-0.004760812036693096,0.007141217589378357,-0.9181042313575745,64043,4441
0,0.05999999865889549,-0.07000000029802322,9.75,-0.0625,0.0625,0.0625,29.875,-29.75,-19.5625,-0.3962460458278656,-0.004760812036693096,0.007141217589378357,-0.9181042313575745,64053,4442
0,0.07000000029802322,-0.10000000149011612,9.6899995803833,-0.0625,0.125,0,29.875,-29.75,-19.5625,-0.3962460458278656,-0.004760812036693096,0.007141217589378357,-0.9181042313575745,64063,4443
0,0.05000000074505806,-0.10000000149011612,9.710000038146973,-0.125,0.1875,0.0625,29.875,-29.75,-19.5625,-0.3962460458278656,-0.004760812036693096,0.007141217589378357,-0.9181042313575745,64073,4444
0,0.029999999329447746,-0.09000000357627869,9.710000038146973,-0.125,0.1875,0.0625,29.875,-29.75,-19.5625,-0.3962460458278656,-0.004760812036693096,0.007141217589378357,-0.9181042313575745,64081,4445
0,0.05000000074505806,-0.07000000029802322,9.739999771118164,0.1875,-0.125,-0.0625,30.6875,-29.75,-19.25,-0.3962460458278656,-0.004760812036693096,0.007141217589378357,-0.9181042313575745,64093,4446
0,0.03999999910593033,-0.07999999821186066,9.729999542236328,0.0625,0,0.0625,30.6875,-29.75,-19.25,-0.3962460458278656,-0.004760812036693096,0.007141217589378357,-0.9181042313575745,64103,4447
0,0.05999999865889549,-0.07999999821186066,9.710000038146973,-0.125,0.0625,0.0625,30.6875,-29.75,-19.25,-0.3962460458278656,-0.004760812036693096,0.007141217589378357,-0.9181042313575745,64113,4448
0,0.05999999865889549,-0.07000000029802322,9.739999771118164,0.125,-0.0625,0,30.6875,-29.75,-19.25,-0.3962460458278656,-0.004760812036693096,0.007141217589378357,-0.9181042313575745,64123,4449
0,0.03999999910593033,-0.07000000029802322,9.720000267028809,0.125,-0.0625,0,30.6875,-29.75,-19.25,-0.3962460458278656,-0.004760812036693096,0.007141217589378357,-0.9181042313575745,64131,4450
0,0.05000000074505806,-0.09000000357627869,9.739999771118164,-0.0625,0,0.0625,29.5,-29,-18.875,-0.3962460458278656,-0.004760812036693096,0.007141217589378357,-0.9181042313575745,64142,4451
0,0.03999999910593033,-0.09000000357627869,9.720000267028809,-0.125,0.125,-0.0625,29.5,-29,-18.875,-0.3962460458278656,-0.004760812036693096,0.007141217589378357,-0.9181042313575745,64153,4452
0,0.03999999910593033,-0.07999999821186066,9.710000038146973,0,0.0625,0,29.5,-29,-18.875,-0.3962460458278656,-0.004760812036693096,0.007141217589378357,-0.9181042313575745,64163,4453
0,0.03999999910593033,-0.10000000149011612,9.710000038146973,0.0625,0.0625,-0.0625,29.5,-29,-18.875,-0.3962460458278656,-0.004760812036693096,0.007141217589378357,-0.9181042313575745,64173,4454
0,0.05999999865889549,-0.09000000357627869,9.720000267028809,0.0625,0.0625,-0.0625,29.5,-29,-18.875,-0.3962460458278656,-0.004760812036693096,0.007141217589378357,-0.9181042313575745,64181,4455
0,0.05999999865889549,-0.07000000029802322,9.75,0,0.0625,0,29.875,-29,-18.0625,-0.3962460458278656,-0.004760812036693096,0.007141217589378357,-0.9181042313575745,64193,4456
0,0.05999999865889549,-0.09000000357627869,9.720000267028809,0.125,0.0625,0.0625,29.875,-29,-18.0625,-0.3962460458278656,-0.004760812036693096,0.007141217589378357,-0.9181042313575745,64203,4457
0,0.05000000074505806,-0.07999999821186066,9.760000228881836,0,-0.0625,0,29.875,-29,-18.0625,-0.3962460458278656,-0.004760812036693096,0.007141217589378357,-0.9181042313575745,64213,4458
0,0.07000000029802322,-0.07999999821186066,9.680000305175781,0,0,-0.0625,29.875,-29,-18.0625,-0.3962460458278656,-0.004760812036693096,0.007141217589378357,-0.9181042313575745,64223,4459
0,0.05000000074505806,-0.07999999821186066,9.710000038146973,0,0,-0.0625,29.875,-29,-18.0625,-0.3962460458278656,-0.004760812036693096,0.007141217589378357,-0.9181042313575745,64231,4460
0,0.05999999865889549,-0.09000000357627869,9.75,0,0.1875,0.0625,29.5,-26.75,-18.75,-0.3962460458278656,-0.004760812036693096,0.007141217589378357,-0.9181042313575745,64243,4461
0,0.05999999865889549,-0.09000000357627869,9.739999771118164,-0.0625,0.0625,0.0625,29.5,-26.75,-18.75,-0.3962460458278656,-0.004760812036693096,0.007141217589378357,-0.9181042313575745,64253,4462
0,0.05000000074505806,-0.07000000029802322,9.720000267028809,0.0625,0,0,29.5,-26.75,-18.75,-0.3962460458278656,-0.004760812036693096,0.007141217589378357,-0.9181042313575745,64263,4463
0,0.05999999865889549,-0.07000000029802322,9.739999771118164,0,0.125,0,29.5,-26.75,-18.75,-0.3962460458278656,-0.004760812036693096,0.007141217589378357,-0.9181042313575745,64273,4464
0,0.07000000029802322,-0.07000000029802322,9.710000038146973,0,0.125,0,29.5,-26.75,-18.75,-0.3962460458278656,-0.004760812036693096,0.007141217589378357,-0.9181042313575745,64281,4465
0,0.03999999910593033,-0.09000000357627869,9.75,-0.0625,0.0625,-0.0625,30.25,-30.1875,-18.75,-0.3962460458278656,-0.004760812036693096,0.007141217589378357,-0.9181042313575745,64292,4466
0,0.03999999910593033,-0.05999999865889549,9.720000267028809,-0.0625,0.1875,-0.0625,30.25,-30.1875,-18.75,-0.3962460458278656,-0.004760812036693096,0.007141217589378357,-0.9181042313575745,64302,4467
0,0.029999999329447746,-0.07999999821186066,9.6899995803833,-0.0625,0.0625,0,30.25,-30.1875,-18.75,-0.3962460458278656,-0.004760812036693096,0.007141217589378357,-0.9181042313575745,64312,4468
0,0.07000000029802322,-0.09000000357627869,9.75,-0.0625,-0.0625,-0.0625,30.25,-30.1875,-18.75,-0.3962460458278656,-0.004760812036693096,0.007141217589378357,-0.9181042313575745,64322,4469
0,0.05000000074505806,-0.07999999821186066,9.720000267028809,-0.0625,-0.0625,-0.0625,30.25,-30.1875,-18.75,-0.3962460458278656,-0.004760812036693096,0.007141217589378357,-0.9181042313575745,64331,4470
0,0.05000000074505806,-0.07999999821186066,9.710000038146973,0,0.25,0,31.375,-29.375,-18.5,-0.3962460458278656,-0.004760812036693096,0.007141217589378357,-0.9181042313575745,64342,4471
0,0.05000000074505806,-0.07999999821186066,9.739999771118164,0,-0.0625,0,31.375,-29.375,-18.5,-0.3962460458278656,-0.004760812036693096,0.007141217589378357,-0.9181042313575745,64352,4472
0,0.05000000074505806,-0.09000000357627869,9.710000038146973,-0.0625,0.1875,0,31.375,-29.375,-18.5,-0.3962460458278656,-0.004760812036693096,0.007141217589378357,-0.9181042313575745,64362,4473
0,0.05999999865889549,-0.09000000357627869,9.729999542236328,0.0625,-0.1875,0.1875,31.375,-29.375,-18.5,-0.3962460458278656,-0.004760812036693096,0.007141217589378357,-0.9181042313575745,64373,4474
0,0.03999999910593033,-0.07000000029802322,9.720000267028809,0.0625,-0.1875,0.1875,31.375,-29.375,-18.5,-0.3962460458278656,-0.004760812036693096,0.007141217589378357,-0.9181042313575745,64381,4475
0,0.019999999552965164,-0.07000000029802322,9.720000267028809,-0.0625,0.125,0,30.25,-29.375,-19.25,-0.3962460458278656,-0.004760812036693096,0.007141217589378357,-0.9181042313575745,64392,4476
0,0.029999999329447746,-0.07000000029802322,9.720000267028809,0,0.0625,0,30.25,-29.375,-19.25,-0.3962460458278656,-0.004760812036693096,0.007141217589378357,-0.9181042313575745,64402,4477
0,0.05000000074505806,-0.07999999821186066,9.710000038146973,0.0625,-0.0625,0,30.25,-29.375,-19.25,-0.3962460458278656,-0.004760812036693096,0.007141217589378357,-0.9181042313575745,64412,4478
0,0.03999999910593033,-0.09000000357627869,9.729999542236328,0.0625,0.3125,0,30.25,-29.375,-19.25,-0.3962460458278656,-0.004760812036693096,0.007141217589378357,-0.9181042313575745,64422,4479
0,0.05999999865889549,-0.05999999865889549,9.729999542236328,0.0625,0.3125,0,30.25,-29.375,-19.25,-0.3962460458278656,-0.004760812036693096,0.007141217589378357,-0.9181042313575745,64431,4480
0,0.07000000029802322,-0.07999999821186066,9.720000267028809,0.1875,0.125,-0.0625,29.875,-30.1875,-18.75,-0.3962460458278656,-0.004760812036693096,0.007141217589378357,-0.9181042313575745,64442,4481
0,0.07000000029802322,-0.07000000029802322,9.729999542236328,0.0625,0.0625,0,29.875,-30.1875,-18.75,-0.3962460458278656,-0.004760812036693096,0.007141217589378357,-0.9181042313575745,64452,4482
0,0.03999999910593033,-0.09000000357627869,9.710000038146973,0,0.1875,0.0625,29.875,-30.1875,-18.75,-0.3962460458278656,-0.004760812036693096,0.007141217589378357,-0.9181042313575745,64462,4483
0,0.03999999910593033,-0.09000000357627869,9.75,0,-0.0625,0.125,29.875,-30.1875,-18.75,-0.3962460458278656,-0.004760812036693096,0.007141217589378357,-0.9181042313575745,64472,4484
0,0.05000000074505806,-0.07999999821186066,9.710000038146973,0,-0.0625,0.125,29.875,-30.1875,-18.75,-0.3962460458278656,-0.004760812036693096,0.007141217589378357,-0.9181042313575745,64481,4485
0,0.07000000029802322,-0.09000000357627869,9.770000457763672,0.1875,0,0,29.5,-30.5,-19.25,-0.3962460458278656,-0.004760812036693096,0.007141217589378357,-0.9181042313575745,64492,4486
0,0.05000000074505806,-0.07999999821186066,9.720000267028809,0.125,-0.125,0.0625,29.5,-30.5,-19.25,-0.3962460458278656,-0.004760812036693096,0.007141217589378357,-0.9181042313575745,64502,4487
0,0.05999999865889549,-0.10000000149011612,9.720000267028809,-0.0625,-0.125,-0.0625,29.5,-30.5,-19.25,-0.3962460458278656,-0.004760812036693096,0.007141217589378357,-0.9181042313575745,64512,4488
0,0.05000000074505806,-0.07000000029802322,9.720000267028809,0,-0.0625,0,29.5,-30.5,-19.25,-0.3962460458278656,-0.004760812036693096,0.007141217589378357,-0.9181042313575745,64522,4489
0,0.05000000074505806,-0.07000000029802322,9.75,0,-0.0625,0,29.5,-30.5,-19.25,-0.3962460458278656,-0.004760812036693096,0.007141217589378357,-0.9181042313575745,64531,4490
0,0.03999999910593033,-0.09000000357627869,9.739999771118164,0.0625,0.0625,0,29.875,-30.5,-20.75,-0.3962460458278656,-0.004760812036693096,0.007141217589378357,-0.9181042313575745,64542,4491
0,0.03999999910593033,-0.07999999821186066,9.75,0.125,0,0.0625,29.875,-30.5,-20.75,-0.3962460458278656,-0.004760812036693096,0.007141217589378357,-0.9181042313575745,64552,4492
0,0.05999999865889549,-0.07999999821186066,9.739999771118164,0,-0.125,0.0625,29.875,-30.5,-20.75,-0.3962460458278656,-0.004760812036693096,0.007141217589378357,-0.9181042313575745,64562,4493
0,0.05999999865889549,-0.07999999821186066,9.739999771118164,0.125,0.125,-0.125,29.875,-30.5,-20.75,-0.3962460458278656,-0.004760812036693096,0.007141217589378357,-0.9181042313575745,64572,4494
0,0.07000000029802322,-0.09000000357627869,9.770000457763672,-0.0625,-0.0625,0,29.875,-30.5,-20.75,-0.3962460458278656,-0.004760812036693096,0.007141217589378357,-0.9181042313575745,64581,4495
0,0.03999999910593033,-0.10999999940395355,9.729999542236328,0,0.0625,-0.1875,29.1875,-30.1875,-16.875,-0.3962460458278656,-0.004760812036693096,0.007141217589378357,-0.9181042313575745,64592,4496
0,0.05000000074505806,-0.09000000357627869,9.75,-0.0625,0.0625,0.0625,29.1875,-30.1875,-16.875,-0.3962460458278656,-0.004760812036693096,0.007141217589378357,-0.9181042313575745,64602,4497
0,0.03999999910593033,-0.07999999821186066,9.710000038146973,-0.0625,-0.1875,-0.0625,29.1875,-30.1875,-16.875,-0.3962460458278656,-0.004760812036693096,0.007141217589378357,-0.9181042313575745,64612,4498
0,0.03999999910593033,-0.10000000149011612,9.729999542236328,0.0625,0,0.0625,29.1875,-30.1875,-16.875,-0.3962460458278656,-0.004760812036693096,0.007141217589378357,-0.9181042313575745,64622,4499
0,0.07000000029802322,-0.10000000149011612,9.739999771118164,-0.125,0,0,29.1875,-30.1875,-16.875,-0.3962460458278656,-0.004760812036693096,0.007141217589378357,-0.9181042313575745,64631,4500
0,0.05999999865889549,-0.10000000149011612,9.710000038146973,0.125,-0.125,0.0625,29.1875,-24.1875,-19.5625,-0.3962460458278656,-0.004760812036693096,0.007141217589378357,-0.9181042313575745,64642,4501
0,0.07000000029802322,-0.07999999821186066,9.760000228881836,0,-0.25,0.0625,29.1875,-24.1875,-19.5625,-0.3962460458278656,-0.004760812036693096,0.007141217589378357,-0.9181042313575745,64652,4502
0,0.05999999865889549,-0.07000000029802322,9.729999542236328,0.0625,0.0625,-0.125,29.1875,-24.1875,-19.5625,-0.3962460458278656,-0.004760812036693096,0.007141217589378357,-0.9181042313575745,64662,4503
0,0.05999999865889549,-0.07999999821186066,9.739999771118164,0,0,0,29.1875,-24.1875,-19.5625,-0.3962460458278656,-0.004760812036693096,0.007141217589378357,-0.9181042313575745,64672,4504
0,0.05999999865889549,-0.07999999821186066,9.729999542236328,0.0625,0.0625,-0.0625,29.1875,-24.1875,-19.5625,-0.3962460458278656,-0.004760812036693096,0.007141217589378357,-0.9181042313575745,64681,4505
0,0.03999999910593033,-0.07999999821186066,9.720000267028809,0,0.125,0,30.6875,-31.25,-19.5625,-0.3962460458278656,-0.004760812036693096,0.007141217589378357,-0.9181042313575745,64692,4506
0,0.05999999865889549,-0.07999999821186066,9.739999771118164,-0.0625,0,0,30.6875,-31.25,-19.5625,-0.3962460458278656,-0.004760812036693096,0.007141217589378357,-0.9181042313575745,64702,4507
0,0.05000000074505806,-0.07000000029802322,9.739999771118164,-0.125,-0.0625,0,30.6875,-31.25,-19.5625,-0.3962460458278656,-0.004760812036693096,0.007141217589378357,-0.9181042313575745,64712,4508
0,0.05000000074505806,-0.07000000029802322,9.739999771118164,0,-0.0625,0,30.6875,-31.25,-19.5625,-0.3962460458278656,-0.004760812036693096,0.007141217589378357,-0.9181042313575745,64722,4509
0,0.05000000074505806,-0.07000000029802322,9.729999542236328,0.125,-0.125,0,30.6875,-31.25,-19.5625,-0.3962460458278656,-0.004760812036693096,0.007141217589378357,-0.9181042313575745,64731,4510
0,0.07000000029802322,-0.09000000357627869,9.710000038146973,0.0625,-0.125,0,29.1875,-28.6875,-18.0625,-0.3962460458278656,-0.004760812036693096,0.007141217589378357,-0.9181042313575745,64742,4511
0,0.05999999865889549,-0.07000000029802322,9.760000228881836,-0.0625,0.0625,0,29.1875,-28.6875,-18.0625,-0.3962460458278656,-0.004760812036693096,0.007141217589378357,-0.9181042313575745,64752,4512
0,0.07000000029802322,-0.07999999821186066,9.699999809265137,0.0625,-0.25,0.0625,29.1875,-28.6875,-18.0625,-0.3962460458278656,-0.004760812036693096,0.007141217589378357,-0.9181042313575745,64762,4513
0,0.05000000074505806,-0.05999999865889549,9.739999771118164,0.125,-0.1875,0,29.1875,-28.6875,-18.0625,-0.3962460458278656,-0.004760812036693096,0.007141217589378357,-0.9181042313575745,64772,4514
0,0.05999999865889549,-0.09000000357627869,9.720000267028809,0,-0.0625,0,29.1875,-28.6875,-18.0625,-0.3962460458278656,-0.004760812036693096,0.007141217589378357,-0.9181042313575745,64781,4515
0,0.03999999910593033,-0.09000000357627869,9.760000228881836,-0.0625,0,0,29.5,-29.75,-18.875,-0.3962460458278656,-0.004760812036693096,0.007141217589378357,-0.9181042313575745,64792,4516
0,0.05999999865889549,-0.07000000029802322,9.739999771118164,-0.0625,0,-0.0625,29.5,-29.75,-18.875,-0.3962460458278656,-0.004760812036693096,0.007141217589378357,-0.9181042313575745,64802,4517
0,0.07999999821186066,-0.05999999865889549,9.739999771118164,-0.0625,0,0.0625,29.5,-29.75,-18.875,-0.3962460458278656,-0.004760812036693096,0.007141217589378357,-0.9181042313575745,64812,4518
0,0.05000000074505806,-0.07000000029802322,9.739999771118164,0.125,-0.25,0.125,29.5,-29.75,-18.875,-0.3962460458278656,-0.004760812036693096,0.007141217589378357,-0.9181042313575745,64822,4519
0,0.05000000074505806,-0.07999999821186066,9.739999771118164,0,-0.0625,-0.125,29.5,-29.75,-18.875,-0.3962460458278656,-0.004760812036693096,0.007141217589378357,-0.9181042313575745,64831,4520
0,0.05000000074505806,-0.07999999821186066,9.739999771118164,0,-0.0625,0.0625,29.875,-29.375,-19.5625,-0.3962460458278656,-0.004760812036693096,0.007141217589378357,-0.9181042313575745,64842,4521
0,0.07999999821186066,-0.09000000357627869,9.729999542236328,0.0625,0.0625,0,29.875,-29.375,-19.5625,-0.3962460458278656,-0.004760812036693096,0.007141217589378357,-0.9181042313575745,64852,4522
0,0.05999999865889549,-0.09000000357627869,9.75,-0.0625,0.125,-0.125,29.875,-29.375,-19.5625,-0.3962460458278656,-0.004760812036693096,0.007141217589378357,-0.9181042313575745,64862,4523
0,0.05000000074505806,-0.07000000029802322,9.720000267028809,-0.0625,0.125,0,29.875,-29.375,-19.5625,-0.3962460458278656,-0.004760812036693096,0.007141217589378357,-0.9181042313575745,64872,4524
0,0.05000000074505806,-0.07999999821186066,9.699999809265137,-0.1875,0.1875,0,29.875,-29.375,-19.5625,-0.3962460458278656,-0.004760812036693096,0.007141217589378357,-0.9181042313575745,64881,4525
0,0.05999999865889549,-0.07000000029802322,9.710000038146973,0,0.125,-0.0625,29.5,-29.75,-19.25,-0.3962460458278656,-0.004760812036693096,0.007141217589378357,-0.9181042313575745,64892,4526
0,0.05999999865889549,-0.09000000357627869,9.75,0.0625,0,0,29.5,-29.75,-19.25,-0.3962460458278656,-0.004760812036693096,0.007141217589378357,-0.9181042313575745,64902,4527
0,0.029999999329447746,-0.09000000357627869,9.739999771118164,0,-0.0625,0.0625,29.5,-29.75,-19.25,-0.3962460458278656,-0.004760812036693096,0.007141217589378357,-0.9181042313575745,64912,4528
0,0.05999999865889549,-0.09000000357627869,9.699999809265137,0.0625,-0.125,-0.0625,29.5,-29.75,-19.25,-0.3962460458278656,-0.004760812036693096,0.007141217589378357,-0.9181042313575745,64922,4529
0,0.05999999865889549,-0.09000000357627869,9.75,0,-0.125,0,29.5,-29.75,-19.25,-0.3962460458278656,-0.004760812036693096,0.007141217589378357,-0.9181042313575745,64931,4530
0,0.05000000074505806,-0.09000000357627869,9.760000228881836,0,-0.0625,0,29.1875,-26,-18.5,-0.3962460458278656,-0.004760812036693096,0.007141217589378357,-0.9181042313575745,64942,4531
0,0.05000000074505806,-0.07000000029802322,9.720000267028809,0.0625,-0.25,0.0625,29.1875,-26,-18.5,-0.3962460458278656,-0.004760812036693096,0.007141217589378357,-0.9181042313575745,64952,4532
0,0.05999999865889549,-0.07000000029802322,9.710000038146973,0.0625,-0.125,0.0625,29.1875,-26,-18.5,-0.3962460458278656,-0.004760812036693096,0.007141217589378357,-0.9181042313575745,64962,4533
0,0.05000000074505806,-0.07000000029802322,9.720000267028809,-0.125,-0.0625,0.125,29.1875,-26,-18.5,-0.3962460458278656,-0.004760812036693096,0.007141217589378357,-0.9181042313575745,64972,4534
0,0.03999999910593033,-0.10000000149011612,9.739999771118164,-0.125,-0.0625,0,29.1875,-26,-18.5,-0.3962460458278656,-0.004760812036693096,0.007141217589378357,-0.9181042313575745,64981,4535
0,0.03999999910593033,-0.05999999865889549,9.739999771118164,0.125,-0.125,0,29.875,-29.375,-18.5,-0.3962460458278656,-0.004760812036693096,0.007141217589378357,-0.9181042313575745,64992,4536
0,0.05999999865889549,-0.07000000029802322,9.75,0,0,0.0625,29.875,-29.375,-18.5,-0.3962460458278656,-0.004760812036693096,0.007141217589378357,-0.9181042313575745,65002,4537
0,0.03999999910593033,-0.07000000029802322,9.729999542236328,0.125,-0.1875,-0.0625,29.875,-29.375,-18.5,-0.3962460458278656,-0.004760812036693096,0.007141217589378357,-0.9181042313575745,65012,4538
0,0.03999999910593033,-0.07999999821186066,9.720000267028809,0.0625,0.125,0.0625,29.875,-29.375,-18.5,-0.3962460458278656,-0.004760812036693096,0.007141217589378357,-0.9181042313575745,65022,4539
0,0.05000000074505806,-0.09000000357627869,9.729999542236328,0,-0.125,-0.0625,31,-29.375,-18.5,-0.3962460458278656,-0.004760812036693096,0.007141217589378357,-0.9181042313575745,65031,4540
0,0.09000000357627869,-0.10000000149011612,9.760000228881836,-0.0625,0.0625,0,31,-29.375,-18.5,-0.3962460458278656,-0.004760812036693096,0.007141217589378357,-0.9181042313575745,65042,4541
0,0.05000000074505806,-0.07999999821186066,9.729999542236328,0,-0.0625,-0.0625,31,-29.375,-18.5,-0.3962460458278656,-0.004760812036693096,0.007141217589378357,-0.9181042313575745,65052,4542
0,0.05000000074505806,-0.07000000029802322,9.710000038146973,0,0.1875,0,31,-29.375,-18.5,-0.3962460458278656,-0.004760812036693096,0.007141217589378357,-0.9181042313575745,65062,4543
0,0.05999999865889549,-0.05999999865889549,9.729999542236328,0,0,0.125,31,-29.375,-18.5,-0.3962460458278656,-0.004760812036693096,0.007141217589378357,-0.9181042313575745,65072,4544
0,0.05999999865889549,-0.07999999821186066,9.760000228881836,0.125,0.0625,0,30.6875,-30.5,-20.5,-0.3962460458278656,-0.004760812036693096,0.007141217589378357,-0.9181042313575745,65081,4545
0,0.05999999865889549,-0.07000000029802322,9.739999771118164,0.0625,0,0.125,30.6875,-30.5,-20.5,-0.3962460458278656,-0.004760812036693096,0.007141217589378357,-0.9181042313575745,65092,4546
0,0.03999999910593033,-0.07000000029802322,9.760000228881836,0.125,0.125,-0.125,30.6875,-30.5,-20.5,-0.3962460458278656,-0.004760812036693096,0.007141217589378357,-0.9181042313575745,65102,4547
0,0.05000000074505806,-0.07999999821186066,9.699999809265137,0.0625,0.0625,0,30.6875,-30.5,-20.5,-0.3962460458278656,-0.004760812036693096,0.007141217589378357,-0.9181042313575745,65112,4548
0,0.05000000074505806,-0.05999999865889549,9.729999542236328,-0.0625,0,0.125,30.6875,-30.5,-20.5,-0.3962460458278656,-0.004760812036693096,0.007141217589378357,-0.9181042313575745,65122,4549
0,0.03999999910593033,-0.07999999821186066,9.739999771118164,-0.0625,0.0625,-0.0625,30.25,-30.1875,-19.25,-0.3962460458278656,-0.004760812036693096,0.007141217589378357,-0.9181042313575745,65131,4550
0,0.05000000074505806,-0.07000000029802322,9.739999771118164,0,-0.25,0,30.25,-30.1875,-19.25,-0.3962460458278656,-0.004760812036693096,0.007141217589378357,-0.9181042313575745,65141,4551
0,0.05000000074505806,-0.07000000029802322,9.739999771118164,0.125,-0.0625,0,30.25,-30.1875,-19.25,-0.3962460458278656,-0.004760812036693096,0.007141217589378357,-0.9181042313575745,65152,4552
0,0.05000000074505806,-0.07999999821186066,9.699999809265137,0,0.0625,-0.0625,30.25,-30.1875,-19.25,-0.3962460458278656,-0.004760812036693096,0.007141217589378357,-0.9181042313575745,65161,4553
0,0.03999999910593033,-0.07000000029802322,9.710000038146973,-0.125,-0.0625,0,30.25,-30.1875,-19.25,-0.3962460458278656,-0.004760812036693096,0.007141217589378357,-0.9181042313575745,65172,4554
0,0.05000000074505806,-0.07999999821186066,9.75,-0.125,0.125,-0.0625,30.6875,-25.6875,-19.5625,-0.3962460458278656,-0.004760812036693096,0.007141217589378357,-0.9181042313575745,65181,4555
0,0.029999999329447746,-0.07999999821186066,9.720000267028809,0.1875,-0.0625,0,30.6875,-25.6875,-19.5625,-0.3962460458278656,-0.004760812036693096,0.007141217589378357,-0.9181042313575745,65191,4556
0,0.03999999910593033,-0.07000000029802322,9.720000267028809,0,0,0.0625,30.6875,-25.6875,-19.5625,-0.3962460458278656,-0.004760812036693096,0.007141217589378357,-0.9181042313575745,65201,4557
0,0.05999999865889549,-0.09000000357627869,9.710000038146973,0,0.125,-0.0625,30.6875,-25.6875,-19.5625,-0.3962460458278656,-0.004760812036693096,0.007141217589378357,-0.9181042313575745,65211,4558
0,0.05999999865889549,-0.07000000029802322,9.720000267028809,0.125,-0.125,0,30.6875,-25.6875,-19.5625,-0.3962460458278656,-0.004760812036693096,0.007141217589378357,-0.9181042313575745,65222,4559
0,0.07000000029802322,-0.07000000029802322,9.720000267028809,0,-0.125,0,29.5,-30.5,-19.5625,-0.3962460458278656,-0.004760812036693096,0.007141217589378357,-0.9181042313575745,65231,4560
0,0.05999999865889549,-0.09000000357627869,9.75,-0.125,-0.25,0.125,29.5,-30.5,-19.5625,-0.3962460458278656,-0.004760812036693096,0.007141217589378357,-0.9181042313575745,65241,4561
0,0.07000000029802322,-0.07999999821186066,9.729999542236328,0.0625,0,-0.0625,29.5,-30.5,-19.5625,-0.3962460458278656,-0.004760812036693096,0.007141217589378357,-0.9181042313575745,65251,4562
0,0.05000000074505806,-0.09000000357627869,9.699999809265137,0.0625,0.125,0,29.5,-30.5,-19.5625,-0.3962460458278656,-0.004760812036693096,0.007141217589378357,-0.9181042313575745,65261,4563
0,0.03999999910593033,-0.09000000357627869,9.75,0,-0.0625,0.0625,29.5,-30.5,-19.5625,-0.3962460458278656,-0.004760812036693096,0.007141217589378357,-0.9181042313575745,65272,4564
0,0.07000000029802322,-0.07999999821186066,9.739999771118164,0.0625,-0.25,0.0625,29.875,-32,-19.25,-0.3962460458278656,-0.004760812036693096,0.007141217589378357,-0.9181042313575745,65281,4565
0,0.05000000074505806,-0.09000000357627869,9.760000228881836,0.1875,-0.0625,0,29.875,-32,-19.25,-0.3962460458278656,-0.004760812036693096,0.007141217589378357,-0.9181042313575745,65291,4566
0,0.03999999910593033,-0.10000000149011612,9.75,0,0,0,29.875,-32,-19.25,-0.3962460458278656,-0.004760812036693096,0.007141217589378357,-0.9181042313575745,65301,4567
0,0.05000000074505806,-0.07999999821186066,9.729999542236328,0.0625,-0.125,0,29.875,-32,-19.25,-0.3962460458278656,-0.004760812036693096,0.007141217589378357,-0.9181042313575745,65311,4568
0,0.05000000074505806,-0.07999999821186066,9.729999542236328,0.125,0.0625,0.0625,29.875,-32,-19.25,-0.3962460458278656,-0.004760812036693096,0.007141217589378357,-0.9181042313575745,65322,4569
0,0.03999999910593033,-0.09000000357627869,9.720000267028809,0,-0.125,0.0625,30.25,-31.25,-19.25,-0.3962460458278656,-0.004760812036693096,0.007141217589378357,-0.9181042313575745,65331,4570
0,0.03999999910593033,-0.05999999865889549,9.729999542236328,0.0625,0,0.0625,30.25,-31.25,-19.25,-0.3962460458278656,-0.004760812036693096,0.007141217589378357,-0.9181042313575745,65341,4571
0,0.05000000074505806,-0.07999999821186066,9.739999771118164,0,0.0625,-0.0625,30.25,-31.25,-19.25,-0.3962460458278656,-0.004760812036693096,0.007141217589378357,-0.9181042313575745,65351,4572
0,0.05999999865889549,-0.07000000029802322,9.710000038146973,0.0625,0.0625,0.0625,30.25,-31.25,-19.25,-0.3962460458278656,-0.004760812036693096,0.007141217589378357,-0.9181042313575745,65361,4573
0,0.05000000074505806,-0.07000000029802322,9.739999771118164,0,0,0.0625,30.25,-31.25,-19.25,-0.3962460458278656,-0.004760812036693096,0.007141217589378357,-0.9181042313575745,65372,4574
0,0.029999999329447746,-0.07999999821186066,9.729999542236328,0.0625,0,0,30.6875,-24.1875,-18.5,-0.3962460458278656,-0.004760812036693096,0.007141217589378357,-0.9181042313575745,65381,4575
0,0.05999999865889549,-0.07000000029802322,9.75,-0.0625,-0.25,0.0625,30.6875,-24.1875,-18.5,-0.3962460458278656,-0.004760812036693096,0.007141217589378357,-0.9181042313575745,65391,4576
0,0.05999999865889549,-0.05000000074505806,9.729999542236328,0.125,-0.0625,0,30.6875,-24.1875,-18.5,-0.3962460458278656,-0.004760812036693096,0.007141217589378357,-0.9181042313575745,65401,4577
0,0.03999999910593033,-0.07000000029802322,9.739999771118164,0.125,-0.0625,0,30.6875,-24.1875,-18.5,-0.3962460458278656,-0.004760812036693096,0.007141217589378357,-0.9181042313575745,65411,4578
0,0.07999999821186066,-0.07000000029802322,9.75,0,-0.3125,0.125,30.6875,-24.1875,-18.5,-0.3962460458278656,-0.004760812036693096,0.007141217589378357,-0.9181042313575745,65421,4579
0,0.07000000029802322,-0.07999999821186066,9.739999771118164,0,-0.0625,0,29.875,-30.1875,-19.5625,-0.3962460458278656,-0.004760812036693096,0.007141217589378357,-0.9181042313575745,65431,4580
0,0.05000000074505806,-0.07999999821186066,9.75,0.0625,-0.25,-0.0625,29.875,-30.1875,-19.5625,-0.3962460458278656,-0.004760812036693096,0.007141217589378357,-0.9181042313575745,65441,4581
0,0.05000000074505806,-0.10000000149011612,9.729999542236328,0,0.0625,0,29.875,-30.1875,-19.5625,-0.3962460458278656,-0.004760812036693096,0.007141217589378357,-0.9181042313575745,65451,4582
0,0.05999999865889549,-0.07000000029802322,9.710000038146973,0.0625,-0.125,0,29.875,-30.1875,-19.5625,-0.3962460458278656,-0.004760812036693096,0.007141217589378357,-0.9181042313575745,65461,4583
0,0.05000000074505806,-0.07999999821186066,9.720000267028809,0.0625,-0.0625,0,29.875,-30.1875,-19.5625,-0.3962460458278656,-0.004760812036693096,0.007141217589378357,-0.9181042313575745,65471,4584
0,0.05000000074505806,-0.07999999821186066,9.710000038146973,-0.0625,-0.0625,-0.0625,29.875,-28.25,-17.25,-0.3962460458278656,-0.004760812036693096,0.007141217589378357,-0.9181042313575745,65481,4585
0,0.03999999910593033,-0.07000000029802322,9.729999542236328,0.0625,0.125,0.0625,29.875,-28.25,-17.25,-0.3962460458278656,-0.004760812036693096,0.007141217589378357,-0.9181042313575745,65491,4586
0,0.029999999329447746,-0.10000000149011612,9.710000038146973,0.0625,0.125,0.0625,29.875,-28.25,-17.25,-0.3962460458278656,-0.004760812036693096,0.007141217589378357,-0.9181042313575745,65501,4587
0,0.05999999865889549,-0.07999999821186066,9.729999542236328,0,0,0.0625,29.875,-28.25,-17.25,-0.3962460458278656,-0.004760812036693096,0.007141217589378357,-0.9181042313575745,65511,4588
0,0.05999999865889549,-0.09000000357627869,9.739999771118164,0.0625,0,0.0625,29.875,-28.25,-17.25,-0.3962460458278656,-0.004760812036693096,0.007141217589378357,-0.9181042313575745,65521,4589
0,0.03999999910593033,-0.07000000029802322,9.760000228881836,-0.125,0.125,-0.0625,29.875,-29.75,-18.875,-0.3962460458278656,-0.004760812036693096,0.007141217589378357,-0.9181042313575745,65531,4590
0,0.07000000029802322,-0.07999999821186066,9.710000038146973,-0.1875,0.125,0,29.875,-29.75,-18.875,-0.3962460458278656,-0.004760812036693096,0.007141217589378357,-0.9181042313575745,5,4591
0,0.05999999865889549,-0.05000000074505806,9.739999771118164,0.125,-0.0625,0,29.875,-29.75,-18.875,-0.3962460458278656,-0.004760812036693096,0.007141217589378357,-0.9181042313575745,15,4592
0,0.05000000074505806,-0.07999999821186066,9.739999771118164,0.125,0,0.0625,29.875,-29.75,-18.875,-0.3962460458278656,-0.004760812036693096,0.007141217589378357,-0.9181042313575745,25,4593
0,0.07000000029802322,-0.07999999821186066,9.75,0.0625,0,-0.0625,29.875,-29.75,-18.875,-0.3962460458278656,-0.004760812036693096,0.007141217589378357,-0.9181042313575745,35,4594
0,0.05000000074505806,-0.09000000357627869,9.75,0,-0.0625,0,29.875,-30.1875,-18.75,-0.3962460458278656,-0.004760812036693096,0.007141217589378357,-0.9181042313575745,45,4595
0,0.05000000074505806,-0.09000000357627869,9.739999771118164,-0.0625,-0.25,0.0625,29.875,-30.1875,-18.75,-0.3962460458278656,-0.004760812036693096,0.007141217589378357,-0.9181042313575745,55,4596
0,0.03999999910593033,-0.07000000029802322,9.699999809265137,0,-0.3125,-0.0625,29.875,-30.1875,-18.75,-0.3962460458278656,-0.004760812036693096,0.007141217589378357,-0.9181042313575745,65,4597
0,0.029999999329447746,-0.07999999821186066,9.720000267028809,0.125,-0.125,0.0625,29.875,-30.1875,-18.75,-0.3962460458278656,-0.004760812036693096,0.007141217589378357,-0.9181042313575745,75,4598
0,0.05999999865889549,-0.10000000149011612,9.729999542236328,0,0,0.0625,29.875,-30.1875,-18.75,-0.3962460458278656,-0.004760812036693096,0.007141217589378357,-0.9181042313575745,85,4599
0,0.07000000029802322,-0.07000000029802322,9.729999542236328,-0.125,0,0.0625,28.375,-30.1875,-18.875,-0.3962460458278656,-0.004760812036693096,0.007141217589378357,-0.9181042313575745,95,4600
0,0.05000000074505806,-0.07999999821186066,9.720000267028809,0,-0.0625,0.0625,28.375,-30.1875,-18.875,-0.3962460458278656,-0.004760812036693096,0.007141217589378357,-0.9181042313575745,105,4601
0,0.05999999865889549,-0.07999999821186066,9.699999809265137,-0.0625,-0.125,0,28.375,-30.1875,-18.875,-0.3962460458278656,-0.004760812036693096,0.007141217589378357,-0.9181042313575745,115,4602
0,0.03999999910593033,-0.07999999821186066,9.720000267028809,0.1875,0,0,28.375,-30.1875,-18.875,-0.3962460458278656,-0.004760812036693096,0.007141217589378357,-0.9181042313575745,125,4603
0,0.05999999865889549,-0.07000000029802322,9.729999542236328,0.0625,0,0,28.375,-30.1875,-18.875,-0.3962460458278656,-0.004760812036693096,0.007141217589378357,-0.9181042313575745,135,4604
0,0.05000000074505806,-0.05999999865889549,9.720000267028809,-0.0625,-0.0625,0,29.5,-29.375,-19.25,-0.3962460458278656,-0.004760812036693096,0.007141217589378357,-0.9181042313575745,145,4605
0,0.03999999910593033,-0.09000000357627869,9.729999542236328,0,-0.0625,0.0625,29.5,-29.375,-19.25,-0.3962460458278656,-0.004760812036693096,0.007141217589378357,-0.9181042313575745,155,4606
0,0.05000000074505806,-0.09000000357627869,9.710000038146973,0.0625,0.0625,0,29.5,-29.375,-19.25,-0.3962460458278656,-0.004760812036693096,0.007141217589378357,-0.9181042313575745,165,4607
0,0.05999999865889549,-0.05999999865889549,9.75,0.0625,0,0,29.5,-29.375,-19.25,-0.3962460458278656,-0.004760812036693096,0.007141217589378357,-0.9181042313575745,175,4608
0,0.05000000074505806,-0.07999999821186066,9.739999771118164,0.125,-0.0625,0,29.5,-29.375,-19.25,-0.3962460458278656,-0.004760812036693096,0.007141217589378357,-0.9181042313575745,185,4609
0,0.03999999910593033,-0.05000000074505806,9.739999771118164,0,0.0625,-0.0625,30.25,-28.25,-20.5,-0.3962460458278656,-0.004760812036693096,0.007141217589378357,-0.9181042313575745,195,4610
0,0.07000000029802322,-0.09000000357627869,9.770000457763672,0.0625,0.1875,0.0625,30.25,-28.25,-20.5,-0.3962460458278656,-0.004760812036693096,0.007141217589378357,-0.9181042313575745,205,4611
0,0.05999999865889549,-0.05999999865889549,9.739999771118164,-0.125,-0.0625,-0.0625,30.25,-28.25,-20.5,-0.3962460458278656,-0.004760812036693096,0.007141217589378357,-0.9181042313575745,215,4612
0,0.05000000074505806,-0.10000000149011612,9.739999771118164,-0.125,0,0,30.25,-28.25,-20.5,-0.3962460458278656,-0.004760812036693096,0.007141217589378357,-0.9181042313575745,225,4613
0,0.05999999865889549,-0.07000000029802322,9.75,0,-0.0625,0.0625,30.25,-28.25,-20.5,-0.3962460458278656,-0.004760812036693096,0.007141217589378357,-0.9181042313575745,235,4614
0,0.05999999865889549,-0.07999999821186066,9.720000267028809,-0.0625,0.0625,-0.0625,29.5,-30.1875,-19.5625,-0.3962460458278656,-0.004760812036693096,0.007141217589378357,-0.9181042313575745,245,4615
0,0.05000000074505806,-0.09000000357627869,9.720000267028809,0,-0.0625,-0.0625,29.5,-30.1875,-19.5625,-0.3962460458278656,-0.004760812036693096,0.007141217589378357,-0.9181042313575745,255,4616
0,0.029999999329447746,-0.07000000029802322,9.710000038146973,-0.125,-0.0625,0.125,29.5,-30.1875,-19.5625,-0.3962460458278656,-0.004760812036693096,0.007141217589378357,-0.9181042313575745,265,4617
0,0.05000000074505806,-0.07999999821186066,9.720000267028809,0.0625,0.125,-0.125,29.5,-30.1875,-19.5625,-0.3962460458278656,-0.004760812036693096,0.007141217589378357,-0.9181042313575745,275,4618
0,0.07000000029802322,-0.09000000357627869,9.75,0,-0.0625,0.0625,29.5,-30.1875,-19.5625,-0.3962460458278656,-0.004760812036693096,0.007141217589378357,-0.9181042313575745,285,4619
0,0.07999999821186066,-0.09000000357627869,9.760000228881836,0,-0.1875,0.0625,29.5,-25.6875,-20.0625,-0.3962460458278656,-0.004760812036693096,0.007141217589378357,-0.9181042313575745,295,4620
0,0.05999999865889549,-0.07999999821186066,9.75,0.0625,0.1875,0.0625,29.5,-25.6875,-20.0625,-0.3962460458278656,-0.004760812036693096,0.007141217589378357,-0.9181042313575745,305,4621
0,0.05000000074505806,-0.09000000357627869,9.720000267028809,-0.0625,0.1875,0.0625,29.5,-25.6875,-20.0625,-0.3962460458278656,-0.004760812036693096,0.007141217589378357,-0.9181042313575745,315,4622
0,0.05999999865889549,-0.07999999821186066,9.720000267028809,0,0.0625,0,29.5,-25.6875,-20.0625,-0.3962460458278656,-0.004760812036693096,0.007141217589378357,-0.9181042313575745,325,4623
0,0.05999999865889549,-0.09000000357627869,9.720000267028809,0,0.0625,0.0625,29.5,-25.6875,-20.0625,-0.3962460458278656,-0.004760812036693096,0.007141217589378357,-0.9181042313575745,335,4624
0,0.05999999865889549,-0.07000000029802322,9.720000267028809,0.125,-0.125,0.0625,30.25,-30.5,-19.25,-0.3962460458278656,-0.004760812036693096,0.007141217589378357,-0.9181042313575745,345,4625
0,0.03999999910593033,-0.10000000149011612,9.729999542236328,0.0625,-0.25,0,30.25,-30.5,-19.25,-0.3962460458278656,-0.004760812036693096,0.007141217589378357,-0.9181042313575745,355,4626
0,0.05999999865889549,-0.07000000029802322,9.729999542236328,0.125,-0.1875,0.0625,30.25,-30.5,-19.25,-0.3962460458278656,-0.004760812036693096,0.007141217589378357,-0.9181042313575745,365,4627
0,0.03999999910593033,-0.07999999821186066,9.739999771118164,0.0625,0,-0.0625,30.25,-30.5,-19.25,-0.3962460458278656,-0.004760812036693096,0.007141217589378357,-0.9181042313575745,375,4628
0,0.03999999910593033,-0.07999999821186066,9.720000267028809,0.0625,0,-0.0625,30.25,-30.5,-19.25,-0.3962460458278656,-0.004760812036693096,0.007141217589378357,-0.9181042313575745,385,4629
0,0.07000000029802322,-0.07999999821186066,9.720000267028809,0.1875,-0.125,0.0625,29.5,-31.6875,-18.5,-0.3962460458278656,-0.004760812036693096,0.007141217589378357,-0.9181042313575745,395,4630
0,0.029999999329447746,-0.07000000029802322,9.729999542236328,0,-0.0625,0.0625,29.5,-31.6875,-18.5,-0.3962460458278656,-0.004760812036693096,0.007141217589378357,-0.9181042313575745,405,4631
0,0.05999999865889549,-0.05999999865889549,9.729999542236328,0,0.1875,-0.0625,29.5,-31.6875,-18.5,-0.3962460458278656,-0.004760812036693096,0.007141217589378357,-0.9181042313575745,415,4632
0,0.05999999865889549,-0.07999999821186066,9.739999771118164,0,0.0625,0,29.5,-31.6875,-18.5,-0.3962460458278656,-0.004760812036693096,0.007141217589378357,-0.9181042313575745,425,4633
0,0.03999999910593033,-0.07999999821186066,9.75,0.125,0.125,0,29.5,-31.6875,-18.5,-0.3962460458278656,-0.004760812036693096,0.007141217589378357,-0.9181042313575745,435,4634
0,0.05999999865889549,-0.07999999821186066,9.739999771118164,0.125,0.0625,0,29.5,-30.5,-20.5,-0.3962460458278656,-0.004760812036693096,0.007141217589378357,-0.9181042313575745,445,4635
0,0.05999999865889549,-0.07999999821186066,9.75,0.0625,0.0625,-0.0625,29.5,-30.5,-20.5,-0.3962460458278656,-0.004760812036693096,0.007141217589378357,-0.9181042313575745,455,4636
0,0.05999999865889549,-0.07999999821186066,9.729999542236328,0,-0.125,0,29.5,-30.5,-20.5,-0.3962460458278656,-0.004760812036693096,0.007141217589378357,-0.9181042313575745,465,4637
0,0.05999999865889549,-0.07999999821186066,9.729999542236328,0,0,-0.0625,29.5,-30.5,-20.5,-0.3962460458278656,-0.004760812036693096,0.007141217589378357,-0.9181042313575745,475,4638
0,0.05999999865889549,-0.10000000149011612,9.729999542236328,-0.0625,-0.125,0.0625,29.5,-30.5,-20.5,-0.3962460458278656,-0.004760812036693096,0.007141217589378357,-0.9181042313575745,485,4639
0,0.05999999865889549,-0.07000000029802322,9.729999542236328,0.0625,-0.1875,0.0625,29.5,-19.6875,-19.5625,-0.3962460458278656,-0.004760812036693096,0.007141217589378357,-0.9181042313575745,495,4640
0,0.05999999865889549,-0.07999999821186066,9.720000267028809,0.0625,0.0625,0,29.5,-19.6875,-19.5625,-0.3962460458278656,-0.004760812036693096,0.007141217589378357,-0.9181042313575745,505,4641
0,0.05000000074505806,-0.07000000029802322,9.739999771118164,0.125,-0.25,0.125,29.5,-19.6875,-19.5625,-0.3962460458278656,-0.004760812036693096,0.007141217589378357,-0.9181042313575745,515,4642
0,0.05999999865889549,-0.07999999821186066,9.710000038146973,0,0,0,29.5,-19.6875,-19.5625,-0.3962460458278656,-0.004760812036693096,0.007141217589378357,-0.9181042313575745,525,4643
0,0.029999999329447746,-0.07999999821186066,9.720000267028809,-0.125,0,0.125,29.5,-19.6875,-19.5625,-0.3962460458278656,-0.004760812036693096,0.007141217589378357,-0.9181042313575745,535,4644
0,0.05999999865889549,-0.07999999821186066,9.760000228881836,0.0625,-0.125,-0.0625,29.875,-29.75,-18.0625,-0.3962460458278656,-0.004760812036693096,0.007141217589378357,-0.9181042313575745,545,4645
0,0.05999999865889549,-0.05999999865889549,9.729999542236328,0,-0.0625,0.0625,29.875,-29.75,-18.0625,-0.3962460458278656,-0.004760812036693096,0.007141217589378357,-0.9181042313575745,555,4646
0,0.05000000074505806,-0.07999999821186066,9.720000267028809,0.1875,-0.0625,-0.0625,29.875,-29.75,-18.0625,-0.3962460458278656,-0.004760812036693096,0.007141217589378357,-0.9181042313575745,565,4647
0,0.05000000074505806,-0.07000000029802322,9.75,0,-0.1875,0.125,29.875,-29.75,-18.0625,-0.3962460458278656,-0.004760812036693096,0.007141217589378357,-0.9181042313575745,575,4648
0,0.029999999329447746,-0.09000000357627869,9.729999542236328,0.0625,0.0625,0.0625,29.875,-29.75,-18.0625,-0.3962460458278656,-0.004760812036693096,0.007141217589378357,-0.9181042313575745,585,4649
0,0.07000000029802322,-0.05999999865889549,9.720000267028809,0,-0.125,0.0625,29.875,-29.75,-18.875,-0.3962460458278656,-0.004760812036693096,0.007141217589378357,-0.9181042313575745,595,4650
0,0.05999999865889549,-0.07000000029802322,9.75,0,0,-0.125,29.875,-29.75,-18.875,-0.3962460458278656,-0.004760812036693096,0.007141217589378357,-0.9181042313575745,605,4651
0,0.03999999910593033,-0.05999999865889549,9.729999542236328,0,0.1875,-0.0625,29.875,-29.75,-18.875,-0.3962460458278656,-0.004760812036693096,0.007141217589378357,-0.9181042313575745,615,4652
0,0.05999999865889549,-0.07000000029802322,9.75,0,0.0625,-0.0625,29.875,-29.75,-18.875,-0.3962460458278656,-0.004760812036693096,0.007141217589378357,-0.9181042313575745,625,4653
0,0.029999999329447746,-0.07999999821186066,9.739999771118164,0,0.125,0.0625,29.875,-29.75,-18.875,-0.3962460458278656,-0.004760812036693096,0.007141217589378357,-0.9181042313575745,635,4654
0,0.05000000074505806,-0.07999999821186066,9.739999771118164,-0.1875,0.125,-0.125,29.1875,-29.75,-18.75,-0.3962460458278656,-0.004760812036693096,0.007141217589378357,-0.9181042313575745,645,4655
0,0.05999999865889549,-0.10000000149011612,9.770000457763672,0,-0.0625,-0.0625,29.1875,-29.75,-18.75,-0.3962460458278656,-0.004760812036693096,0.007141217589378357,-0.9181042313575745,655,4656
0,0.03999999910593033,-0.07999999821186066,9.729999542236328,0,0.125,0,29.1875,-29.75,-18.75,-0.3962460458278656,-0.004760812036693096,0.007141217589378357,-0.9181042313575745,665,4657
0,0.05999999865889549,-0.07999999821186066,9.720000267028809,0.125,-0.0625,-0.0625,29.1875,-29.75,-18.75,-0.3962460458278656,-0.004760812036693096,0.007141217589378357,-0.9181042313575745,675,4658
0,0.03999999910593033,-0.09000000357627869,9.739999771118164,0,0.125,0.0625,29.1875,-29.75,-18.75,-0.3962460458278656,-0.004760812036693096,0.007141217589378357,-0.9181042313575745,685,4659
0,0.05000000074505806,-0.07999999821186066,9.720000267028809,0.125,-0.0625,0.0625,30.6875,-29.375,-19.25,-0.3962460458278656,-0.004760812036693096,0.007141217589378357,-0.9181042313575745,694,4660
0,0.05999999865889549,-0.07999999821186066,9.729999542236328,0,-0.1875,0,30.6875,-29.375,-19.25,-0.3962460458278656,-0.004760812036693096,0.007141217589378357,-0.9181042313575745,704,4661
0,0.03999999910593033,-0.09000000357627869,9.739999771118164,0.125,0.0625,0,30.6875,-29.375,-19.25,-0.3962460458278656,-0.004760812036693096,0.007141217589378357,-0.9181042313575745,714,4662
0,0.05999999865889549,-0.07000000029802322,9.739999771118164,0.125,0,0.0625,30.6875,-29.375,-19.25,-0.3962460458278656,-0.004760812036693096,0.007141217589378357,-0.9181042313575745,724,4663
0,0.03999999910593033,-0.07999999821186066,9.729999542236328,-0.0625,-0.125,0,30.6875,-29.375,-19.25,-0.3962460458278656,-0.004760812036693096,0.007141217589378357,-0.9181042313575745,735,4664
0,0.07000000029802322,-0.09000000357627869,9.75,0,0.125,0,29.5,-30.1875,-18.5,-0.3962460458278656,-0.004760812036693096,0.007141217589378357,-0.9181042313575745,744,4665
0,0.05999999865889549,-0.07999999821186066,9.710000038146973,0.0625,-0.1875,0,29.5,-30.1875,-18.5,-0.3962460458278656,-0.004760812036693096,0.007141217589378357,-0.9181042313575745,754,4666
0,0.03999999910593033,-0.09000000357627869,9.75,0.0625,0,0,29.5,-30.1875,-18.5,-0.3962460458278656,-0.004760812036693096,0.007141217589378357,-0.9181042313575745,764,4667
0,0.05000000074505806,-0.07999999821186066,9.729999542236328,0,0,-0.0625,29.5,-30.1875,-18.5,-0.3962460458278656,-0.004760812036693096,0.007141217589378357,-0.9181042313575745,774,4668
0,0.05000000074505806,-0.05999999865889549,9.729999542236328,-0.125,0.125,0,29.5,-30.1875,-18.5,-0.3962460458278656,-0.004760812036693096,0.007141217589378357,-0.9181042313575745,785,4669
0,0.05000000074505806,-0.07999999821186066,9.760000228881836,0.0625,-0.1875,0.0625,29.875,-28.25,-18.5,-0.3962460458278656,-0.004760812036693096,0.007141217589378357,-0.9181042313575745,794,4670
0,0.03999999910593033,-0.07999999821186066,9.770000457763672,0.125,0,0,29.875,-28.25,-18.5,-0.3962460458278656,-0.004760812036693096,0.007141217589378357,-0.9181042313575745,804,4671
0,0.05000000074505806,-0.07000000029802322,9.75,0.0625,0,0.0625,29.875,-28.25,-18.5,-0.3962460458278656,-0.004760812036693096,0.007141217589378357,-0.9181042313575745,814,4672
0,0.05000000074505806,-0.10000000149011612,9.729999542236328,-0.125,-0.0625,0.125,29.875,-28.25,-18.5,-0.3962460458278656,-0.004760812036693096,0.007141217589378357,-0.9181042313575745,824,4673
0,0.05999999865889549,-0.07999999821186066,9.75,0.0625,-0.0625,0,29.875,-28.25,-18.5,-0.3962460458278656,-0.004760812036693096,0.007141217589378357,-0.9181042313575745,834,4674
0,0.05999999865889549,-0.07000000029802322,9.779999732971191,0,0,0.0625,29.875,-27.875,-18.75,-0.3962460458278656,-0.004760812036693096,0.007141217589378357,-0.9181042313575745,844,4675
0,0.03999999910593033,-0.07999999821186066,9.770000457763672,-0.1875,-0.0625,0,29.875,-27.875,-18.75,-0.3962460458278656,-0.004760812036693096,0.007141217589378357,-0.9181042313575745,854,4676
0,0.05000000074505806,-0.09000000357627869,9.720000267028809,0,0,-0.0625,29.875,-27.875,-18.75,-0.3962460458278656,-0.004760812036693096,0.007141217589378357,-0.9181042313575745,864,4677
0,0.05000000074505806,-0.09000000357627869,9.739999771118164,0,0.0625,-0.125,29.875,-27.875,-18.75,-0.3962460458278656,-0.004760812036693096,0.007141217589378357,-0.9181042313575745,874,4678
0,0.03999999910593033,-0.07000000029802322,9.739999771118164,0.125,0,0,29.875,-27.875,-18.75,-0.3962460458278656,-0.004760812036693096,0.007141217589378357,-0.9181042313575745,884,4679
0,0.05999999865889549,-0.07999999821186066,9.760000228881836,0.0625,0.0625,0.125,29.875,-29.75,-18.75,-0.3962460458278656,-0.004760812036693096,0.007141217589378357,-0.9181042313575745,894,4680
0,0.07999999821186066,-0.09000000357627869,9.739999771118164,0,0,0.125,29.875,-29.75,-18.75,-0.3962460458278656,-0.004760812036693096,0.007141217589378357,-0.9181042313575745,904,4681
0,0.07000000029802322,-0.07999999821186066,9.75,0,0.25,0,29.875,-29.75,-18.75,-0.3962460458278656,-0.004760812036693096,0.007141217589378357,-0.9181042313575745,914,4682
0,0.05999999865889549,-0.09000000357627869,9.729999542236328,-0.0625,0,0,29.875,-29.75,-18.75,-0.3962460458278656,-0.004760812036693096,0.007141217589378357,-0.9181042313575745,924,4683
0,0.05000000074505806,-0.07000000029802322,9.739999771118164,-0.0625,-0.25,-0.0625,29.875,-29.75,-18.75,-0.3962460458278656,-0.004760812036693096,0.007141217589378357,-0.9181042313575745,935,4684
0,0.03999999910593033,-0.07999999821186066,9.770000457763672,0.0625,-0.0625,0,29.1875,-25.6875,-19.5625,-0.3962460458278656,-0.004760812036693096,0.007141217589378357,-0.9181042313575745,944,4685
0,0.05999999865889549,-0.10000000149011612,9.739999771118164,-0.125,-0.125,-0.125,29.1875,-25.6875,-19.5625,-0.3962460458278656,-0.004760812036693096,0.007141217589378357,-0.9181042313575745,954,4686
0,0.05999999865889549,-0.07999999821186066,9.739999771118164,-0.0625,-0.0625,0.0625,29.1875,-25.6875,-19.5625,-0.3962460458278656,-0.004760812036693096,0.007141217589378357,-0.9181042313575745,964,4687
0,0.07999999821186066,-0.07000000029802322,9.760000228881836,-0.0625,0,0.0625,29.1875,-25.6875,-19.5625,-0.3962460458278656,-0.004760812036693096,0.007141217589378357,-0.9181042313575745,974,4688
0,0.07000000029802322,-0.07999999821186066,9.770000457763672,-0.0625,-0.1875,-0.0625,29.1875,-25.6875,-19.5625,-0.3962460458278656,-0.004760812036693096,0.007141217589378357,-0.9181042313575745,984,4689
0,0.05999999865889549,-0.07000000029802322,9.760000228881836,0,-0.125,0.0625,30.6875,-28.6875,-20.5,-0.3962460458278656,-0.004760812036693096,0.007141217589378357,-0.9181042313575745,994,4690
0,0.029999999329447746,-0.07000000029802322,9.739999771118164,0.0625,0,0.0625,30.6875,-28.6875,-20.5,-0.3962460458278656,-0.004760812036693096,0.007141217589378357,-0.9181042313575745,1004,4691
0,0.05000000074505806,-0.09000000357627869,9.770000457763672,0.0625,0.0625,-0.0625,30.6875,-28.6875,-20.5,-0.3962460458278656,-0.004760812036693096,0.007141217589378357,-0.9181042313575745,1014,4692
0,0.05999999865889549,-0.05999999865889549,9.75,-0.0625,0.0625,0,30.6875,-28.6875,-20.5,-0.3962460458278656,-0.004760812036693096,0.007141217589378357,-0.9181042313575745,1024,4693
0,0.07000000029802322,-0.07999999821186066,9.729999542236328,0.0625,-0.1875,0,30.6875,-28.6875,-20.5,-0.3962460458278656,-0.004760812036693096,0.007141217589378357,-0.9181042313575745,1034,4694
0,0.03999999910593033,-0.07999999821186066,9.770000457763672,0.125,-0.0625,-0.0625,29.1875,-31.25,-20.5,-0.3962460458278656,-0.004760812036693096,0.007141217589378357,-0.9181042313575745,1044,4695
0,0.05000000074505806,-0.10000000149011612,9.760000228881836,0,0.125,0.0625,29.1875,-31.25,-20.5,-0.3962460458278656,-0.004760812036693096,0.007141217589378357,-0.9181042313575745,1054,4696
0,0.03999999910593033,-0.07000000029802322,9.6899995803833,0.0625,0.0625,0.0625,29.1875,-31.25,-20.5,-0.3962460458278656,-0.004760812036693096,0.007141217589378357,-0.9181042313575745,1064,4697
0,0.05999999865889549,-0.07999999821186066,9.739999771118164,0.0625,0,0.0625,29.1875,-31.25,-20.5,-0.3962460458278656,-0.004760812036693096,0.007141217589378357,-0.9181042313575745,1074,4698
0,0.03999999910593033,-0.07999999821186066,9.739999771118164,0,-0.0625,0.125,29.1875,-31.25,-20.5,-0.3962460458278656,-0.004760812036693096,0.007141217589378357,-0.9181042313575745,1084,4699
0,0.07000000029802322,-0.07000000029802322,9.739999771118164,-0.0625,0.0625,-0.0625,30.6875,-30.875,-19.25,-0.3962460458278656,-0.004760812036693096,0.007141217589378357,-0.9181042313575745,1094,4700
0,0.05999999865889549,-0.05999999865889549,9.729999542236328,0.0625,-0.3125,0.0625,30.6875,-30.875,-19.25,-0.3962460458278656,-0.004760812036693096,0.007141217589378357,-0.9181042313575745,1104,4701
0,0.05000000074505806,-0.07999999821186066,9.729999542236328,0.0625,0.0625,0.125,30.6875,-30.875,-19.25,-0.3962460458278656,-0.004760812036693096,0.007141217589378357,-0.9181042313575745,1114,4702
0,0.05999999865889549,-0.07999999821186066,9.720000267028809,0,0,-0.125,30.6875,-30.875,-19.25,-0.3962460458278656,-0.004760812036693096,0.007141217589378357,-0.9181042313575745,1124,4703
0,0.05000000074505806,-0.05999999865889549,9.739999771118164,0,0,0.0625,30.6875,-30.875,-19.25,-0.3962460458278656,-0.004760812036693096,0.007141217589378357,-0.9181042313575745,1134,4704
0,0.05000000074505806,-0.07999999821186066,9.739999771118164,0.0625,0.0625,0,31,-30.5,-18.875,-0.3962460458278656,-0.004760812036693096,0.007141217589378357,-0.9181042313575745,1144,4705
0,0.07000000029802322,-0.07999999821186066,9.739999771118164,0.125,-0.1875,0.0625,31,-30.5,-18.875,-0.3962460458278656,-0.004760812036693096,0.007141217589378357,-0.9181042313575745,1154,4706
0,0.07000000029802322,-0.07999999821186066,9.729999542236328,-0.0625,0.0625,0.0625,31,-30.5,-18.875,-0.3962460458278656,-0.004760812036693096,0.007141217589378357,-0.9181042313575745,1164,4707
0,0.05999999865889549,-0.07999999821186066,9.729999542236328,-0.0625,0,0.0625,31,-30.5,-18.875,-0.3962460458278656,-0.004760812036693096,0.007141217589378357,-0.9181042313575745,1174,4708
0,0.05000000074505806,-0.05000000074505806,9.710000038146973,0.0625,0,0.0625,31,-30.5,-18.875,-0.3962460458278656,-0.004760812036693096,0.007141217589378357,-0.9181042313575745,1184,4709
0,0.05000000074505806,-0.07000000029802322,9.739999771118164,0,0.0625,0,30.6875,-30.875,-19.5625,-0.3962460458278656,-0.004760812036693096,0.007141217589378357,-0.9181042313575745,1194,4710
0,0.029999999329447746,-0.10000000149011612,9.739999771118164,0,-0.25,0.0625,30.6875,-30.875,-19.5625,-0.3962460458278656,-0.004760812036693096,0.007141217589378357,-0.9181042313575745,1204,4711
0,0.07999999821186066,-0.09000000357627869,9.729999542236328,0.125,-0.25,0.125,30.6875,-30.875,-19.5625,-0.3962460458278656,-0.004760812036693096,0.007141217589378357,-0.9181042313575745,1214,4712
0,0.05000000074505806,-0.07999999821186066,9.710000038146973,0.125,0,-0.125,30.6875,-30.875,-19.5625,-0.3962460458278656,-0.004760812036693096,0.007141217589378357,-0.9181042313575745,1224,4713
0,0.03999999910593033,-0.07999999821186066,9.760000228881836,0,-0.0625,0.0625,30.6875,-30.875,-19.5625,-0.3962460458278656,-0.004760812036693096,0.007141217589378357,-0.9181042313575745,1234,4714
0,0.05000000074505806,-0.09000000357627869,9.729999542236328,0,0,-0.0625,29.1875,-30.5,-20.0625,-0.3962460458278656,-0.004760812036693096,0.007141217589378357,-0.9181042313575745,1244,4715
0,0.05999999865889549,-0.10000000149011612,9.729999542236328,-0.0625,-0.125,0,29.1875,-30.5,-20.0625,-0.3962460458278656,-0.004760812036693096,0.007141217589378357,-0.9181042313575745,1254,4716
0,0.05999999865889549,-0.07999999821186066,9.710000038146973,0.0625,-0.0625,0.1875,29.1875,-30.5,-20.0625,-0.3962460458278656,-0.004760812036693096,0.007141217589378357,-0.9181042313575745,1264,4717
0,0.03999999910593033,-0.07999999821186066,9.720000267028809,0.0625,-0.0625,0,29.1875,-30.5,-20.0625,-0.3962460458278656,-0.004760812036693096,0.007141217589378357,-0.9181042313575745,1274,4718
0,0.05999999865889549,-0.09000000357627869,9.75,0.0625,-0.3125,0,29.1875,-30.5,-20.0625,-0.3962460458278656,-0.004760812036693096,0.007141217589378357,-0.9181042313575745,1284,4719
0,0.03999999910593033,-0.07000000029802322,9.760000228881836,0,0,0,30.25,-26,-18.875,-0.3962460458278656,-0.004760812036693096,0.007141217589378357,-0.9181042313575745,1294,4720
0,0.05000000074505806,-0.05999999865889549,9.739999771118164,0,0,0,30.25,-26,-18.875,-0.3962460458278656,-0.004760812036693096,0.007141217589378357,-0.9181042313575745,1304,4721
0,0.07000000029802322,-0.07999999821186066,9.729999542236328,0,0,0,30.25,-26,-18.875,-0.3962460458278656,-0.004760812036693096,0.007141217589378357,-0.9181042313575745,1314,4722
0,0.05000000074505806,-0.07999999821186066,9.729999542236328,-0.0625,0.1875,-0.0625,30.25,-26,-18.875,-0.3962460458278656,-0.004760812036693096,0.007141217589378357,-0.9181042313575745,1324,4723
0,0.05000000074505806,-0.07000000029802322,9.75,0.125,-0.1875,0.0625,30.25,-26,-18.875,-0.3962460458278656,-0.004760812036693096,0.007141217589378357,-0.9181042313575745,1334,4724
0,0.05999999865889549,-0.10000000149011612,9.739999771118164,0.0625,-0.125,0.0625,30.25,-28.6875,-19.5625,-0.3962460458278656,-0.004760812036693096,0.007141217589378357,-0.9181042313575745,1344,4725
0,0.05999999865889549,-0.07999999821186066,9.710000038146973,0.0625,0.0625,-0.0625,30.25,-28.6875,-19.5625,-0.3962460458278656,-0.004760812036693096,0.007141217589378357,-0.9181042313575745,1354,4726
0,0.03999999910593033,-0.09000000357627869,9.710000038146973,0.0625,0,0,30.25,-28.6875,-19.5625,-0.3962460458278656,-0.004760812036693096,0.007141217589378357,-0.9181042313575745,1364,4727
0,0.05999999865889549,-0.07999999821186066,9.729999542236328,0.0625,-0.0625,-0.0625,30.25,-28.6875,-19.5625,-0.3962460458278656,-0.004760812036693096,0.007141217589378357,-0.9181042313575745,1374,4728
0,0.07000000029802322,-0.10000000149011612,9.729999542236328,0.0625,0,0,30.25,-28.6875,-19.5625,-0.3962460458278656,-0.004760812036693096,0.007141217589378357,-0.9181042313575745,1384,4729
0,0.05999999865889549,-0.07999999821186066,9.739999771118164,0.0625,-0.125,0.0625,30.25,-28.6875,-19.25,-0.3962460458278656,-0.004760812036693096,0.007141217589378357,-0.9181042313575745,1394,4730
0,0.03999999910593033,-0.07000000029802322,9.729999542236328,-0.125,-0.0625,0.0625,30.25,-28.6875,-19.25,-0.3962460458278656,-0.004760812036693096,0.007141217589378357,-0.9181042313575745,1404,4731
0,0.05000000074505806,-0.05999999865889549,9.710000038146973,0.0625,0.0625,-0.0625,30.25,-28.6875,-19.25,-0.3962460458278656,-0.004760812036693096,0.007141217589378357,-0.9181042313575745,1414,4732
0,0.05999999865889549,-0.05999999865889549,9.6899995803833,0,0,0.0625,30.25,-28.6875,-19.25,-0.3962460458278656,-0.004760812036693096,0.007141217589378357,-0.9181042313575745,1424,4733
0,0.05000000074505806,-0.07000000029802322,9.75,0.0625,-0.1875,0.125,30.25,-28.6875,-19.25,-0.3962460458278656,-0.004760812036693096,0.007141217589378357,-0.9181042313575745,1434,4734
0,0.07999999821186066,-0.10000000149011612,9.729999542236328,0.25,-0.25,0.125,29.5,-29.375,-19.5625,-0.3962460458278656,-0.004760812036693096,0.007141217589378357,-0.9181042313575745,1444,4735
0,0.03999999910593033,-0.09000000357627869,9.729999542236328,0.0625,-0.1875,0,29.5,-29.375,-19.5625,-0.3962460458278656,-0.004760812036693096,0.007141217589378357,-0.9181042313575745,1454,4736
0,0.05999999865889549,-0.07000000029802322,9.710000038146973,0.0625,0,-0.0625,29.5,-29.375,-19.5625,-0.3962460458278656,-0.004760812036693096,0.007141217589378357,-0.9181042313575745,1464,4737
0,0.05000000074505806,-0.10000000149011612,9.729999542236328,-0.0625,0.125,0.0625,29.5,-29.375,-19.5625,-0.3962460458278656,-0.004760812036693096,0.007141217589378357,-0.9181042313575745,1474,4738
0,0.05999999865889549,-0.07999999821186066,9.739999771118164,-0.0625,0.125,-0.0625,29.5,-29.375,-19.5625,-0.3962460458278656,-0.004760812036693096,0.007141217589378357,-0.9181042313575745,1484,4739
0,0.03999999910593033,-0.10000000149011612,9.760000228881836,0,-0.125,0.0625,29.875,-27.5,-19.25,-0.3962460458278656,-0.004760812036693096,0.007141217589378357,-0.9181042313575745,1494,4740
0,0.03999999910593033,-0.07000000029802322,9.729999542236328,0.125,-0.1875,0,29.875,-27.5,-19.25,-0.3962460458278656,-0.004760812036693096,0.007141217589378357,-0.9181042313575745,1504,4741
0,0.03999999910593033,-0.09000000357627869,9.710000038146973,0,-0.1875,0.0625,29.875,-27.5,-19.25,-0.3962460458278656,-0.004760812036693096,0.007141217589378357,-0.9181042313575745,1514,4742
0,0.05000000074505806,-0.10000000149011612,9.739999771118164,0.125,0,-0.0625,29.875,-27.5,-19.25,-0.3962460458278656,-0.004760812036693096,0.007141217589378357,-0.9181042313575745,1524,4743
0,0.07000000029802322,-0.07000000029802322,9.779999732971191,-0.0625,-0.0625,-0.0625,29.875,-27.5,-19.25,-0.3962460458278656,-0.004760812036693096,0.007141217589378357,-0.9181042313575745,1534,4744
0,0.03999999910593033,-0.07999999821186066,9.739999771118164,-0.0625,0.0625,0.125,30.25,-27.875,-19.5625,-0.3962460458278656,-0.004760812036693096,0.007141217589378357,-0.9181042313575745,1544,4745
0,0.03999999910593033,-0.07999999821186066,9.729999542236328,0.0625,0,-0.0625,30.25,-27.875,-19.5625,-0.3962460458278656,-0.004760812036693096,0.007141217589378357,-0.9181042313575745,1554,4746
0,0.03999999910593033,-0.07999999821186066,9.720000267028809,0.0625,0,0,30.25,-27.875,-19.5625,-0.3962460458278656,-0.004760812036693096,0.007141217589378357,-0.9181042313575745,1564,4747
0,0.05000000074505806,-0.10000000149011612,9.729999542236328,0.0625,-0.125,0,30.25,-27.875,-19.5625,-0.3962460458278656,-0.004760812036693096,0.007141217589378357,-0.9181042313575745,1574,4748
0,0.05999999865889549,-0.10000000149011612,9.729999542236328,0,-0.1875,0,30.25,-27.875,-19.5625,-0.3962460458278656,-0.004760812036693096,0.007141217589378357,-0.9181042313575745,1584,4749
0,0.05999999865889549,-0.07999999821186066,9.739999771118164,-0.0625,-0.0625,-0.0625,29.875,-29.375,-18.75,-0.3962460458278656,-0.004760812036693096,0.007141217589378357,-0.9181042313575745,1594,4750
0,0.05000000074505806,-0.09000000357627869,9.729999542236328,0,-0.125,0,29.875,-29.375,-18.75,-0.3962460458278656,-0.004760812036693096,0.007141217589378357,-0.9181042313575745,1604,4751
0,0.07000000029802322,-0.07999999821186066,9.710000038146973,-0.0625,-0.125,0.125,29.875,-29.375,-18.75,-0.3962460458278656,-0.004760812036693096,0.007141217589378357,-0.9181042313575745,1614,4752
0,0.05000000074505806,-0.07999999821186066,9.729999542236328,0,-0.1875,0.125,29.875,-29.375,-18.75,-0.3962460458278656,-0.004760812036693096,0.007141217589378357,-0.9181042313575745,1624,4753
0,0.07000000029802322,-0.07999999821186066,9.75,-0.0625,-0.3125,0.0625,29.875,-29.375,-18.75,-0.3962460458278656,-0.004760812036693096,0.007141217589378357,-0.9181042313575745,1634,4754
0,0.07000000029802322,-0.07999999821186066,9.770000457763672,0.125,0.125,0.0625,29.1875,-27.5,-18.0625,-0.3962460458278656,-0.004760812036693096,0.007141217589378357,-0.9181042313575745,1644,4755
0,0.05999999865889549,-0.09000000357627869,9.729999542236328,-0.125,-0.125,0.125,29.1875,-27.5,-18.0625,-0.3962460458278656,-0.004760812036693096,0.007141217589378357,-0.9181042313575745,1654,4756
0,0.05000000074505806,-0.07999999821186066,9.739999771118164,0,-0.125,0,29.1875,-27.5,-18.0625,-0.3962460458278656,-0.004760812036693096,0.007141217589378357,-0.9181042313575745,1664,4757
0,0.07999999821186066,-0.09000000357627869,9.729999542236328,0.0625,-0.0625,0.0625,29.1875,-27.5,-18.0625,-0.3962460458278656,-0.004760812036693096,0.007141217589378357,-0.9181042313575745,1674,4758
0,0.05999999865889549,-0.07000000029802322,9.729999542236328,0,-0.1875,0,29.1875,-27.5,-18.0625,-0.3962460458278656,-0.004760812036693096,0.007141217589378357,-0.9181042313575745,1684,4759
0,0.05000000074505806,-0.09000000357627869,9.75,0,0.0625,0,29.5,-15.5,-18.75,-0.3962460458278656,-0.004760812036693096,0.007141217589378357,-0.9181042313575745,1694,4760
0,0.07000000029802322,-0.07000000029802322,9.710000038146973,-0.0625,-0.125,-0.0625,29.5,-15.5,-18.75,-0.3962460458278656,-0.004760812036693096,0.007141217589378357,-0.9181042313575745,1704,4761
0,0.05999999865889549,-0.07000000029802322,9.739999771118164,-0.0625,0.125,0,29.5,-15.5,-18.75,-0.3962460458278656,-0.004760812036693096,0.007141217589378357,-0.9181042313575745,1714,4762
0,0.05000000074505806,-0.07999999821186066,9.710000038146973,0.1875,-0.1875,0.0625,29.5,-15.5,-18.75,-0.3962460458278656,-0.004760812036693096,0.007141217589378357,-0.9181042313575745,1724,4763
0,0.03999999910593033,-0.05999999865889549,9.739999771118164,0.0625,-0.0625,0.0625,29.5,-15.5,-18.75,-0.3962460458278656,-0.004760812036693096,0.007141217589378357,-0.9181042313575745,1734,4764
0,0.029999999329447746,-0.05999999865889549,9.770000457763672,0.0625,-0.125,0.0625,30.25,-30.1875,-20.5,-0.3962460458278656,-0.004760812036693096,0.007141217589378357,-0.9181042313575745,1744,4765
0,0.07000000029802322,-0.09000000357627869,9.729999542236328,0,-0.125,0.125,30.25,-30.1875,-20.5,-0.3962460458278656,-0.004760812036693096,0.007141217589378357,-0.9181042313575745,1754,4766
0,0.03999999910593033,-0.07999999821186066,9.729999542236328,0,-0.125,0.0625,30.25,-30.1875,-20.5,-0.3962460458278656,-0.004760812036693096,0.007141217589378357,-0.9181042313575745,1764,4767
0,0.03999999910593033,-0.07999999821186066,9.710000038146973,-0.0625,0,-0.125,30.25,-30.1875,-20.5,-0.3962460458278656,-0.004760812036693096,0.007141217589378357,-0.9181042313575745,1774,4768
0,0.05999999865889549,-0.07999999821186066,9.75,0.0625,0,0,30.25,-30.1875,-20.5,-0.3962460458278656,-0.004760812036693096,0.007141217589378357,-0.9181042313575745,1784,4769
0,0.05000000074505806,-0.10000000149011612,9.75,0.125,0,0.0625,31,-28.6875,-20.0625,-0.3962460458278656,-0.004760812036693096,0.007141217589378357,-0.9181042313575745,1794,4770
0,0.05999999865889549,-0.07000000029802322,9.710000038146973,-0.0625,0.0625,0.0625,31,-28.6875,-20.0625,-0.3962460458278656,-0.004760812036693096,0.007141217589378357,-0.9181042313575745,1804,4771
0,0.07000000029802322,-0.10000000149011612,9.729999542236328,0,0.0625,-0.0625,31,-28.6875,-20.0625,-0.3962460458278656,-0.004760812036693096,0.007141217589378357,-0.9181042313575745,1814,4772
0,0.05000000074505806,-0.09000000357627869,9.75,0,0,0.0625,31,-28.6875,-20.0625,-0.3962460458278656,-0.004760812036693096,0.007141217589378357,-0.9181042313575745,1824,4773
0,0.05999999865889549,-0.07999999821186066,9.729999542236328,0.1875,0.125,-0.0625,31,-28.6875,-20.0625,-0.3962460458278656,-0.004760812036693096,0.007141217589378357,-0.9181042313575745,1834,4774
0,0.05999999865889549,-0.07999999821186066,9.720000267028809,0,-0.125,0.0625,28.75,-30.1875,-18.875,-0.3962460458278656,-0.004760812036693096,0.007141217589378357,-0.9181042313575745,1844,4775
0,0.029999999329447746,-0.07000000029802322,9.75,0,0,0.0625,28.75,-30.1875,-18.875,-0.3962460458278656,-0.004760812036693096,0.007141217589378357,-0.9181042313575745,1854,4776
0,0.07000000029802322,-0.09000000357627869,9.720000267028809,0,0.125,-0.0625,28.75,-30.1875,-18.875,-0.3962460458278656,-0.004760812036693096,0.007141217589378357,-0.9181042313575745,1864,4777
0,0.05000000074505806,-0.07999999821186066,9.729999542236328,-0.0625,-0.125,0,28.75,-30.1875,-18.875,-0.3962460458278656,-0.004760812036693096,0.007141217589378357,-0.9181042313575745,1874,4778
0,0.05000000074505806,-0.07000000029802322,9.760000228881836,-0.0625,0.125,0.0625,28.75,-30.1875,-18.875,-0.3962460458278656,-0.004760812036693096,0.007141217589378357,-0.9181042313575745,1884,4779
0,0.03999999910593033,-0.05000000074505806,9.739999771118164,0,0.125,0.0625,30.6875,-29,-20.0625,-0.3962460458278656,-0.004760812036693096,0.007141217589378357,-0.9181042313575745,1894,4780
0,0.05999999865889549,-0.07999999821186066,9.739999771118164,0,-0.0625,0.0625,30.6875,-29,-20.0625,-0.3962460458278656,-0.004760812036693096,0.007141217589378357,-0.9181042313575745,1904,4781
0,0.05999999865889549,-0.07999999821186066,9.710000038146973,0.0625,-0.125,0.0625,30.6875,-29,-20.0625,-0.3962460458278656,-0.004760812036693096,0.007141217589378357,-0.9181042313575745,1914,4782
0,0.03999999910593033,-0.09000000357627869,9.739999771118164,0.0625,-0.125,0.0625,30.6875,-29,-20.0625,-0.3962460458278656,-0.004760812036693096,0.007141217589378357,-0.9181042313575745,1924,4783
0,0.03999999910593033,-0.07000000029802322,9.729999542236328,0.0625,-0.125,0.125,30.6875,-29,-20.0625,-0.3962460458278656,-0.004760812036693096,0.007141217589378357,-0.9181042313575745,1934,4784
0,0.05999999865889549,-0.07999999821186066,9.75,-0.0625,0.0625,0,29.1875,-30.875,-19.25,-0.3962460458278656,-0.004760812036693096,0.007141217589378357,-0.9181042313575745,1944,4785
0,0.03999999910593033,-0.07000000029802322,9.729999542236328,-0.0625,-0.0625,0.0625,29.1875,-30.875,-19.25,-0.3962460458278656,-0.004760812036693096,0.007141217589378357,-0.9181042313575745,1954,4786
0,0.05000000074505806,-0.09000000357627869,9.720000267028809,-0.0625,0.125,-0.0625,29.1875,-30.875,-19.25,-0.3962460458278656,-0.004760812036693096,0.007141217589378357,-0.9181042313575745,1964,4787
0,0.05000000074505806,-0.07999999821186066,9.729999542236328,0,0.125,0.0625,29.1875,-30.875,-19.25,-0.3962460458278656,-0.004760812036693096,0.007141217589378357,-0.9181042313575745,1974,4788
0,0.05999999865889549,-0.07000000029802322,9.760000228881836,0.125,0,0.0625,29.1875,-30.875,-19.25,-0.3962460458278656,-0.004760812036693096,0.007141217589378357,-0.9181042313575745,1984,4789
0,0.07000000029802322,-0.07999999821186066,9.720000267028809,0,-0.125,0.0625,29.875,-29.375,-20.0625,-0.3962460458278656,-0.004760812036693096,0.007141217589378357,-0.9181042313575745,1994,4790
0,0.05000000074505806,-0.10000000149011612,9.739999771118164,0,0.0625,-0.0625,29.875,-29.375,-20.0625,-0.3962460458278656,-0.004760812036693096,0.007141217589378357,-0.9181042313575745,2004,4791
0,0.05000000074505806,-0.07000000029802322,9.739999771118164,0.125,-0.1875,0.125,29.875,-29.375,-20.0625,-0.3962460458278656,-0.004760812036693096,0.007141217589378357,-0.9181042313575745,2014,4792
0,0.05999999865889549,-0.07999999821186066,9.710000038146973,0,-0.0625,0.125,29.875,-29.375,-20.0625,-0.3962460458278656,-0.004760812036693096,0.007141217589378357,-0.9181042313575745,2024,4793
0,0.03999999910593033,-0.09000000357627869,9.720000267028809,0.0625,-0.0625,0.0625,29.875,-29.375,-20.0625,-0.3962460458278656,-0.004760812036693096,0.007141217589378357,-0.9181042313575745,2034,4794
0,0.03999999910593033,-0.10000000149011612,9.739999771118164,0,-0.1875,0.0625,30.25,-30.1875,-19.5625,-0.3962460458278656,-0.004760812036693096,0.007141217589378357,-0.9181042313575745,2044,4795
0,0.05000000074505806,-0.07999999821186066,9.729999542236328,-0.0625,0,0.0625,30.25,-30.1875,-19.5625,-0.3962460458278656,-0.004760812036693096,0.007141217589378357,-0.9181042313575745,2054,4796
0,0.05999999865889549,-0.07999999821186066,9.720000267028809,0,-0.1875,0,30.25,-30.1875,-19.5625,-0.3962460458278656,-0.004760812036693096,0.007141217589378357,-0.9181042313575745,2064,4797
0,0.05000000074505806,-0.07999999821186066,9.75,0.0625,-0.125,0,30.25,-30.1875,-19.5625,-0.3962460458278656,-0.004760812036693096,0.007141217589378357,-0.9181042313575745,2074,4798
0,0.05999999865889549,-0.07999999821186066,9.729999542236328,0.0625,0.0625,0,30.25,-30.1875,-19.5625,-0.3962460458278656,-0.004760812036693096,0.007141217589378357,-0.9181042313575745,2084,4799
0,0.05999999865889549,-0.09000000357627869,9.739999771118164,0,0.0625,-0.0625,29.875,-29,-20.0625,-0.3962460458278656,-0.004760812036693096,0.007141217589378357,-0.9181042313575745,2094,4800
0,0.05000000074505806,-0.09000000357627869,9.760000228881836,0,-0.0625,0.0625,29.875,-29,-20.0625,-0.3962460458278656,-0.004760812036693096,0.007141217589378357,-0.9181042313575745,2104,4801
0,0.05999999865889549,-0.07000000029802322,9.739999771118164,0,0,0.0625,29.875,-29,-20.0625,-0.3962460458278656,-0.004760812036693096,0.007141217589378357,-0.9181042313575745,2114,4802
0,0.05000000074505806,-0.09000000357627869,9.75,0,-0.0625,0,29.875,-29,-20.0625,-0.3962460458278656,-0.004760812036693096,0.007141217589378357,-0.9181042313575745,2124,4803
0,0.05999999865889549,-0.07999999821186066,9.739999771118164,0,-0.25,0.125,29.875,-29,-20.0625,-0.3962460458278656,-0.004760812036693096,0.007141217589378357,-0.9181042313575745,2134,4804
0,0.07000000029802322,-0.07000000029802322,9.75,0.1875,-0.125,0.0625,30.25,-25.6875,-19.5625,-0.3962460458278656,-0.004760812036693096,0.007141217589378357,-0.9181042313575745,2144,4805
0,0.029999999329447746,-0.10999999940395355,9.770000457763672,0.0625,0,0.1875,30.25,-25.6875,-19.5625,-0.3962460458278656,-0.004760812036693096,0.007141217589378357,-0.9181042313575745,2154,4806
0,0.05000000074505806,-0.10000000149011612,9.710000038146973,0.25,0.0625,0,30.25,-25.6875,-19.5625,-0.3962460458278656,-0.004760812036693096,0.007141217589378357,-0.9181042313575745,2164,4807
0,0.05999999865889549,-0.10999999940395355,9.760000228881836,0.0625,-0.0625,-0.0625,30.25,-25.6875,-19.5625,-0.3962460458278656,-0.004760812036693096,0.007141217589378357,-0.9181042313575745,2174,4808
0,0.03999999910593033,-0.07000000029802322,9.779999732971191,0,-0.125,-0.0625,30.25,-25.6875,-19.5625,-0.3962460458278656,-0.004760812036693096,0.007141217589378357,-0.9181042313575745,2184,4809
0,0.05999999865889549,-0.07999999821186066,9.75,-0.0625,-0.125,0,29.875,-28.25,-20.5,-0.3962460458278656,-0.004760812036693096,0.007141217589378357,-0.9181042313575745,2194,4810
0,0.07999999821186066,-0.07999999821186066,9.75,0.1875,-0.0625,0.0625,29.875,-28.25,-20.5,-0.3962460458278656,-0.004760812036693096,0.007141217589378357,-0.9181042313575745,2204,4811
0,0.03999999910593033,-0.07999999821186066,9.720000267028809,0.0625,-0.1875,0,29.875,-28.25,-20.5,-0.3962460458278656,-0.004760812036693096,0.007141217589378357,-0.9181042313575745,2214,4812
0,0.03999999910593033,-0.07999999821186066,9.739999771118164,0.125,-0.1875,0.0625,29.875,-28.25,-20.5,-0.3962460458278656,-0.004760812036693096,0.007141217589378357,-0.9181042313575745,2224,4813
0,0.05000000074505806,-0.07999999821186066,9.739999771118164,0.0625,-0.125,0.0625,29.875,-28.25,-20.5,-0.3962460458278656,-0.004760812036693096,0.007141217589378357,-0.9181042313575745,2234,4814
0,0.05999999865889549,-0.07999999821186066,9.739999771118164,0.0625,-0.125,0.0625,30.25,-28.6875,-18.875,-0.3962460458278656,-0.004760812036693096,0.007141217589378357,-0.9181042313575745,2244,4815
0,0.05000000074505806,-0.09000000357627869,9.75,0,-0.3125,0,30.25,-28.6875,-18.875,-0.3962460458278656,-0.004760812036693096,0.007141217589378357,-0.9181042313575745,2254,4816
0,0.05999999865889549,-0.09000000357627869,9.699999809265137,0.125,-0.125,0.125,30.25,-28.6875,-18.875,-0.3962460458278656,-0.004760812036693096,0.007141217589378357,-0.9181042313575745,2264,4817
0,0.05999999865889549,-0.07000000029802322,9.710000038146973,0.0625,0.0625,0.0625,30.25,-28.6875,-18.875,-0.3962460458278656,-0.004760812036693096,0.007141217589378357,-0.9181042313575745,2274,4818
0,0.05000000074505806,-0.07999999821186066,9.739999771118164,0,-0.0625,0.0625,30.25,-28.6875,-18.875,-0.3962460458278656,-0.004760812036693096,0.007141217589378357,-0.9181042313575745,2284,4819
0,0.05000000074505806,-0.09000000357627869,9.739999771118164,0,-0.0625,0.0625,29.5,-27.5,-19.25,-0.3962460458278656,-0.004760812036693096,0.007141217589378357,-0.9181042313575745,2294,4820
0,0.05999999865889549,-0.05999999865889549,9.739999771118164,0,-0.1875,-0.0625,29.5,-27.5,-19.25,-0.3962460458278656,-0.004760812036693096,0.007141217589378357,-0.9181042313575745,2304,4821
0,0.05999999865889549,-0.07000000029802322,9.760000228881836,0,0.0625,0,29.5,-27.5,-19.25,-0.3962460458278656,-0.004760812036693096,0.007141217589378357,-0.9181042313575745,2314,4822
0,0.05000000074505806,-0.07999999821186066,9.739999771118164,0.0625,0.125,0,29.5,-27.5,-19.25,-0.3962460458278656,-0.004760812036693096,0.007141217589378357,-0.9181042313575745,2324,4823
0,0.05000000074505806,-0.07000000029802322,9.75,0.0625,0,0.0625,29.5,-27.5,-19.25,-0.3962460458278656,-0.004760812036693096,0.007141217589378357,-0.9181042313575745,2334,4824
0,0.029999999329447746,-0.05999999865889549,9.739999771118164,-0.0625,-0.125,0.0625,29.5,-27.875,-18.5,-0.3962460458278656,-0.004760812036693096,0.007141217589378357,-0.9181042313575745,2344,4825
0,0.05999999865889549,-0.07999999821186066,9.710000038146973,0.125,-0.125,0,29.5,-27.875,-18.5,-0.3962460458278656,-0.004760812036693096,0.007141217589378357,-0.9181042313575745,2354,4826
0,0.05999999865889549,-0.09000000357627869,9.720000267028809,0.0625,0,0,29.5,-27.875,-18.5,-0.3962460458278656,-0.004760812036693096,0.007141217589378357,-0.9181042313575745,2364,4827
0,0.05000000074505806,-0.07000000029802322,9.739999771118164,0,0,0.0625,29.5,-27.875,-18.5,-0.3962460458278656,-0.004760812036693096,0.007141217589378357,-0.9181042313575745,2374,4828
0,0.05000000074505806,-0.07999999821186066,9.75,-0.0625,0,0.125,29.5,-27.875,-18.5,-0.3962460458278656,-0.004760812036693096,0.007141217589378357,-0.9181042313575745,2384,4829
0,0.05999999865889549,-0.09000000357627869,9.729999542236328,-0.0625,0,0,30.25,-28.6875,-19.5625,-0.3962460458278656,-0.004760812036693096,0.007141217589378357,-0.9181042313575745,2394,4830
0,0.03999999910593033,-0.07000000029802322,9.710000038146973,-0.0625,-0.125,0,30.25,-28.6875,-19.5625,-0.3962460458278656,-0.004760812036693096,0.007141217589378357,-0.9181042313575745,2404,4831
0,0.05999999865889549,-0.07999999821186066,9.729999542236328,0.125,0.125,0,30.25,-28.6875,-19.5625,-0.3962460458278656,-0.004760812036693096,0.007141217589378357,-0.9181042313575745,2414,4832
0,0.05000000074505806,-0.07999999821186066,9.720000267028809,0.125,0.125,0,30.25,-28.6875,-19.5625,-0.3962460458278656,-0.004760812036693096,0.007141217589378357,-0.9181042313575745,2424,4833
0,0.03999999910593033,-0.07999999821186066,9.729999542236328,-0.0625,0.0625,0,30.25,-28.6875,-19.5625,-0.3962460458278656,-0.004760812036693096,0.007141217589378357,-0.9181042313575745,2434,4834
0,0.03999999910593033,-0.09000000357627869,9.75,-0.125,-0.0625,-0.0625,29.875,-27.1875,-20.0625,-0.3962460458278656,-0.004760812036693096,0.007141217589378357,-0.9181042313575745,2444,4835
0,0.029999999329447746,-0.07999999821186066,9.720000267028809,-0.0625,0,0,29.875,-27.1875,-20.0625,-0.3962460458278656,-0.004760812036693096,0.007141217589378357,-0.9181042313575745,2454,4836
0,0.05000000074505806,-0.09000000357627869,9.720000267028809,-0.0625,-0.0625,0,29.875,-27.1875,-20.0625,-0.3962460458278656,-0.004760812036693096,0.007141217589378357,-0.9181042313575745,2464,4837
0,0.05000000074505806,-0.10000000149011612,9.710000038146973,-0.0625,0.0625,-0.0625,29.875,-27.1875,-20.0625,-0.3962460458278656,-0.004760812036693096,0.007141217589378357,-0.9181042313575745,2474,4838
0,0.03999999910593033,-0.07000000029802322,9.75,-0.0625,0.0625,-0.0625,29.875,-27.1875,-20.0625,-0.3962460458278656,-0.004760812036693096,0.007141217589378357,-0.9181042313575745,2484,4839
0,0.05999999865889549,-0.05999999865889549,9.729999542236328,0,0.125,0.125,29.875,-29.375,-19.5625,-0.3962460458278656,-0.004760812036693096,0.007141217589378357,-0.9181042313575745,2494,4840
0,0.07000000029802322,-0.07000000029802322,9.760000228881836,-0.0625,0.125,0.0625,29.875,-29.375,-19.5625,-0.3962460458278656,-0.004760812036693096,0.007141217589378357,-0.9181042313575745,2504,4841
0,0.05999999865889549,-0.10000000149011612,9.720000267028809,0.0625,0.0625,0.0625,29.875,-29.375,-19.5625,-0.3962460458278656,-0.004760812036693096,0.007141217589378357,-0.9181042313575745,2514,4842
0,0.03999999910593033,-0.09000000357627869,9.729999542236328,0.0625,-0.0625,0,29.875,-29.375,-19.5625,-0.3962460458278656,-0.004760812036693096,0.007141217589378357,-0.9181042313575745,2524,4843
0,0.05000000074505806,-0.09000000357627869,9.75,0.125,-0.125,0,29.875,-29.375,-19.5625,-0.3962460458278656,-0.004760812036693096,0.007141217589378357,-0.9181042313575745,2534,4844
0,0.05000000074505806,-0.07999999821186066,9.760000228881836,0.0625,-0.125,0,29.5,-29,-19.25,-0.3962460458278656,-0.004760812036693096,0.007141217589378357,-0.9181042313575745,2545,4845
0,0.029999999329447746,-0.07000000029802322,9.729999542236328,0.0625,-0.0625,0.0625,29.5,-29,-19.25,-0.3962460458278656,-0.004760812036693096,0.007141217589378357,-0.9181042313575745,2555,4846
0,0.07000000029802322,-0.07000000029802322,9.710000038146973,0.0625,-0.1875,0,29.5,-29,-19.25,-0.3962460458278656,-0.004760812036693096,0.007141217589378357,-0.9181042313575745,2565,4847
0,0.05000000074505806,-0.07000000029802322,9.729999542236328,0.1875,-0.0625,0.0625,29.5,-29,-19.25,-0.3962460458278656,-0.004760812036693096,0.007141217589378357,-0.9181042313575745,2574,4848
0,0.05000000074505806,-0.05999999865889549,9.739999771118164,-0.0625,-0.0625,-0.0625,29.5,-29,-19.25,-0.3962460458278656,-0.004760812036693096,0.007141217589378357,-0.9181042313575745,2584,4849
0,0.03999999910593033,-0.07000000029802322,9.729999542236328,0,0,0,30.6875,-28.6875,-19.5625,-0.3962460458278656,-0.004760812036693096,0.007141217589378357,-0.9181042313575745,2595,4850
0,0.05999999865889549,-0.05999999865889549,9.760000228881836,0,-0.0625,0.125,30.6875,-28.6875,-19.5625,-0.3962460458278656,-0.004760812036693096,0.007141217589378357,-0.9181042313575745,2605,4851
0,0.05000000074505806,-0.05999999865889549,9.720000267028809,0,-0.0625,0,30.6875,-28.6875,-19.5625,-0.3962460458278656,-0.004760812036693096,0.007141217589378357,-0.9181042313575745,2615,4852
0,0.03999999910593033,-0.07999999821186066,9.729999542236328,0,-0.125,0,30.6875,-28.6875,-19.5625,-0.3962460458278656,-0.004760812036693096,0.007141217589378357,-0.9181042313575745,2625,4853
0,0.03999999910593033,-0.07000000029802322,9.739999771118164,0.0625,0,0,30.6875,-28.6875,-19.5625,-0.3962460458278656,-0.004760812036693096,0.007141217589378357,-0.9181042313575745,2634,4854
0,0.05000000074505806,-0.07000000029802322,9.720000267028809,0,0.125,0,29.5,-27.875,-19.25,-0.3962460458278656,-0.004760812036693096,0.007141217589378357,-0.9181042313575745,2645,4855
0,0.05000000074505806,-0.09000000357627869,9.729999542236328,0.0625,0.0625,0,29.5,-27.875,-19.25,-0.3962460458278656,-0.004760812036693096,0.007141217589378357,-0.9181042313575745,2655,4856
0,0.05000000074505806,-0.07000000029802322,9.729999542236328,0.0625,0,0.0625,29.5,-27.875,-19.25,-0.3962460458278656,-0.004760812036693096,0.007141217589378357,-0.9181042313575745,2665,4857
0,0.029999999329447746,-0.07000000029802322,9.720000267028809,0,0,0.0625,29.5,-27.875,-19.25,-0.3962460458278656,-0.004760812036693096,0.007141217589378357,-0.9181042313575745,2674,4858
0,0.05000000074505806,-0.07999999821186066,9.739999771118164,0.125,0,-0.0625,29.5,-27.875,-19.25,-0.3962460458278656,-0.004760812036693096,0.007141217589378357,-0.9181042313575745,2684,4859
0,0.05000000074505806,-0.09000000357627869,9.720000267028809,-0.0625,0.0625,0,29.5,-28.6875,-19.5625,-0.3962460458278656,-0.004760812036693096,0.007141217589378357,-0.9181042313575745,2695,4860
0,0.03999999910593033,-0.07000000029802322,9.75,0,0.125,0,29.5,-28.6875,-19.5625,-0.3962460458278656,-0.004760812036693096,0.007141217589378357,-0.9181042313575745,2705,4861
0,0.05999999865889549,-0.10000000149011612,9.710000038146973,0.0625,-0.125,0,29.5,-28.6875,-19.5625,-0.3962460458278656,-0.004760812036693096,0.007141217589378357,-0.9181042313575745,2715,4862
0,0.05000000074505806,-0.05000000074505806,9.760000228881836,0.125,0,0,29.5,-28.6875,-19.5625,-0.3962460458278656,-0.004760812036693096,0.007141217589378357,-0.9181042313575745,2725,4863
0,0.05000000074505806,-0.07999999821186066,9.729999542236328,-0.0625,-0.125,-0.125,29.5,-28.6875,-19.5625,-0.3962460458278656,-0.004760812036693096,0.007141217589378357,-0.9181042313575745,2734,4864
0,0.029999999329447746,-0.07999999821186066,9.739999771118164,0.0625,0,0,29.1875,-29.375,-19.25,-0.3962460458278656,-0.004760812036693096,0.007141217589378357,-0.9181042313575745,2745,4865
0,0.05999999865889549,-0.09000000357627869,9.739999771118164,0,0,0,29.1875,-29.375,-19.25,-0.3962460458278656,-0.004760812036693096,0.007141217589378357,-0.9181042313575745,2755,4866
0,0.03999999910593033,-0.07000000029802322,9.710000038146973,0.1875,-0.125,0,29.1875,-29.375,-19.25,-0.3962460458278656,-0.004760812036693096,0.007141217589378357,-0.9181042313575745,2765,4867
0,0.029999999329447746,-0.09000000357627869,9.720000267028809,-0.0625,-0.1875,0.125,29.1875,-29.375,-19.25,-0.3962460458278656,-0.004760812036693096,0.007141217589378357,-0.9181042313575745,2774,4868
0,0.05999999865889549,-0.07000000029802322,9.720000267028809,0.125,-0.125,0.125,29.1875,-29.375,-19.25,-0.3962460458278656,-0.004760812036693096,0.007141217589378357,-0.9181042313575745,2784,4869
0,0.03999999910593033,-0.05999999865889549,9.710000038146973,0.125,-0.3125,0.0625,30.25,-29.75,-20.0625,-0.3962460458278656,-0.004760812036693096,0.007141217589378357,-0.9181042313575745,2795,4870
0,0.05000000074505806,-0.07999999821186066,9.720000267028809,0.125,0.0625,0,30.25,-29.75,-20.0625,-0.3962460458278656,-0.004760812036693096,0.007141217589378357,-0.9181042313575745,2805,4871
0,0.029999999329447746,-0.10000000149011612,9.729999542236328,0.0625,-0.125,0.0625,30.25,-29.75,-20.0625,-0.3962460458278656,-0.004760812036693096,0.007141217589378357,-0.9181042313575745,2815,4872
0,0.07000000029802322,-0.09000000357627869,9.739999771118164,0,0,0,30.25,-29.75,-20.0625,-0.3962460458278656,-0.004760812036693096,0.007141217589378357,-0.9181042313575745,2825,4873
0,0.05000000074505806,-0.10000000149011612,9.720000267028809,0,0.0625,0.0625,30.25,-29.75,-20.0625,-0.3962460458278656,-0.004760812036693096,0.007141217589378357,-0.9181042313575745,2834,4874
0,0.05999999865889549,-0.05999999865889549,9.75,0.0625,-0.1875,0,29.875,-28.6875,-18.5,-0.3962460458278656,-0.004760812036693096,0.007141217589378357,-0.9181042313575745,2845,4875
0,0.03999999910593033,-0.05999999865889549,9.729999542236328,0.0625,0,0.125,29.875,-28.6875,-18.5,-0.3962460458278656,-0.004760812036693096,0.007141217589378357,-0.9181042313575745,2855,4876
0,0.05000000074505806,-0.07999999821186066,9.6899995803833,-0.0625,-0.125,0,29.875,-28.6875,-18.5,-0.3962460458278656,-0.004760812036693096,0.007141217589378357,-0.9181042313575745,2865,4877
0,0.07000000029802322,-0.07000000029802322,9.729999542236328,0,0,0.0625,29.875,-28.6875,-18.5,-0.3962460458278656,-0.004760812036693096,0.007141217589378357,-0.9181042313575745,2874,4878
0,0.05000000074505806,-0.07999999821186066,9.770000457763672,0,0.0625,0,29.875,-28.6875,-18.5,-0.3962460458278656,-0.004760812036693096,0.007141217589378357,-0.9181042313575745,2884,4879
0,0.05999999865889549,-0.09000000357627869,9.75,0.0625,0,0,29.875,-28.6875,-18.875,-0.3962460458278656,-0.004760812036693096,0.007141217589378357,-0.9181042313575745,2895,4880
0,0.05000000074505806,-0.07999999821186066,9.739999771118164,0.125,-0.125,-0.0625,29.875,-28.6875,-18.875,-0.3962460458278656,-0.004760812036693096,0.007141217589378357,-0.9181042313575745,2905,4881
0,0.029999999329447746,-0.10000000149011612,9.739999771118164,0,0.125,0,29.875,-28.6875,-18.875,-0.3962460458278656,-0.004760812036693096,0.007141217589378357,-0.9181042313575745,2915,4882
0,0.05000000074505806,-0.07999999821186066,9.720000267028809,0,0.125,-0.125,29.875,-28.6875,-18.875,-0.3962460458278656,-0.004760812036693096,0.007141217589378357,-0.9181042313575745,2925,4883
0,0.05999999865889549,-0.10000000149011612,9.739999771118164,0,0.0625,0,29.875,-28.6875,-18.875,-0.3962460458278656,-0.004760812036693096,0.007141217589378357,-0.9181042313575745,2934,4884
0,0.03999999910593033,-0.05999999865889549,9.729999542236328,0,-0.1875,0.0625,29.5,-18.5,-20.5,-0.3962460458278656,-0.004760812036693096,0.007141217589378357,-0.9181042313575745,2945,4885
0,0.05999999865889549,-0.09000000357627869,9.739999771118164,0.0625,0.0625,0,29.5,-18.5,-20.5,-0.3962460458278656,-0.004760812036693096,0.007141217589378357,-0.9181042313575745,2955,4886
0,0.05999999865889549,-0.09000000357627869,9.729999542236328,-0.125,0,-0.0625,29.5,-18.5,-20.5,-0.3962460458278656,-0.004760812036693096,0.007141217589378357,-0.9181042313575745,2965,4887
0,0.05000000074505806,-0.07999999821186066,9.729999542236328,0.0625,-0.0625,-0.0625,29.5,-18.5,-20.5,-0.3962460458278656,-0.004760812036693096,0.007141217589378357,-0.9181042313575745,2975,4888
0,0.07999999821186066,-0.07000000029802322,9.739999771118164,0.0625,-0.1875,0.0625,29.5,-18.5,-20.5,-0.3962460458278656,-0.004760812036693096,0.007141217589378357,-0.9181042313575745,2984,4889
0,0.05999999865889549,-0.07999999821186066,9.739999771118164,0.0625,-0.125,0.125,30.25,-27.5,-19.5625,-0.3962460458278656,-0.004760812036693096,0.007141217589378357,-0.9181042313575745,2995,4890
0,0.05000000074505806,-0.09000000357627869,9.720000267028809,0,0.1875,0,30.25,-27.5,-19.5625,-0.3962460458278656,-0.004760812036693096,0.007141217589378357,-0.9181042313575745,3006,4891
0,0.03999999910593033,-0.07000000029802322,9.710000038146973,0,0.0625,0.0625,30.25,-27.5,-19.5625,-0.3962460458278656,-0.004760812036693096,0.007141217589378357,-0.9181042313575745,3015,4892
0,0.05000000074505806,-0.07000000029802322,9.720000267028809,0,0,0,30.25,-27.5,-19.5625,-0.3962460458278656,-0.004760812036693096,0.007141217589378357,-0.9181042313575745,3025,4893
0,0.05000000074505806,-0.09000000357627869,9.739999771118164,0,0,-0.0625,30.25,-27.5,-19.5625,-0.3962460458278656,-0.004760812036693096,0.007141217589378357,-0.9181042313575745,3034,4894
0,0.05000000074505806,-0.07999999821186066,9.75,0.0625,-0.1875,0.0625,30.6875,-27.5,-18.5,-0.3962460458278656,-0.004760812036693096,0.007141217589378357,-0.9181042313575745,3046,4895
0,0.05999999865889549,-0.09000000357627869,9.720000267028809,0.0625,-0.0625,0.0625,30.6875,-27.5,-18.5,-0.3962460458278656,-0.004760812036693096,0.007141217589378357,-0.9181042313575745,3056,4896
0,0.03999999910593033,-0.07999999821186066,9.729999542236328,0,0.1875,0,30.6875,-27.5,-18.5,-0.3962460458278656,-0.004760812036693096,0.007141217589378357,-0.9181042313575745,3066,4897
0,0.05000000074505806,-0.07999999821186066,9.739999771118164,0,0.0625,0,30.6875,-27.5,-18.5,-0.3962460458278656,-0.004760812036693096,0.007141217589378357,-0.9181042313575745,3075,4898
0,0.03999999910593033,-0.09000000357627869,9.710000038146973,0,0.0625,0,30.6875,-27.5,-18.5,-0.3962460458278656,-0.004760812036693096,0.007141217589378357,-0.9181042313575745,3084,4899
0,0.05999999865889549,-0.07999999821186066,9.739999771118164,-0.0625,-0.25,0,29.1875,-28.25,-19.25,-0.3962460458278656,-0.004760812036693096,0.007141217589378357,-0.9181042313575745,3096,4900
0,0.03999999910593033,-0.05999999865889549,9.710000038146973,-0.0625,-0.25,0,29.1875,-28.25,-19.25,-0.3962460458278656,-0.004760812036693096,0.007141217589378357,-0.9181042313575745,3106,4901
0,0.03999999910593033,-0.07999999821186066,9.75,0.0625,0.0625,0,29.1875,-28.25,-19.25,-0.3962460458278656,-0.004760812036693096,0.007141217589378357,-0.9181042313575745,3116,4902
0,0.03999999910593033,-0.07000000029802322,9.720000267028809,-0.125,0.125,-0.0625,29.1875,-28.25,-19.25,-0.3962460458278656,-0.004760812036693096,0.007141217589378357,-0.9181042313575745,3126,4903
0,0.05999999865889549,-0.07000000029802322,9.720000267028809,-0.125,0.0625,0.0625,29.1875,-28.25,-19.25,-0.3962460458278656,-0.004760812036693096,0.007141217589378357,-0.9181042313575745,3134,4904
0,0.05999999865889549,-0.07000000029802322,9.760000228881836,0,0,0,30.25,-28.6875,-18.75,-0.3962460458278656,-0.004760812036693096,0.007141217589378357,-0.9181042313575745,3146,4905
0,0.03999999910593033,-0.10000000149011612,9.760000228881836,-0.0625,0,-0.0625,30.25,-28.6875,-18.75,-0.3962460458278656,-0.004760812036693096,0.007141217589378357,-0.9181042313575745,3156,4906
0,0.07000000029802322,-0.09000000357627869,9.729999542236328,0.125,-0.125,0.0625,30.25,-28.6875,-18.75,-0.3962460458278656,-0.004760812036693096,0.007141217589378357,-0.9181042313575745,3166,4907
0,0.05000000074505806,-0.09000000357627869,9.720000267028809,-0.0625,-0.125,0.0625,30.25,-28.6875,-18.75,-0.3962460458278656,-0.004760812036693096,0.007141217589378357,-0.9181042313575745,3175,4908
0,0.05000000074505806,-0.07999999821186066,9.729999542236328,0.0625,-0.0625,0.0625,30.25,-28.6875,-18.75,-0.3962460458278656,-0.004760812036693096,0.007141217589378357,-0.9181042313575745,3184,4909
0,0.03999999910593033,-0.07000000029802322,9.729999542236328,0.125,-0.125,0,29.875,-27.875,-19.5625,-0.3962460458278656,-0.004760812036693096,0.007141217589378357,-0.9181042313575745,3196,4910
0,0.05000000074505806,-0.05999999865889549,9.729999542236328,0,0,0,29.875,-27.875,-19.5625,-0.3962460458278656,-0.004760812036693096,0.007141217589378357,-0.9181042313575745,3206,4911
0,0.03999999910593033,-0.09000000357627869,9.720000267028809,0.0625,0.0625,0.0625,29.875,-27.875,-19.5625,-0.3962460458278656,-0.004760812036693096,0.007141217589378357,-0.9181042313575745,3216,4912
0,0.05999999865889549,-0.07999999821186066,9.710000038146973,0.125,0.125,0.0625,29.875,-27.875,-19.5625,-0.3962460458278656,-0.004760812036693096,0.007141217589378357,-0.9181042313575745,3226,4913
0,0.05999999865889549,-0.07999999821186066,9.729999542236328,0,-0.1875,0.0625,29.875,-27.875,-19.5625,-0.3962460458278656,-0.004760812036693096,0.007141217589378357,-0.9181042313575745,3234,4914
0,0.05000000074505806,-0.09000000357627869,9.770000457763672,0.0625,0.0625,-0.0625,30.25,-25.25,-20.0625,-0.3962460458278656,-0.004760812036693096,0.007141217589378357,-0.9181042313575745,3246,4915
0,0.05000000074505806,-0.07999999821186066,9.739999771118164,0.1875,0.1875,0,30.25,-25.25,-20.0625,-0.3962460458278656,-0.004760812036693096,0.007141217589378357,-0.9181042313575745,3256,4916
0,0.05999999865889549,-0.07999999821186066,9.710000038146973,0.125,0,-0.0625,30.25,-25.25,-20.0625,-0.3962460458278656,-0.004760812036693096,0.007141217589378357,-0.9181042313575745,3266,4917
0,0.029999999329447746,-0.07999999821186066,9.729999542236328,-0.0625,0.25,-0.0625,30.25,-25.25,-20.0625,-0.3962460458278656,-0.004760812036693096,0.007141217589378357,-0.9181042313575745,3275,4918
0,0.07000000029802322,-0.07999999821186066,9.720000267028809,-0.0625,0.0625,-0.0625,30.25,-25.25,-20.0625,-0.3962460458278656,-0.004760812036693096,0.007141217589378357,-0.9181042313575745,3284,4919
0,0.05000000074505806,-0.07999999821186066,9.739999771118164,0,0.0625,-0.0625,30.25,-28.6875,-20.0625,-0.3962460458278656,-0.004760812036693096,0.007141217589378357,-0.9181042313575745,3296,4920
0,0.03999999910593033,-0.07000000029802322,9.739999771118164,-0.125,-0.0625,-0.0625,30.25,-28.6875,-20.0625,-0.3962460458278656,-0.004760812036693096,0.007141217589378357,-0.9181042313575745,3306,4921
0,0.05999999865889549,-0.07000000029802322,9.720000267028809,0.0625,0,-0.0625,30.25,-28.6875,-20.0625,-0.3962460458278656,-0.004760812036693096,0.007141217589378357,-0.9181042313575745,3316,4922
0,0.07000000029802322,-0.09000000357627869,9.710000038146973,0,-0.1875,0.125,30.25,-28.6875,-20.0625,-0.3962460458278656,-0.004760812036693096,0.007141217589378357,-0.9181042313575745,3326,4923
0,0.05999999865889549,-0.07000000029802322,9.710000038146973,-0.0625,0.1875,0,30.25,-28.6875,-20.0625,-0.3962460458278656,-0.004760812036693096,0.007141217589378357,-0.9181042313575745,3334,4924
0,0.07000000029802322,-0.07999999821186066,9.770000457763672,0.0625,0,0.0625,29.875,-28.6875,-19.25,-0.3962460458278656,-0.004760812036693096,0.007141217589378357,-0.9181042313575745,3346,4925
0,0.07000000029802322,-0.07000000029802322,9.729999542236328,-0.0625,-0.0625,0,29.875,-28.6875,-19.25,-0.3962460458278656,-0.004760812036693096,0.007141217589378357,-0.9181042313575745,3356,4926
0,0.05999999865889549,-0.05999999865889549,9.710000038146973,0.125,-0.125,0,29.875,-28.6875,-19.25,-0.3962460458278656,-0.004760812036693096,0.007141217589378357,-0.9181042313575745,3366,4927
0,0.03999999910593033,-0.07000000029802322,9.729999542236328,0,0.1875,-0.0625,29.875,-28.6875,-19.25,-0.3962460458278656,-0.004760812036693096,0.007141217589378357,-0.9181042313575745,3376,4928
0,0.07000000029802322,-0.07000000029802322,9.739999771118164,0.0625,0,0.1875,29.875,-28.6875,-19.25,-0.3962460458278656,-0.004760812036693096,0.007141217589378357,-0.9181042313575745,3384,4929
0,0.03999999910593033,-0.05000000074505806,9.75,-0.125,-0.0625,0,30.6875,-15.1875,-20.5,-0.3962460458278656,-0.004760812036693096,0.007141217589378357,-0.9181042313575745,3396,4930
0,0.05000000074505806,-0.05000000074505806,9.729999542236328,0,-0.0625,0,30.6875,-15.1875,-20.5,-0.3962460458278656,-0.004760812036693096,0.007141217589378357,-0.9181042313575745,3406,4931
0,0.05000000074505806,-0.09000000357627869,9.710000038146973,0.0625,-0.0625,0,30.6875,-15.1875,-20.5,-0.3962460458278656,-0.004760812036693096,0.007141217589378357,-0.9181042313575745,3416,4932
0,0.07000000029802322,-0.09000000357627869,9.739999771118164,0,-0.1875,-0.0625,30.6875,-15.1875,-20.5,-0.3962460458278656,-0.004760812036693096,0.007141217589378357,-0.9181042313575745,3427,4933
0,0.05000000074505806,-0.05999999865889549,9.770000457763672,0.125,-0.125,0.0625,30.6875,-15.1875,-20.5,-0.3962460458278656,-0.004760812036693096,0.007141217589378357,-0.9181042313575745,3434,4934
0,0.03999999910593033,-0.07999999821186066,9.739999771118164,0.0625,-0.125,0.125,28.75,-30.5,-19.25,-0.3962460458278656,-0.004760812036693096,0.007141217589378357,-0.9181042313575745,3447,4935
0,0.03999999910593033,-0.10000000149011612,9.729999542236328,-0.0625,0,-0.0625,28.75,-30.5,-19.25,-0.3962460458278656,-0.004760812036693096,0.007141217589378357,-0.9181042313575745,3457,4936
0,0.05999999865889549,-0.10000000149011612,9.729999542236328,0.125,0.0625,0.0625,28.75,-30.5,-19.25,-0.3962460458278656,-0.004760812036693096,0.007141217589378357,-0.9181042313575745,3467,4937
0,0.05999999865889549,-0.05999999865889549,9.760000228881836,0,-0.125,-0.0625,28.75,-30.5,-19.25,-0.3962460458278656,-0.004760812036693096,0.007141217589378357,-0.9181042313575745,3476,4938
0,0.03999999910593033,-0.09000000357627869,9.75,-0.0625,0.0625,0,28.75,-30.5,-19.25,-0.3962460458278656,-0.004760812036693096,0.007141217589378357,-0.9181042313575745,3484,4939
0,0.05000000074505806,-0.07999999821186066,9.729999542236328,0,0.0625,0.0625,30.6875,-24.1875,-19.25,-0.3962460458278656,-0.004760812036693096,0.007141217589378357,-0.9181042313575745,3497,4940
0,0.07999999821186066,-0.07999999821186066,9.720000267028809,0.0625,-0.125,0,30.6875,-24.1875,-19.25,-0.3962460458278656,-0.004760812036693096,0.007141217589378357,-0.9181042313575745,3507,4941
0,0.029999999329447746,-0.05999999865889549,9.720000267028809,0,-0.0625,-0.0625,30.6875,-24.1875,-19.25,-0.3962460458278656,-0.004760812036693096,0.007141217589378357,-0.9181042313575745,3517,4942
0,0.05000000074505806,-0.07000000029802322,9.720000267028809,0.125,0.125,0.0625,30.6875,-24.1875,-19.25,-0.3962460458278656,-0.004760812036693096,0.007141217589378357,-0.9181042313575745,3527,4943
0,0.05999999865889549,-0.09000000357627869,9.710000038146973,0,-0.125,-0.125,30.6875,-24.1875,-19.25,-0.3962460458278656,-0.004760812036693096,0.007141217589378357,-0.9181042313575745,3534,4944
0,0.05000000074505806,-0.05999999865889549,9.75,0.0625,-0.0625,0,30.6875,-29,-20.5,-0.3962460458278656,-0.004760812036693096,0.007141217589378357,-0.9181042313575745,3547,4945
0,0.03999999910593033,-0.09000000357627869,9.760000228881836,0,0.125,0.0625,30.6875,-29,-20.5,-0.3962460458278656,-0.004760812036693096,0.007141217589378357,-0.9181042313575745,3557,4946
0,0.07000000029802322,-0.07000000029802322,9.720000267028809,0.0625,0.1875,-0.0625,30.6875,-29,-20.5,-0.3962460458278656,-0.004760812036693096,0.007141217589378357,-0.9181042313575745,3567,4947
0,0.05000000074505806,-0.07999999821186066,9.710000038146973,0.0625,0.0625,0,30.6875,-29,-20.5,-0.3962460458278656,-0.004760812036693096,0.007141217589378357,-0.9181042313575745,3576,4948
0,0.05000000074505806,-0.09000000357627869,9.720000267028809,-0.0625,0.125,-0.0625,30.6875,-29,-20.5,-0.3962460458278656,-0.004760812036693096,0.007141217589378357,-0.9181042313575745,3584,4949
0,0.05000000074505806,-0.07000000029802322,9.720000267028809,0.0625,0,0,30.6875,-28.25,-18.875,-0.3962460458278656,-0.004760812036693096,0.007141217589378357,-0.9181042313575745,3597,4950
0,0.05999999865889549,-0.07000000029802322,9.739999771118164,0.125,-0.0625,0,30.6875,-28.25,-18.875,-0.3962460458278656,-0.004760812036693096,0.007141217589378357,-0.9181042313575745,3607,4951
0,0.05999999865889549,-0.09000000357627869,9.6899995803833,0.0625,0.125,-0.0625,30.6875,-28.25,-18.875,-0.3962460458278656,-0.004760812036693096,0.007141217589378357,-0.9181042313575745,3617,4952
0,0.03999999910593033,-0.09000000357627869,9.729999542236328,-0.0625,-0.0625,0,30.6875,-28.25,-18.875,-0.3962460458278656,-0.004760812036693096,0.007141217589378357,-0.9181042313575745,3627,4953
0,0.029999999329447746,-0.09000000357627869,9.739999771118164,0.125,-0.1875,0,30.6875,-28.25,-18.875,-0.3962460458278656,-0.004760812036693096,0.007141217589378357,-0.9181042313575745,3634,4954
0,0.05999999865889549,-0.07999999821186066,9.739999771118164,-0.0625,-0.0625,-0.125,29.875,-28.25,-19.5625,-0.3962460458278656,-0.004760812036693096,0.007141217589378357,-0.9181042313575745,3647,4955
0,0.07000000029802322,-0.09000000357627869,9.739999771118164,0.0625,-0.0625,0.0625,29.875,-28.25,-19.5625,-0.3962460458278656,-0.004760812036693096,0.007141217589378357,-0.9181042313575745,3657,4956
0,0.05999999865889549,-0.07999999821186066,9.699999809265137,0.0625,-0.0625,-0.0625,29.875,-28.25,-19.5625,-0.3962460458278656,-0.004760812036693096,0.007141217589378357,-0.9181042313575745,3667,4957
0,0.03999999910593033,-0.09000000357627869,9.720000267028809,0.1875,-0.0625,-0.0625,29.875,-28.25,-19.5625,-0.3962460458278656,-0.004760812036693096,0.007141217589378357,-0.9181042313575745,3676,4958
0,0.05999999865889549,-0.09000000357627869,9.75,-0.0625,0.0625,-0.0625,29.875,-28.25,-19.5625,-0.3962460458278656,-0.004760812036693096,0.007141217589378357,-0.9181042313575745,3684,4959
0,0.05999999865889549,-0.09000000357627869,9.739999771118164,0.0625,-0.0625,0,31,-18.875,-19.25,-0.3962460458278656,-0.004760812036693096,0.007141217589378357,-0.9181042313575745,3697,4960
0,0.05999999865889549,-0.09000000357627869,9.729999542236328,0,-0.125,0,31,-18.875,-19.25,-0.3962460458278656,-0.004760812036693096,0.007141217589378357,-0.9181042313575745,3707,4961
0,0.05000000074505806,-0.07999999821186066,9.729999542236328,0,0,-0.0625,31,-18.875,-19.25,-0.3962460458278656,-0.004760812036693096,0.007141217589378357,-0.9181042313575745,3717,4962
0,0.03999999910593033,-0.07999999821186066,9.729999542236328,0.0625,-0.125,-0.0625,31,-18.875,-19.25,-0.3962460458278656,-0.004760812036693096,0.007141217589378357,-0.9181042313575745,3727,4963
0,0.05000000074505806,-0.09000000357627869,9.729999542236328,-0.0625,0.125,0,31,-18.875,-19.25,-0.3962460458278656,-0.004760812036693096,0.007141217589378357,-0.9181042313575745,3734,4964
0,0.05000000074505806,-0.07999999821186066,9.739999771118164,0.0625,-0.1875,0.0625,29.875,-25.25,-19.25,-0.3962460458278656,-0.004760812036693096,0.007141217589378357,-0.9181042313575745,3747,4965
0,0.05000000074505806,-0.05999999865889549,9.75,0,0,0.0625,29.875,-25.25,-19.25,-0.3962460458278656,-0.004760812036693096,0.007141217589378357,-0.9181042313575745,3757,4966
0,0.03999999910593033,-0.07999999821186066,9.710000038146973,0.0625,-0.1875,0,29.875,-25.25,-19.25,-0.3962460458278656,-0.004760812036693096,0.007141217589378357,-0.9181042313575745,3767,4967
0,0.05000000074505806,-0.09000000357627869,9.710000038146973,0,0,0.0625,29.875,-25.25,-19.25,-0.3962460458278656,-0.004760812036693096,0.007141217589378357,-0.9181042313575745,3776,4968
0,0.05000000074505806,-0.09000000357627869,9.720000267028809,0.0625,-0.0625,0,29.875,-25.25,-19.25,-0.3962460458278656,-0.004760812036693096,0.007141217589378357,-0.9181042313575745,3784,4969
0,0.03999999910593033,-0.09000000357627869,9.729999542236328,0,-0.1875,0,29.875,-27.5,-20.5,-0.3962460458278656,-0.004760812036693096,0.007141217589378357,-0.9181042313575745,3797,4970
0,0.07000000029802322,-0.07000000029802322,9.75,0,-0.0625,0,29.875,-27.5,-20.5,-0.3962460458278656,-0.004760812036693096,0.007141217589378357,-0.9181042313575745,3807,4971
0,0.05999999865889549,-0.10000000149011612,9.720000267028809,0,0,-0.0625,29.875,-27.5,-20.5,-0.3962460458278656,-0.004760812036693096,0.007141217589378357,-0.9181042313575745,3817,4972
0,0.07000000029802322,-0.07999999821186066,9.729999542236328,0.0625,-0.0625,0,29.875,-27.5,-20.5,-0.3962460458278656,-0.004760812036693096,0.007141217589378357,-0.9181042313575745,3827,4973
0,0.05999999865889549,-0.07000000029802322,9.729999542236328,0.0625,0.0625,0,29.875,-27.5,-20.5,-0.3962460458278656,-0.004760812036693096,0.007141217589378357,-0.9181042313575745,3834,4974
0,0.05999999865889549,-0.07999999821186066,9.75,0.0625,0,0.0625,31.75,-16.25,-18.75,-0.3962460458278656,-0.004760812036693096,0.007141217589378357,-0.9181042313575745,3847,4975
0,0.05999999865889549,-0.09000000357627869,9.699999809265137,0,-0.0625,0,31.75,-16.25,-18.75,-0.3962460458278656,-0.004760812036693096,0.007141217589378357,-0.9181042313575745,3857,4976
0,0.05999999865889549,-0.07000000029802322,9.710000038146973,0.125,0.125,-0.0625,31.75,-16.25,-18.75,-0.3962460458278656,-0.004760812036693096,0.007141217589378357,-0.9181042313575745,3867,4977
0,0.05000000074505806,-0.07000000029802322,9.739999771118164,0,0.125,-0.0625,31.75,-16.25,-18.75,-0.3962460458278656,-0.004760812036693096,0.007141217589378357,-0.9181042313575745,3877,4978
0,0.03999999910593033,-0.07000000029802322,9.739999771118164,0.0625,-0.25,0,31.75,-16.25,-18.75,-0.3962460458278656,-0.004760812036693096,0.007141217589378357,-0.9181042313575745,3884,4979
0,0.05999999865889549,-0.09000000357627869,9.739999771118164,0.0625,-0.1875,0,29.875,-27.5,-19.25,-0.3962460458278656,-0.004760812036693096,0.007141217589378357,-0.9181042313575745,3897,4980
0,0.05000000074505806,-0.05999999865889549,9.739999771118164,0.0625,-0.1875,0,29.875,-27.5,-19.25,-0.3962460458278656,-0.004760812036693096,0.007141217589378357,-0.9181042313575745,3907,4981
0,0.05000000074505806,-0.09000000357627869,9.729999542236328,0,0.1875,0,29.875,-27.5,-19.25,-0.3962460458278656,-0.004760812036693096,0.007141217589378357,-0.9181042313575745,3917,4982
0,0.05000000074505806,-0.09000000357627869,9.720000267028809,-0.125,-0.125,0.0625,29.875,-27.5,-19.25,-0.3962460458278656,-0.004760812036693096,0.007141217589378357,-0.9181042313575745,3927,4983
0,0.05999999865889549,-0.07000000029802322,9.739999771118164,-0.125,-0.125,0.0625,29.875,-27.5,-19.25,-0.3962460458278656,-0.004760812036693096,0.007141217589378357,-0.9181042313575745,3934,4984
0,0.05999999865889549,-0.09000000357627869,9.729999542236328,-0.0625,0.125,0,30.25,-27.5,-19.25,-0.3962460458278656,-0.004760812036693096,0.007141217589378357,-0.9181042313575745,3947,4985
0,0.03999999910593033,-0.07999999821186066,9.75,0.0625,-0.1875,0.125,30.25,-27.5,-19.25,-0.3962460458278656,-0.004760812036693096,0.007141217589378357,-0.9181042313575745,3957,4986
0,0.05999999865889549,-0.09000000357627869,9.710000038146973,-0.0625,-0.25,-0.0625,30.25,-27.5,-19.25,-0.3962460458278656,-0.004760812036693096,0.007141217589378357,-0.9181042313575745,3967,4987
0,0.03999999910593033,-0.10000000149011612,9.710000038146973,-0.0625,-0.25,-0.0625,30.25,-27.5,-19.25,-0.3962460458278656,-0.004760812036693096,0.007141217589378357,-0.9181042313575745,3977,4988
0,0.05000000074505806,-0.07000000029802322,9.739999771118164,0.0625,0.0625,0,30.25,-27.5,-19.25,-0.3962460458278656,-0.004760812036693096,0.007141217589378357,-0.9181042313575745,3984,4989
0,0.05999999865889549,-0.07000000029802322,9.75,-0.0625,-0.0625,0.0625,29.875,-30.1875,-19.5625,-0.3962460458278656,-0.004760812036693096,0.007141217589378357,-0.9181042313575745,3997,4990
0,0.029999999329447746,-0.07000000029802322,9.760000228881836,-0.0625,0.0625,-0.0625,29.875,-30.1875,-19.5625,-0.3962460458278656,-0.004760812036693096,0.007141217589378357,-0.9181042313575745,4007,4991
0,0.05999999865889549,-0.07999999821186066,9.710000038146973,0,0,0,29.875,-30.1875,-19.5625,-0.3962460458278656,-0.004760812036693096,0.007141217589378357,-0.9181042313575745,4017,4992
0,0.07999999821186066,-0.07999999821186066,9.729999542236328,0,-0.0625,0.0625,29.875,-30.1875,-19.5625,-0.3962460458278656,-0.004760812036693096,0.007141217589378357,-0.9181042313575745,4027,4993
0,0.05000000074505806,-0.10000000149011612,9.729999542236328,0,-0.0625,0.0625,29.875,-30.1875,-19.5625,-0.3962460458278656,-0.004760812036693096,0.007141217589378357,-0.9181042313575745,4034,4994
0,0.05000000074505806,-0.09000000357627869,9.760000228881836,-0.0625,0,0,30.6875,-29.75,-19.5625,-0.3962460458278656,-0.004760812036693096,0.007141217589378357,-0.9181042313575745,4047,4995
0,0.07000000029802322,-0.07999999821186066,9.729999542236328,0.0625,-0.125,0.0625,30.6875,-29.75,-19.5625,-0.3962460458278656,-0.004760812036693096,0.007141217589378357,-0.9181042313575745,4057,4996
0,0.05999999865889549,-0.09000000357627869,9.699999809265137,0.0625,0.0625,0.0625,30.6875,-29.75,-19.5625,-0.3962460458278656,-0.004760812036693096,0.007141217589378357,-0.9181042313575745,4067,4997
0,0.05000000074505806,-0.10000000149011612,9.710000038146973,0.0625,0.0625,0.0625,30.6875,-29.75,-19.5625,-0.3962460458278656,-0.004760812036693096,0.007141217589378357,-0.9181042313575745,4077,4998
0,0.05999999865889549,-0.07000000029802322,9.75,0,0.1875,-0.0625,30.6875,-29.75,-19.5625,-0.3962460458278656,-0.004760812036693096,0.007141217589378357,-0.9181042313575745,4084,4999
0,0.05000000074505806,-0.09000000357627869,9.760000228881836,0,0.125,0,29.1875,-27.875,-19.5625,-0.3962460458278656,-0.004760812036693096,0.007141217589378357,-0.9181042313575745,4097,5000
0,0.03999999910593033,-0.05999999865889549,9.739999771118164,-0.0625,-0.125,0.0625,29.1875,-27.875,-19.5625,-0.3962460458278656,-0.004760812036693096,0.007141217589378357,-0.9181042313575745,4107,5001
0,0.07000000029802322,-0.07000000029802322,9.770000457763672,0,-0.1875,0,29.1875,-27.875,-19.5625,-0.3962460458278656,-0.004760812036693096,0.007141217589378357,-0.9181042313575745,4117,5002
0,0.05000000074505806,-0.07999999821186066,9.739999771118164,0,0.125,0,29.1875,-27.875,-19.5625,-0.3962460458278656,-0.004760812036693096,0.007141217589378357,-0.9181042313575745,4127,5003
0,0.03999999910593033,-0.09000000357627869,9.720000267028809,0,0.125,0,29.1875,-27.875,-19.5625,-0.3962460458278656,-0.004760812036693096,0.007141217589378357,-0.9181042313575745,4134,5004
0,0.03999999910593033,-0.09000000357627869,9.760000228881836,0.125,0,-0.0625,29.875,-30.1875,-19.25,-0.3962460458278656,-0.004760812036693096,0.007141217589378357,-0.9181042313575745,4147,5005
0,0.05000000074505806,-0.07999999821186066,9.739999771118164,-0.125,0,-0.0625,29.875,-30.1875,-19.25,-0.3962460458278656,-0.004760812036693096,0.007141217589378357,-0.9181042313575745,4157,5006
0,0.05999999865889549,-0.09000000357627869,9.720000267028809,-0.0625,-0.1875,0,29.875,-30.1875,-19.25,-0.3962460458278656,-0.004760812036693096,0.007141217589378357,-0.9181042313575745,4167,5007
0,0.05000000074505806,-0.09000000357627869,9.729999542236328,0.0625,-0.1875,0.0625,29.875,-30.1875,-19.25,-0.3962460458278656,-0.004760812036693096,0.007141217589378357,-0.9181042313575745,4177,5008
0,0.03999999910593033,-0.09000000357627869,9.720000267028809,0.0625,-0.1875,0.0625,29.875,-30.1875,-19.25,-0.3962460458278656,-0.004760812036693096,0.007141217589378357,-0.9181042313575745,4184,5009
0,0.03999999910593033,-0.10000000149011612,9.729999542236328,0,0.0625,-0.125,29.5,-31.6875,-18.875,-0.3962460458278656,-0.004760812036693096,0.007141217589378357,-0.9181042313575745,4197,5010
0,0.05000000074505806,-0.07999999821186066,9.739999771118164,-0.0625,0.0625,0.0625,29.5,-31.6875,-18.875,-0.3962460458278656,-0.004760812036693096,0.007141217589378357,-0.9181042313575745,4207,5011
0,0.07000000029802322,-0.07000000029802322,9.739999771118164,0,0,0.0625,29.5,-31.6875,-18.875,-0.3962460458278656,-0.004760812036693096,0.007141217589378357,-0.9181042313575745,4217,5012
0,0.029999999329447746,-0.07999999821186066,9.739999771118164,0.0625,-0.0625,0.0625,29.5,-31.6875,-18.875,-0.3962460458278656,-0.004760812036693096,0.007141217589378357,-0.9181042313575745,4227,5013
0,0.03999999910593033,-0.09000000357627869,9.720000267028809,0.0625,-0.0625,0.0625,29.5,-31.6875,-18.875,-0.3962460458278656,-0.004760812036693096,0.007141217589378357,-0.9181042313575745,4234,5014
0,0.05000000074505806,-0.09000000357627869,9.729999542236328,0,-0.125,0.0625,29.1875,-15.1875,-18.75,-0.3962460458278656,-0.004760812036693096,0.007141217589378357,-0.9181042313575745,4247,5015
0,0.03999999910593033,-0.10000000149011612,9.729999542236328,-0.0625,0,-0.125,29.1875,-15.1875,-18.75,-0.3962460458278656,-0.004760812036693096,0.007141217589378357,-0.9181042313575745,4257,5016
0,0.05999999865889549,-0.07000000029802322,9.729999542236328,0.0625,0.0625,-0.0625,29.1875,-15.1875,-18.75,-0.3962460458278656,-0.004760812036693096,0.007141217589378357,-0.9181042313575745,4267,5017
0,0.03999999910593033,-0.10000000149011612,9.720000267028809,0.125,-0.0625,0,29.1875,-15.1875,-18.75,-0.3962460458278656,-0.004760812036693096,0.007141217589378357,-0.9181042313575745,4277,5018
0,0.05000000074505806,-0.07000000029802322,9.720000267028809,0.125,-0.0625,0,29.1875,-15.1875,-18.75,-0.3962460458278656,-0.004760812036693096,0.007141217589378357,-0.9181042313575745,4285,5019
0,0.07000000029802322,-0.07000000029802322,9.720000267028809,0,-0.1875,0,30.6875,-29.75,-18.875,-0.3962460458278656,-0.004760812036693096,0.007141217589378357,-0.9181042313575745,4297,5020
0,0.07000000029802322,-0.07000000029802322,9.760000228881836,0.125,-0.0625,-0.0625,30.6875,-29.75,-18.875,-0.3962460458278656,-0.004760812036693096,0.007141217589378357,-0.9181042313575745,4307,5021
0,0.05999999865889549,-0.07999999821186066,9.729999542236328,0.0625,-0.125,0.0625,30.6875,-29.75,-18.875,-0.3962460458278656,-0.004760812036693096,0.007141217589378357,-0.9181042313575745,4317,5022
0,0.05999999865889549,-0.10000000149011612,9.739999771118164,-0.0625,0.0625,-0.0625,30.6875,-29.75,-18.875,-0.3962460458278656,-0.004760812036693096,0.007141217589378357,-0.9181042313575745,4327,5023
0,0.07000000029802322,-0.07000000029802322,9.720000267028809,-0.0625,0.0625,-0.0625,30.6875,-29.75,-18.875,-0.3962460458278656,-0.004760812036693096,0.007141217589378357,-0.9181042313575745,4335,5024
0,0.05000000074505806,-0.05000000074505806,9.720000267028809,0,0.125,0,30.6875,-29.375,-19.25,-0.3962460458278656,-0.004760812036693096,0.007141217589378357,-0.9181042313575745,4347,5025
0,0.05000000074505806,-0.07000000029802322,9.729999542236328,0,-0.125,0.0625,30.6875,-29.375,-19.25,-0.3962460458278656,-0.004760812036693096,0.007141217589378357,-0.9181042313575745,4357,5026
0,0.05000000074505806,-0.09000000357627869,9.760000228881836,-0.0625,-0.0625,0.0625,30.6875,-29.375,-19.25,-0.3962460458278656,-0.004760812036693096,0.007141217589378357,-0.9181042313575745,4367,5027
0,0.03999999910593033,-0.07000000029802322,9.729999542236328,0,-0.0625,0.0625,30.6875,-29.375,-19.25,-0.3962460458278656,-0.004760812036693096,0.007141217589378357,-0.9181042313575745,4377,5028
0,0.05999999865889549,-0.07000000029802322,9.760000228881836,0,-0.0625,0.0625,30.6875,-29.375,-19.25,-0.3962460458278656,-0.004760812036693096,0.007141217589378357,-0.9181042313575745,4385,5029
0,0.05000000074505806,-0.05000000074505806,9.739999771118164,0.125,-0.0625,0,29.875,-29,-19.25,-0.3962460458278656,-0.004760812036693096,0.007141217589378357,-0.9181042313575745,4397,5030
0,0.05000000074505806,-0.10000000149011612,9.710000038146973,0,-0.0625,0.125,29.875,-29,-19.25,-0.3962460458278656,-0.004760812036693096,0.007141217589378357,-0.9181042313575745,4407,5031
0,0.07000000029802322,-0.07999999821186066,9.729999542236328,0,-0.0625,0,29.875,-29,-19.25,-0.3962460458278656,-0.004760812036693096,0.007141217589378357,-0.9181042313575745,4417,5032
0,0.05000000074505806,-0.07000000029802322,9.710000038146973,-0.125,0.0625,-0.125,29.875,-29,-19.25,-0.3962460458278656,-0.004760812036693096,0.007141217589378357,-0.9181042313575745,4427,5033
0,0.05000000074505806,-0.07999999821186066,9.710000038146973,-0.125,0.0625,-0.125,29.875,-29,-19.25,-0.3962460458278656,-0.004760812036693096,0.007141217589378357,-0.9181042313575745,4435,5034
0,0.05000000074505806,-0.07999999821186066,9.729999542236328,0.0625,0.0625,0.0625,29.875,-26.75,-18.5,-0.3962460458278656,-0.004760812036693096,0.007141217589378357,-0.9181042313575745,4447,5035
0,0.03999999910593033,-0.05999999865889549,9.739999771118164,-0.0625,0.125,0,29.875,-26.75,-18.5,-0.3962460458278656,-0.004760812036693096,0.007141217589378357,-0.9181042313575745,4457,5036
0,0.029999999329447746,-0.09000000357627869,9.720000267028809,0.0625,-0.0625,0,29.875,-26.75,-18.5,-0.3962460458278656,-0.004760812036693096,0.007141217589378357,-0.9181042313575745,4467,5037
0,0.05000000074505806,-0.09000000357627869,9.739999771118164,0.0625,0.125,-0.0625,29.875,-26.75,-18.5,-0.3962460458278656,-0.004760812036693096,0.007141217589378357,-0.9181042313575745,4477,5038
0,0.03999999910593033,-0.07000000029802322,9.739999771118164,0.0625,0.125,-0.0625,29.875,-26.75,-18.5,-0.3962460458278656,-0.004760812036693096,0.007141217589378357,-0.9181042313575745,4485,5039
0,0.05999999865889549,-0.09000000357627869,9.760000228881836,-0.0625,0.125,0,30.25,-28.25,-18.75,-0.3962460458278656,-0.004760812036693096,0.007141217589378357,-0.9181042313575745,4497,5040
0,0.07000000029802322,-0.05999999865889549,9.720000267028809,-0.1875,-0.125,-0.0625,30.25,-28.25,-18.75,-0.3962460458278656,-0.004760812036693096,0.007141217589378357,-0.9181042313575745,4507,5041
0,0.05000000074505806,-0.09000000357627869,9.710000038146973,0.125,-0.125,0,30.25,-28.25,-18.75,-0.3962460458278656,-0.004760812036693096,0.007141217589378357,-0.9181042313575745,4517,5042
0,0.05000000074505806,-0.07999999821186066,9.729999542236328,0.0625,-0.25,0.0625,30.25,-28.25,-18.75,-0.3962460458278656,-0.004760812036693096,0.007141217589378357,-0.9181042313575745,4527,5043
0,0.03999999910593033,-0.05000000074505806,9.720000267028809,0.0625,-0.25,0.0625,30.25,-28.25,-18.75,-0.3962460458278656,-0.004760812036693096,0.007141217589378357,-0.9181042313575745,4535,5044
0,0.05999999865889549,-0.07999999821186066,9.710000038146973,0,-0.0625,0.0625,29.5,-30.5,-19.25,-0.3962460458278656,-0.004760812036693096,0.007141217589378357,-0.9181042313575745,4547,5045
0,0.05000000074505806,-0.05999999865889549,9.770000457763672,0,0,0.0625,29.5,-30.5,-19.25,-0.3962460458278656,-0.004760812036693096,0.007141217589378357,-0.9181042313575745,4557,5046
0,0.07000000029802322,-0.09000000357627869,9.699999809265137,-0.0625,-0.125,0,29.5,-30.5,-19.25,-0.3962460458278656,-0.004760812036693096,0.007141217589378357,-0.9181042313575745,4567,5047
0,0.07000000029802322,-0.09000000357627869,9.729999542236328,-0.0625,0.0625,0,29.5,-30.5,-19.25,-0.3962460458278656,-0.004760812036693096,0.007141217589378357,-0.9181042313575745,4577,5048
0,0.05999999865889549,-0.05999999865889549,9.720000267028809,-0.0625,0.0625,0,29.5,-30.5,-19.25,-0.3962460458278656,-0.004760812036693096,0.007141217589378357,-0.9181042313575745,4585,5049
0,0.03999999910593033,-0.07999999821186066,9.729999542236328,0.0625,-0.1875,0,30.25,-29.375,-19.5625,-0.3962460458278656,-0.004760812036693096,0.007141217589378357,-0.9181042313575745,4596,5050
0,0.05999999865889549,-0.05999999865889549,9.729999542236328,0.1875,-0.125,0.125,30.25,-29.375,-19.5625,-0.3962460458278656,-0.004760812036693096,0.007141217589378357,-0.9181042313575745,4607,5051
0,0.05999999865889549,-0.09000000357627869,9.720000267028809,0,-0.125,0,30.25,-29.375,-19.5625,-0.3962460458278656,-0.004760812036693096,0.007141217589378357,-0.9181042313575745,4617,5052
0,0.05000000074505806,-0.07000000029802322,9.770000457763672,0.0625,-0.1875,0,30.25,-29.375,-19.5625,-0.3962460458278656,-0.004760812036693096,0.007141217589378357,-0.9181042313575745,4627,5053
0,0.07000000029802322,-0.07000000029802322,9.720000267028809,0.0625,-0.1875,0,30.25,-29.375,-19.5625,-0.3962460458278656,-0.004760812036693096,0.007141217589378357,-0.9181042313575745,4635,5054
0,0.03999999910593033,-0.07999999821186066,9.75,-0.125,0.0625,0,29.875,-28.6875,-18.75,-0.3962460458278656,-0.004760812036693096,0.007141217589378357,-0.9181042313575745,4646,5055
0,0.05999999865889549,-0.07999999821186066,9.760000228881836,-0.0625,-0.125,-0.0625,29.875,-28.6875,-18.75,-0.3962460458278656,-0.004760812036693096,0.007141217589378357,-0.9181042313575745,4656,5056
0,0.05000000074505806,-0.09000000357627869,9.729999542236328,0.0625,-0.25,0,29.875,-28.6875,-18.75,-0.3962460458278656,-0.004760812036693096,0.007141217589378357,-0.9181042313575745,4666,5057
0,0.05000000074505806,-0.09000000357627869,9.739999771118164,0,0.125,0,29.875,-28.6875,-18.75,-0.3962460458278656,-0.004760812036693096,0.007141217589378357,-0.9181042313575745,4677,5058
0,0.05999999865889549,-0.09000000357627869,9.75,0,0.125,0,29.875,-28.6875,-18.75,-0.3962460458278656,-0.004760812036693096,0.007141217589378357,-0.9181042313575745,4685,5059
0,0.05999999865889549,-0.07000000029802322,9.739999771118164,0,-0.0625,0.125,30.6875,-19.25,-19.5625,-0.3962460458278656,-0.004760812036693096,0.007141217589378357,-0.9181042313575745,4696,5060
0,0.029999999329447746,-0.09000000357627869,9.739999771118164,0,0,0,30.6875,-19.25,-19.5625,-0.3962460458278656,-0.004760812036693096,0.007141217589378357,-0.9181042313575745,4706,5061
0,0.07000000029802322,-0.09000000357627869,9.720000267028809,-0.0625,0,0.0625,30.6875,-19.25,-19.5625,-0.3962460458278656,-0.004760812036693096,0.007141217589378357,-0.9181042313575745,4716,5062
0,0.05999999865889549,-0.07000000029802322,9.720000267028809,0,0,-0.125,30.6875,-19.25,-19.5625,-0.3962460458278656,-0.004760812036693096,0.007141217589378357,-0.9181042313575745,4727,5063
0,0.03999999910593033,-0.10000000149011612,9.75,0,0,-0.125,30.6875,-19.25,-19.5625,-0.3962460458278656,-0.004760812036693096,0.007141217589378357,-0.9181042313575745,4735,5064
0,0.03999999910593033,-0.09000000357627869,9.720000267028809,0.0625,0,0,29.5,-29.375,-18.0625,-0.3962460458278656,-0.004760812036693096,0.007141217589378357,-0.9181042313575745,4746,5065
0,0.05000000074505806,-0.09000000357627869,9.760000228881836,0.1875,0,0,29.5,-29.375,-18.0625,-0.3962460458278656,-0.004760812036693096,0.007141217589378357,-0.9181042313575745,4756,5066
0,0.07999999821186066,-0.05999999865889549,9.699999809265137,0,-0.0625,0.125,29.5,-29.375,-18.0625,-0.3962460458278656,-0.004760812036693096,0.007141217589378357,-0.9181042313575745,4766,5067
0,0.05000000074505806,-0.07999999821186066,9.75,0,0.125,0,29.5,-29.375,-18.0625,-0.3962460458278656,-0.004760812036693096,0.007141217589378357,-0.9181042313575745,4776,5068
0,0.05000000074505806,-0.07999999821186066,9.729999542236328,0,0.125,0,29.5,-29.375,-18.0625,-0.3962460458278656,-0.004760812036693096,0.007141217589378357,-0.9181042313575745,4785,5069
0,0.05999999865889549,-0.07000000029802322,9.710000038146973,0,0.0625,-0.0625,29.875,-30.1875,-18.5,-0.3962460458278656,-0.004760812036693096,0.007141217589378357,-0.9181042313575745,4796,5070
0,0.03999999910593033,-0.09000000357627869,9.75,0,0,0,29.875,-30.1875,-18.5,-0.3962460458278656,-0.004760812036693096,0.007141217589378357,-0.9181042313575745,4806,5071
0,0.03999999910593033,-0.09000000357627869,9.720000267028809,0,0.1875,0.125,29.875,-30.1875,-18.5,-0.3962460458278656,-0.004760812036693096,0.007141217589378357,-0.9181042313575745,4816,5072
0,0.05999999865889549,-0.09000000357627869,9.710000038146973,-0.0625,-0.0625,-0.0625,29.875,-30.1875,-18.5,-0.3962460458278656,-0.004760812036693096,0.007141217589378357,-0.9181042313575745,4826,5073
0,0.05999999865889549,-0.05999999865889549,9.75,-0.0625,-0.0625,-0.0625,29.875,-30.1875,-18.5,-0.3962460458278656,-0.004760812036693096,0.007141217589378357,-0.9181042313575745,4835,5074
0,0.029999999329447746,-0.07999999821186066,9.729999542236328,0.0625,-0.3125,0.125,29.875,-31.6875,-17.5625,-0.3962460458278656,-0.004760812036693096,0.007141217589378357,-0.9181042313575745,4846,5075
0,0.03999999910593033,-0.07000000029802322,9.729999542236328,-0.0625,0.0625,0.0625,29.875,-31.6875,-17.5625,-0.3962460458278656,-0.004760812036693096,0.007141217589378357,-0.9181042313575745,4856,5076
0,0.03999999910593033,-0.05999999865889549,9.699999809265137,0.0625,-0.0625,0,29.875,-31.6875,-17.5625,-0.3962460458278656,-0.004760812036693096,0.007141217589378357,-0.9181042313575745,4866,5077
0,0.05000000074505806,-0.09000000357627869,9.720000267028809,-0.125,0.0625,0,29.875,-31.6875,-17.5625,-0.3962460458278656,-0.004760812036693096,0.007141217589378357,-0.9181042313575745,4876,5078
0,0.07000000029802322,-0.10000000149011612,9.720000267028809,0,-0.0625,0.0625,29.875,-31.6875,-17.5625,-0.3962460458278656,-0.004760812036693096,0.007141217589378357,-0.9181042313575745,4885,5079
0,0.05000000074505806,-0.07999999821186066,9.720000267028809,0,-0.125,0.0625,30.25,-23,-18.0625,-0.3962460458278656,-0.004760812036693096,0.007141217589378357,-0.9181042313575745,4896,5080
0,0.03999999910593033,-0.10000000149011612,9.710000038146973,0.0625,0.0625,0.0625,30.25,-23,-18.0625,-0.3962460458278656,-0.004760812036693096,0.007141217589378357,-0.9181042313575745,4906,5081
0,0.05999999865889549,-0.07000000029802322,9.729999542236328,0,-0.0625,-0.0625,30.25,-23,-18.0625,-0.3962460458278656,-0.004760812036693096,0.007141217589378357,-0.9181042313575745,4916,5082
0,0.05000000074505806,-0.07999999821186066,9.729999542236328,0.0625,0.125,-0.0625,30.25,-23,-18.0625,-0.3962460458278656,-0.004760812036693096,0.007141217589378357,-0.9181042313575745,4926,5083
0,0.05000000074505806,-0.07000000029802322,9.720000267028809,0,-0.125,0,30.25,-23,-18.0625,-0.3962460458278656,-0.004760812036693096,0.007141217589378357,-0.9181042313575745,4935,5084
0,0.05000000074505806,-0.07999999821186066,9.760000228881836,0,-0.25,0.0625,30.25,-29.75,-18.875,-0.3962460458278656,-0.004760812036693096,0.007141217589378357,-0.9181042313575745,4946,5085
0,0.05999999865889549,-0.09000000357627869,9.720000267028809,0,-0.0625,0,30.25,-29.75,-18.875,-0.3962460458278656,-0.004760812036693096,0.007141217589378357,-0.9181042313575745,4956,5086
0,0.05999999865889549,-0.09000000357627869,9.710000038146973,0,0.0625,0,30.25,-29.75,-18.875,-0.3962460458278656,-0.004760812036693096,0.007141217589378357,-0.9181042313575745,4966,5087
0,0.05000000074505806,-0.07999999821186066,9.770000457763672,0,0.1875,0,30.25,-29.75,-18.875,-0.3962460458278656,-0.004760812036693096,0.007141217589378357,-0.9181042313575745,4976,5088
0,0.05000000074505806,-0.07999999821186066,9.729999542236328,0,0,-0.0625,30.25,-29.75,-18.875,-0.3962460458278656,-0.004760812036693096,0.007141217589378357,-0.9181042313575745,4985,5089
0,0.03999999910593033,-0.07999999821186066,9.739999771118164,-0.0625,-0.3125,0,30.6875,-24.1875,-18.5,-0.3962460458278656,-0.004760812036693096,0.007141217589378357,-0.9181042313575745,4996,5090
0,0.03999999910593033,-0.07999999821186066,9.739999771118164,0.0625,-0.0625,0.0625,30.6875,-24.1875,-18.5,-0.3962460458278656,-0.004760812036693096,0.007141217589378357,-0.9181042313575745,5006,5091
0,0.07000000029802322,-0.07000000029802322,9.729999542236328,0.0625,-0.125,0,30.6875,-24.1875,-18.5,-0.3962460458278656,-0.004760812036693096,0.007141217589378357,-0.9181042313575745,5016,5092
0,0.03999999910593033,-0.07000000029802322,9.720000267028809,0.0625,-0.0625,0.0625,30.6875,-24.1875,-18.5,-0.3962460458278656,-0.004760812036693096,0.007141217589378357,-0.9181042313575745,5026,5093
0,0.05999999865889549,-0.07000000029802322,9.760000228881836,0.0625,-0.125,-0.0625,30.6875,-24.1875,-18.5,-0.3962460458278656,-0.004760812036693096,0.007141217589378357,-0.9181042313575745,5035,5094
0,0.05999999865889549,-0.10000000149011612,9.729999542236328,0,-0.125,0.0625,30.25,-29,-18.5,-0.3962460458278656,-0.004760812036693096,0.007141217589378357,-0.9181042313575745,5046,5095
0,0.07000000029802322,-0.07000000029802322,9.710000038146973,0.0625,-0.0625,0.0625,30.25,-29,-18.5,-0.3962460458278656,-0.004760812036693096,0.007141217589378357,-0.9181042313575745,5056,5096
0,0.05999999865889549,-0.10000000149011612,9.720000267028809,0.125,0.125,0,30.25,-29,-18.5,-0.3962460458278656,-0.004760812036693096,0.007141217589378357,-0.9181042313575745,5066,5097
0,0.05999999865889549,-0.09000000357627869,9.729999542236328,0.125,-0.25,0.0625,30.25,-29,-18.5,-0.3962460458278656,-0.004760812036693096,0.007141217589378357,-0.9181042313575745,5076,5098
0,0.05000000074505806,-0.09000000357627869,9.739999771118164,0,-0.125,0.0625,30.25,-29,-18.5,-0.3962460458278656,-0.004760812036693096,0.007141217589378357,-0.9181042313575745,5085,5099
0,0.05000000074505806,-0.07999999821186066,9.739999771118164,0,-0.125,-0.0625,29.875,-28.6875,-20.5,-0.3962460458278656,-0.004760812036693096,0.007141217589378357,-0.9181042313575745,5096,5100
0,0.07000000029802322,-0.10000000149011612,9.710000038146973,-0.125,-0.125,0,29.875,-28.6875,-20.5,-0.3962460458278656,-0.004760812036693096,0.007141217589378357,-0.9181042313575745,5106,5101
0,0.05000000074505806,-0.07999999821186066,9.710000038146973,-0.0625,0,0,29.875,-28.6875,-20.5,-0.3962460458278656,-0.004760812036693096,0.007141217589378357,-0.9181042313575745,5116,5102
0,0.05999999865889549,-0.07999999821186066,9.739999771118164,0.0625,-0.125,0.125,29.875,-28.6875,-20.5,-0.3962460458278656,-0.004760812036693096,0.007141217589378357,-0.9181042313575745,5126,5103
0,0.05000000074505806,-0.07999999821186066,9.739999771118164,-0.1875,0,-0.0625,29.875,-28.6875,-20.5,-0.3962460458278656,-0.004760812036693096,0.007141217589378357,-0.9181042313575745,5135,5104
0,0.029999999329447746,-0.07999999821186066,9.760000228881836,-0.125,0,0,29.5,-29,-19.25,-0.3962460458278656,-0.004760812036693096,0.007141217589378357,-0.9181042313575745,5146,5105
0,0.07000000029802322,-0.09000000357627869,9.739999771118164,0,0.0625,0,29.5,-29,-19.25,-0.3962460458278656,-0.004760812036693096,0.007141217589378357,-0.9181042313575745,5156,5106
0,0.05999999865889549,-0.05999999865889549,9.710000038146973,0,-0.125,0.0625,29.5,-29,-19.25,-0.3962460458278656,-0.004760812036693096,0.007141217589378357,-0.9181042313575745,5166,5107
0,0.03999999910593033,-0.10000000149011612,9.710000038146973,0.125,-0.125,0,29.5,-29,-19.25,-0.3962460458278656,-0.004760812036693096,0.007141217589378357,-0.9181042313575745,5176,5108
0,0.03999999910593033,-0.09000000357627869,9.760000228881836,0.0625,0,0.0625,29.5,-29,-19.25,-0.3962460458278656,-0.004760812036693096,0.007141217589378357,-0.9181042313575745,5185,5109
0,0.03999999910593033,-0.07000000029802322,9.710000038146973,0,0.0625,0,29.5,-19.25,-18.5,-0.3962460458278656,-0.004760812036693096,0.007141217589378357,-0.9181042313575745,5196,5110
0,0.05999999865889549,-0.07000000029802322,9.710000038146973,0,0.0625,0,29.5,-19.25,-18.5,-0.3962460458278656,-0.004760812036693096,0.007141217589378357,-0.9181042313575745,5206,5111
0,0.03999999910593033,-0.07000000029802322,9.710000038146973,0.0625,-0.1875,0,29.5,-19.25,-18.5,-0.3962460458278656,-0.004760812036693096,0.007141217589378357,-0.9181042313575745,5216,5112
0,0.05000000074505806,-0.05999999865889549,9.729999542236328,0.0625,0,0,29.5,-19.25,-18.5,-0.3962460458278656,-0.004760812036693096,0.007141217589378357,-0.9181042313575745,5226,5113
0,0.05000000074505806,-0.07000000029802322,9.75,0,-0.0625,0.0625,29.5,-19.25,-18.5,-0.3962460458278656,-0.004760812036693096,0.007141217589378357,-0.9181042313575745,5235,5114
0,0.05000000074505806,-0.07999999821186066,9.739999771118164,0,0,0,29.5,-28.25,-20.0625,-0.3962460458278656,-0.004760812036693096,0.007141217589378357,-0.9181042313575745,5246,5115
0,0.05999999865889549,-0.07000000029802322,9.729999542236328,0.0625,-0.125,0,29.5,-28.25,-20.0625,-0.3962460458278656,-0.004760812036693096,0.007141217589378357,-0.9181042313575745,5256,5116
0,0.05000000074505806,-0.09000000357627869,9.729999542236328,0,-0.125,0.0625,29.5,-28.25,-20.0625,-0.3962460458278656,-0.004760812036693096,0.007141217589378357,-0.9181042313575745,5266,5117
0,0.03999999910593033,-0.07000000029802322,9.729999542236328,0.125,0.125,-0.0625,29.5,-28.25,-20.0625,-0.3962460458278656,-0.004760812036693096,0.007141217589378357,-0.9181042313575745,5276,5118
0,0.05000000074505806,-0.10000000149011612,9.739999771118164,0,0.125,0.0625,29.5,-28.25,-20.0625,-0.3962460458278656,-0.004760812036693096,0.007141217589378357,-0.9181042313575745,5285,5119
0,0.09000000357627869,-0.07000000029802322,9.729999542236328,0.0625,-0.25,0,29.875,-29,-18.75,-0.3962460458278656,-0.004760812036693096,0.007141217589378357,-0.9181042313575745,5296,5120
0,0.05000000074505806,-0.07999999821186066,9.770000457763672,0,-0.125,0,29.875,-29,-18.75,-0.3962460458278656,-0.004760812036693096,0.007141217589378357,-0.9181042313575745,5306,5121
0,0.05999999865889549,-0.07999999821186066,9.729999542236328,-0.125,-0.0625,0,29.875,-29,-18.75,-0.3962460458278656,-0.004760812036693096,0.007141217589378357,-0.9181042313575745,5316,5122
0,0.05000000074505806,-0.07999999821186066,9.75,0.0625,0,0.0625,29.875,-29,-18.75,-0.3962460458278656,-0.004760812036693096,0.007141217589378357,-0.9181042313575745,5326,5123
0,0.029999999329447746,-0.10000000149011612,9.75,-0.0625,-0.0625,-0.0625,29.875,-29,-18.75,-0.3962460458278656,-0.004760812036693096,0.007141217589378357,-0.9181042313575745,5335,5124
0,0.029999999329447746,-0.07999999821186066,9.779999732971191,-0.0625,0.125,0,30.6875,-29.75,-17.25,-0.3962460458278656,-0.004760812036693096,0.007141217589378357,-0.9181042313575745,5346,5125
0,0.029999999329447746,-0.07000000029802322,9.789999961853027,0.0625,0.0625,-0.0625,30.6875,-29.75,-17.25,-0.3962460458278656,-0.004760812036693096,0.007141217589378357,-0.9181042313575745,5356,5126
0,0.07000000029802322,-0.07999999821186066,9.739999771118164,-0.125,0.25,-0.0625,30.6875,-29.75,-17.25,-0.3962460458278656,-0.004760812036693096,0.007141217589378357,-0.9181042313575745,5366,5127
0,0.05999999865889549,-0.10000000149011612,9.729999542236328,0.0625,-0.125,0.0625,30.6875,-29.75,-17.25,-0.3962460458278656,-0.004760812036693096,0.007141217589378357,-0.9181042313575745,5376,5128
0,0.05000000074505806,-0.07999999821186066,9.760000228881836,-0.0625,-0.0625,0,29.875,-26,-19.25,-0.3962460458278656,-0.004760812036693096,0.007141217589378357,-0.9181042313575745,5385,5129
0,0.05000000074505806,-0.07999999821186066,9.760000228881836,0.125,0.0625,0.0625,29.875,-26,-19.25,-0.3962460458278656,-0.004760812036693096,0.007141217589378357,-0.9181042313575745,5396,5130
0,0.03999999910593033,-0.07999999821186066,9.729999542236328,0,-0.125,0,29.875,-26,-19.25,-0.3962460458278656,-0.004760812036693096,0.007141217589378357,-0.9181042313575745,5406,5131
0,0.03999999910593033,-0.09000000357627869,9.779999732971191,-0.0625,0,0,29.875,-26,-19.25,-0.3962460458278656,-0.004760812036693096,0.007141217589378357,-0.9181042313575745,5416,5132
0,0.03999999910593033,-0.05999999865889549,9.760000228881836,0,0,-0.0625,29.875,-26,-19.25,-0.3962460458278656,-0.004760812036693096,0.007141217589378357,-0.9181042313575745,5426,5133
0,0.03999999910593033,-0.07999999821186066,9.720000267028809,0.0625,-0.125,-0.0625,29.5,-28.6875,-18.0625,-0.3962460458278656,-0.004760812036693096,0.007141217589378357,-0.9181042313575745,5435,5134
0,0.03999999910593033,-0.07000000029802322,9.729999542236328,0.0625,-0.0625,0,29.5,-28.6875,-18.0625,-0.3962460458278656,-0.004760812036693096,0.007141217589378357,-0.9181042313575745,5446,5135
0,0.05000000074505806,-0.09000000357627869,9.729999542236328,0.0625,0.0625,-0.125,29.5,-28.6875,-18.0625,-0.3962460458278656,-0.004760812036693096,0.007141217589378357,-0.9181042313575745,5456,5136
0,0.05999999865889549,-0.09000000357627869,9.760000228881836,-0.125,-0.125,0,29.5,-28.6875,-18.0625,-0.3962460458278656,-0.004760812036693096,0.007141217589378357,-0.9181042313575745,5466,5137
0,0.03999999910593033,-0.07999999821186066,9.739999771118164,0.0625,0.0625,0,29.5,-28.6875,-18.0625,-0.3962460458278656,-0.004760812036693096,0.007141217589378357,-0.9181042313575745,5476,5138
0,0.05000000074505806,-0.05999999865889549,9.760000228881836,0.0625,-0.125,0.0625,29.5,-30.5,-18.0625,-0.3962460458278656,-0.004760812036693096,0.007141217589378357,-0.9181042313575745,5485,5139
0,0.029999999329447746,-0.07999999821186066,9.760000228881836,0.0625,-0.0625,0.0625,29.5,-30.5,-18.0625,-0.3962460458278656,-0.004760812036693096,0.007141217589378357,-0.9181042313575745,5496,5140
0,0.05000000074505806,-0.05000000074505806,9.729999542236328,0.125,0,0,29.5,-30.5,-18.0625,-0.3962460458278656,-0.004760812036693096,0.007141217589378357,-0.9181042313575745,5505,5141
0,0.03999999910593033,-0.10000000149011612,9.739999771118164,0,0.1875,0,29.5,-30.5,-18.0625,-0.3962460458278656,-0.004760812036693096,0.007141217589378357,-0.9181042313575745,5515,5142
0,0.05000000074505806,-0.07000000029802322,9.739999771118164,0,0.0625,-0.0625,29.5,-30.5,-18.0625,-0.3962460458278656,-0.004760812036693096,0.007141217589378357,-0.9181042313575745,5526,5143
0,0.07000000029802322,-0.07999999821186066,9.760000228881836,0.0625,-0.25,0.125,29.5,-30.5,-18.5,-0.3962460458278656,-0.004760812036693096,0.007141217589378357,-0.9181042313575745,5535,5144
0,0.029999999329447746,-0.07000000029802322,9.739999771118164,-0.125,-0.0625,-0.0625,29.5,-30.5,-18.5,-0.3962460458278656,-0.004760812036693096,0.007141217589378357,-0.9181042313575745,5545,5145
0,0.05000000074505806,-0.05999999865889549,9.729999542236328,0,0.1875,0,29.5,-30.5,-18.5,-0.3962460458278656,-0.004760812036693096,0.007141217589378357,-0.9181042313575745,5555,5146
0,0.05999999865889549,-0.09000000357627869,9.760000228881836,-0.0625,0,0.0625,29.5,-30.5,-18.5,-0.3962460458278656,-0.004760812036693096,0.007141217589378357,-0.9181042313575745,5565,5147
0,0.05000000074505806,-0.07000000029802322,9.75,0.125,-0.125,0,29.5,-30.5,-18.5,-0.3962460458278656,-0.004760812036693096,0.007141217589378357,-0.9181042313575745,5576,5148
0,0.03999999910593033,-0.07999999821186066,9.770000457763672,0.0625,-0.0625,0,30.25,-16.6875,-18.875,-0.3962460458278656,-0.004760812036693096,0.007141217589378357,-0.9181042313575745,5585,5149
0,0.05999999865889549,-0.07000000029802322,9.75,0.0625,-0.0625,0,30.25,-16.6875,-18.875,-0.3962460458278656,-0.004760812036693096,0.007141217589378357,-0.9181042313575745,5595,5150
0,0.029999999329447746,-0.09000000357627869,9.760000228881836,0.125,-0.1875,0,30.25,-16.6875,-18.875,-0.3962460458278656,-0.004760812036693096,0.007141217589378357,-0.9181042313575745,5605,5151
0,0.029999999329447746,-0.07999999821186066,9.739999771118164,0,0,0,30.25,-16.6875,-18.875,-0.3962460458278656,-0.004760812036693096,0.007141217589378357,-0.9181042313575745,5615,5152
0,0.03999999910593033,-0.09000000357627869,9.770000457763672,0.0625,0.0625,0,30.25,-16.6875,-18.875,-0.3962460458278656,-0.004760812036693096,0.007141217589378357,-0.9181042313575745,5626,5153
0,0.05000000074505806,-0.07999999821186066,9.75,0.1875,0,0.0625,29.5,-32,-18.875,-0.3962460458278656,-0.004760812036693096,0.007141217589378357,-0.9181042313575745,5635,5154
0,0.029999999329447746,-0.10000000149011612,9.720000267028809,0,-0.0625,0.125,29.5,-32,-18.875,-0.3962460458278656,-0.004760812036693096,0.007141217589378357,-0.9181042313575745,5645,5155
0,0.07000000029802322,-0.10000000149011612,9.760000228881836,0.1875,-0.125,0,29.5,-32,-18.875,-0.3962460458278656,-0.004760812036693096,0.007141217589378357,-0.9181042313575745,5655,5156
0,0.07000000029802322,-0.07999999821186066,9.739999771118164,0.0625,0.0625,0,29.5,-32,-18.875,-0.3962460458278656,-0.004760812036693096,0.007141217589378357,-0.9181042313575745,5665,5157
0,0.03999999910593033,-0.07999999821186066,9.770000457763672,0.0625,0,0,29.5,-32,-18.875,-0.3962460458278656,-0.004760812036693096,0.007141217589378357,-0.9181042313575745,5676,5158
0,0.05000000074505806,-0.05999999865889549,9.75,0.125,-0.125,0.0625,30.6875,-29.75,-19.25,-0.3962460458278656,-0.004760812036693096,0.007141217589378357,-0.9181042313575745,5685,5159
0,0.05000000074505806,-0.07999999821186066,9.75,0.0625,-0.0625,0.0625,30.6875,-29.75,-19.25,-0.3962460458278656,-0.004760812036693096,0.007141217589378357,-0.9181042313575745,5695,5160
0,0.05999999865889549,-0.10000000149011612,9.739999771118164,0,-0.0625,0.0625,30.6875,-29.75,-19.25,-0.3962460458278656,-0.004760812036693096,0.007141217589378357,-0.9181042313575745,5705,5161
0,0.03999999910593033,-0.07999999821186066,9.680000305175781,0.125,-0.0625,0.125,30.6875,-29.75,-19.25,-0.3962460458278656,-0.004760812036693096,0.007141217589378357,-0.9181042313575745,5715,5162
0,0.07000000029802322,-0.07000000029802322,9.770000457763672,-0.0625,-0.125,-0.0625,30.6875,-29.75,-19.25,-0.3962460458278656,-0.004760812036693096,0.007141217589378357,-0.9181042313575745,5726,5163
0,0.05999999865889549,-0.07999999821186066,9.729999542236328,0,-0.125,0.0625,29.5,-29.375,-18.875,-0.3962460458278656,-0.004760812036693096,0.007141217589378357,-0.9181042313575745,5735,5164
0,0.03999999910593033,-0.07999999821186066,9.770000457763672,0,0.0625,0,29.5,-29.375,-18.875,-0.3962460458278656,-0.004760812036693096,0.007141217589378357,-0.9181042313575745,5745,5165
0,0.03999999910593033,-0.07999999821186066,9.760000228881836,0,0,0,29.5,-29.375,-18.875,-0.3962460458278656,-0.004760812036693096,0.007141217589378357,-0.9181042313575745,5755,5166
0,0.05999999865889549,-0.05999999865889549,9.75,-0.125,-0.25,0.0625,29.5,-29.375,-18.875,-0.3962460458278656,-0.004760812036693096,0.007141217589378357,-0.9181042313575745,5765,5167
0,0.05000000074505806,-0.07000000029802322,9.760000228881836,-0.125,0,-0.0625,29.5,-29.375,-18.875,-0.3962460458278656,-0.004760812036693096,0.007141217589378357,-0.9181042313575745,5775,5168
0,0.05999999865889549,-0.09000000357627869,9.729999542236328,0,-0.0625,0.0625,29.5,-29.375,-17.5625,-0.3962460458278656,-0.004760812036693096,0.007141217589378357,-0.9181042313575745,5785,5169
0,0.05000000074505806,-0.10000000149011612,9.760000228881836,0,0,0,29.5,-29.375,-17.5625,-0.3962460458278656,-0.004760812036693096,0.007141217589378357,-0.9181042313575745,5795,5170
0,0.05000000074505806,-0.07000000029802322,9.739999771118164,0,0.125,0,29.5,-29.375,-17.5625,-0.3962460458278656,-0.004760812036693096,0.007141217589378357,-0.9181042313575745,5805,5171
0,0.05999999865889549,-0.07000000029802322,9.710000038146973,0,0,0.0625,29.5,-29.375,-17.5625,-0.3962460458278656,-0.004760812036693096,0.007141217589378357,-0.9181042313575745,5815,5172
0,0.05000000074505806,-0.05999999865889549,9.760000228881836,-0.0625,0,0,29.5,-29.375,-17.5625,-0.3962460458278656,-0.004760812036693096,0.007141217589378357,-0.9181042313575745,5825,5173
0,0.07000000029802322,-0.07000000029802322,9.720000267028809,0.125,-0.125,0,31,-26.375,-18.75,-0.3962460458278656,-0.004760812036693096,0.007141217589378357,-0.9181042313575745,5835,5174
0,0.05000000074505806,-0.05999999865889549,9.789999961853027,0.0625,0,0,31,-26.375,-18.75,-0.3962460458278656,-0.004760812036693096,0.007141217589378357,-0.9181042313575745,5845,5175
0,0.05999999865889549,-0.07999999821186066,9.729999542236328,0,-0.125,0.0625,31,-26.375,-18.75,-0.3962460458278656,-0.004760812036693096,0.007141217589378357,-0.9181042313575745,5855,5176
0,0.05000000074505806,-0.07000000029802322,9.720000267028809,-0.125,-0.0625,-0.0625,31,-26.375,-18.75,-0.3962460458278656,-0.004760812036693096,0.007141217589378357,-0.9181042313575745,5865,5177
0,0.05000000074505806,-0.07999999821186066,9.729999542236328,0,-0.25,0.125,31,-26.375,-18.75,-0.3962460458278656,-0.004760812036693096,0.007141217589378357,-0.9181042313575745,5875,5178
0,0.05000000074505806,-0.09000000357627869,9.710000038146973,0.125,-0.0625,0.0625,30.25,-27.1875,-18.0625,-0.3962460458278656,-0.004760812036693096,0.007141217589378357,-0.9181042313575745,5885,5179
0,0.05000000074505806,-0.07999999821186066,9.729999542236328,0.125,-0.125,0.0625,30.25,-27.1875,-18.0625,-0.3962460458278656,-0.004760812036693096,0.007141217589378357,-0.9181042313575745,5895,5180
0,0.05000000074505806,-0.07000000029802322,9.710000038146973,0.0625,0,0,30.25,-27.1875,-18.0625,-0.3962460458278656,-0.004760812036693096,0.007141217589378357,-0.9181042313575745,5905,5181
0,0.05000000074505806,-0.09000000357627869,9.770000457763672,0.0625,-0.0625,0.0625,30.25,-27.1875,-18.0625,-0.3962460458278656,-0.004760812036693096,0.007141217589378357,-0.9181042313575745,5915,5182
0,0.05999999865889549,-0.07999999821186066,9.779999732971191,-0.0625,0.0625,0.0625,30.25,-27.1875,-18.0625,-0.3962460458278656,-0.004760812036693096,0.007141217589378357,-0.9181042313575745,5925,5183
0,0.05000000074505806,-0.09000000357627869,9.75,0.0625,-0.25,0,29.5,-29,-18.875,-0.3962460458278656,-0.004760812036693096,0.007141217589378357,-0.9181042313575745,5935,5184
0,0.05000000074505806,-0.07999999821186066,9.75,0.0625,0.0625,0,29.5,-29,-18.875,-0.3962460458278656,-0.004760812036693096,0.007141217589378357,-0.9181042313575745,5945,5185
0,0.07000000029802322,-0.07000000029802322,9.729999542236328,0,-0.0625,0,29.5,-29,-18.875,-0.3962460458278656,-0.004760812036693096,0.007141217589378357,-0.9181042313575745,5955,5186
0,0.05999999865889549,-0.07000000029802322,9.729999542236328,0.0625,0.0625,-0.0625,29.5,-29,-18.875,-0.3962460458278656,-0.004760812036693096,0.007141217589378357,-0.9181042313575745,5965,5187
0,0.05000000074505806,-0.09000000357627869,9.760000228881836,-0.0625,0.125,0,29.5,-29,-18.875,-0.3962460458278656,-0.004760812036693096,0.007141217589378357,-0.9181042313575745,5975,5188
0,0.05000000074505806,-0.10000000149011612,9.760000228881836,0,0.125,0.0625,30.25,-15.5625,-19.25,-0.3962460458278656,-0.004760812036693096,0.007141217589378357,-0.9181042313575745,5985,5189
0,0.019999999552965164,-0.09000000357627869,9.779999732971191,0.0625,-0.0625,0,30.25,-15.5625,-19.25,-0.3962460458278656,-0.004760812036693096,0.007141217589378357,-0.9181042313575745,5995,5190
0,0.05999999865889549,-0.05999999865889549,9.710000038146973,0,0.125,-0.0625,30.25,-15.5625,-19.25,-0.3962460458278656,-0.004760812036693096,0.007141217589378357,-0.9181042313575745,6005,5191
0,0.07000000029802322,-0.07999999821186066,9.75,-0.0625,0.0625,-0.0625,30.25,-15.5625,-19.25,-0.3962460458278656,-0.004760812036693096,0.007141217589378357,-0.9181042313575745,6015,5192
0,0.029999999329447746,-0.09000000357627869,9.720000267028809,0,-0.0625,0,30.25,-15.5625,-19.25,-0.3962460458278656,-0.004760812036693096,0.007141217589378357,-0.9181042313575745,6025,5193
0,0.05000000074505806,-0.07000000029802322,9.729999542236328,-0.125,-0.125,0,30.25,-27.5,-19.5625,-0.3962460458278656,-0.004760812036693096,0.007141217589378357,-0.9181042313575745,6035,5194
0,0.05999999865889549,-0.07999999821186066,9.739999771118164,0.0625,-0.125,0,30.25,-27.5,-19.5625,-0.3962460458278656,-0.004760812036693096,0.007141217589378357,-0.9181042313575745,6045,5195
0,0.05000000074505806,-0.09000000357627869,9.720000267028809,-0.1875,-0.0625,0.0625,30.25,-27.5,-19.5625,-0.3962460458278656,-0.004760812036693096,0.007141217589378357,-0.9181042313575745,6055,5196
0,0.05999999865889549,-0.05999999865889549,9.75,-0.1875,-0.0625,0.0625,30.25,-27.5,-19.5625,-0.3962460458278656,-0.004760812036693096,0.007141217589378357,-0.9181042313575745,6065,5197
0,0.03999999910593033,-0.07999999821186066,9.739999771118164,-0.0625,-0.0625,0.0625,30.25,-27.5,-19.5625,-0.3962460458278656,-0.004760812036693096,0.007141217589378357,-0.9181042313575745,6075,5198
0,0.05000000074505806,-0.05999999865889549,9.760000228881836,-0.0625,-0.0625,0,31,-28.25,-18.0625,-0.3962460458278656,-0.004760812036693096,0.007141217589378357,-0.9181042313575745,6085,5199
0,0.03999999910593033,-0.07999999821186066,9.710000038146973,-0.0625,-0.0625,0,31,-28.25,-18.0625,-0.3962460458278656,-0.004760812036693096,0.007141217589378357,-0.9181042313575745,6095,5200
0,0.07000000029802322,-0.09000000357627869,9.729999542236328,-0.0625,0.125,0,31,-28.25,-18.0625,-0.3962460458278656,-0.004760812036693096,0.007141217589378357,-0.9181042313575745,6105,5201
0,0.03999999910593033,-0.07999999821186066,9.75,0,-0.0625,-0.125,31,-28.25,-18.0625,-0.3962460458278656,-0.004760812036693096,0.007141217589378357,-0.9181042313575745,6115,5202
0,0.07000000029802322,-0.07999999821186066,9.720000267028809,0,0,-0.125,31,-28.25,-18.0625,-0.3962460458278656,-0.004760812036693096,0.007141217589378357,-0.9181042313575745,6125,5203
0,0.05000000074505806,-0.07999999821186066,9.760000228881836,0.0625,-0.125,0,29.875,-29.75,-18.0625,-0.3962460458278656,-0.004760812036693096,0.007141217589378357,-0.9181042313575745,6135,5204
0,0.07000000029802322,-0.09000000357627869,9.729999542236328,0.0625,-0.125,0,29.875,-29.75,-18.0625,-0.3962460458278656,-0.004760812036693096,0.007141217589378357,-0.9181042313575745,6145,5205
0,0.05999999865889549,-0.07999999821186066,9.75,0,-0.0625,0,29.875,-29.75,-18.0625,-0.3962460458278656,-0.004760812036693096,0.007141217589378357,-0.9181042313575745,6155,5206
0,0.05000000074505806,-0.09000000357627869,9.720000267028809,-0.1875,0.125,0.0625,29.875,-29.75,-18.0625,-0.3962460458278656,-0.004760812036693096,0.007141217589378357,-0.9181042313575745,6165,5207
0,0.07000000029802322,-0.07999999821186066,9.720000267028809,0,-0.0625,0,29.875,-29.75,-18.0625,-0.3962460458278656,-0.004760812036693096,0.007141217589378357,-0.9181042313575745,6175,5208
0,0.05000000074505806,-0.09000000357627869,9.760000228881836,0.125,-0.1875,0.125,31.375,-17,-19.25,-0.3962460458278656,-0.004760812036693096,0.007141217589378357,-0.9181042313575745,6185,5209
0,0.07000000029802322,-0.07000000029802322,9.729999542236328,-0.0625,-0.1875,0.0625,31.375,-17,-19.25,-0.3962460458278656,-0.004760812036693096,0.007141217589378357,-0.9181042313575745,6195,5210
0,0.07999999821186066,-0.07000000029802322,9.720000267028809,-0.0625,0,0.0625,31.375,-17,-19.25,-0.3962460458278656,-0.004760812036693096,0.007141217589378357,-0.9181042313575745,6205,5211
0,0.03999999910593033,-0.07000000029802322,9.739999771118164,0,0,-0.0625,31.375,-17,-19.25,-0.3962460458278656,-0.004760812036693096,0.007141217589378357,-0.9181042313575745,6215,5212
0,0.03999999910593033,-0.07999999821186066,9.739999771118164,0,-0.125,0.0625,31.375,-17,-19.25,-0.3962460458278656,-0.004760812036693096,0.007141217589378357,-0.9181042313575745,6225,5213
0,0.07000000029802322,-0.09000000357627869,9.720000267028809,0.0625,0.0625,0.0625,28.75,-30.875,-18.0625,-0.3962460458278656,-0.004760812036693096,0.007141217589378357,-0.9181042313575745,6235,5214
0,0.07000000029802322,-0.09000000357627869,9.739999771118164,0,0,0,28.75,-30.875,-18.0625,-0.3962460458278656,-0.004760812036693096,0.007141217589378357,-0.9181042313575745,6245,5215
0,0.05000000074505806,-0.05999999865889549,9.760000228881836,0.0625,-0.0625,0,28.75,-30.875,-18.0625,-0.3962460458278656,-0.004760812036693096,0.007141217589378357,-0.9181042313575745,6255,5216
0,0.05999999865889549,-0.09000000357627869,9.710000038146973,0.125,-0.125,0.1875,28.75,-30.875,-18.0625,-0.3962460458278656,-0.004760812036693096,0.007141217589378357,-0.9181042313575745,6265,5217
0,0.05000000074505806,-0.07000000029802322,9.75,0,-0.125,-0.0625,28.75,-30.875,-18.0625,-0.3962460458278656,-0.004760812036693096,0.007141217589378357,-0.9181042313575745,6275,5218
0,0.07000000029802322,-0.09000000357627869,9.770000457763672,0.125,0.0625,0.0625,30.25,-29.75,-19.25,-0.3962460458278656,-0.004760812036693096,0.007141217589378357,-0.9181042313575745,6285,5219
0,0.05000000074505806,-0.09000000357627869,9.739999771118164,-0.0625,0,0.0625,30.25,-29.75,-19.25,-0.3962460458278656,-0.004760812036693096,0.007141217589378357,-0.9181042313575745,6295,5220
0,0.05000000074505806,-0.09000000357627869,9.729999542236328,0.0625,-0.0625,-0.0625,30.25,-29.75,-19.25,-0.3962460458278656,-0.004760812036693096,0.007141217589378357,-0.9181042313575745,6305,5221
0,0.07999999821186066,-0.07000000029802322,9.739999771118164,0,0.1875,0,30.25,-29.75,-19.25,-0.3962460458278656,-0.004760812036693096,0.007141217589378357,-0.9181042313575745,6315,5222
0,0.03999999910593033,-0.07000000029802322,9.770000457763672,0,0.0625,0.0625,30.25,-29.75,-19.25,-0.3962460458278656,-0.004760812036693096,0.007141217589378357,-0.9181042313575745,6325,5223
0,0.029999999329447746,-0.05999999865889549,9.729999542236328,0.0625,-0.0625,0,31,-30.875,-19.5625,-0.3962460458278656,-0.004760812036693096,0.007141217589378357,-0.9181042313575745,6335,5224
0,0.05999999865889549,-0.07000000029802322,9.739999771118164,0.125,-0.125,0.125,31,-30.875,-19.5625,-0.3962460458278656,-0.004760812036693096,0.007141217589378357,-0.9181042313575745,6345,5225
0,0.05999999865889549,-0.05999999865889549,9.729999542236328,-0.0625,-0.125,0,31,-30.875,-19.5625,-0.3962460458278656,-0.004760812036693096,0.007141217589378357,-0.9181042313575745,6355,5226
0,0.05999999865889549,-0.09000000357627869,9.729999542236328,0.125,-0.25,0.1875,31,-30.875,-19.5625,-0.3962460458278656,-0.004760812036693096,0.007141217589378357,-0.9181042313575745,6365,5227
0,0.019999999552965164,-0.07000000029802322,9.739999771118164,0,-0.0625,0.0625,31,-30.875,-19.5625,-0.3962460458278656,-0.004760812036693096,0.007141217589378357,-0.9181042313575745,6375,5228
0,0.07000000029802322,-0.10000000149011612,9.75,0,0.0625,0,29.875,-29.75,-18.5,-0.3962460458278656,-0.004760812036693096,0.007141217589378357,-0.9181042313575745,6385,5229
0,0.05999999865889549,-0.05999999865889549,9.760000228881836,0.0625,0,0,29.875,-29.75,-18.5,-0.3962460458278656,-0.004760812036693096,0.007141217589378357,-0.9181042313575745,6395,5230
0,0.05999999865889549,-0.07000000029802322,9.75,-0.0625,0,-0.0625,29.875,-29.75,-18.5,-0.3962460458278656,-0.004760812036693096,0.007141217589378357,-0.9181042313575745,6405,5231
0,0.05000000074505806,-0.07000000029802322,9.729999542236328,0.0625,0.125,0,29.875,-29.75,-18.5,-0.3962460458278656,-0.004760812036693096,0.007141217589378357,-0.9181042313575745,6415,5232
0,0.03999999910593033,-0.10000000149011612,9.739999771118164,0.0625,-0.125,0.0625,29.875,-29.75,-18.5,-0.3962460458278656,-0.004760812036693096,0.007141217589378357,-0.9181042313575745,6425,5233
0,0.05000000074505806,-0.07000000029802322,9.75,0,-0.25,0,31.375,-30.1875,-20.0625,-0.3962460458278656,-0.004760812036693096,0.007141217589378357,-0.9181042313575745,6435,5234
0,0.03999999910593033,-0.05999999865889549,9.729999542236328,0,-0.0625,0,31.375,-30.1875,-20.0625,-0.3962460458278656,-0.004760812036693096,0.007141217589378357,-0.9181042313575745,6445,5235
0,0.05000000074505806,-0.07000000029802322,9.729999542236328,0,0.0625,0,31.375,-30.1875,-20.0625,-0.3962460458278656,-0.004760812036693096,0.007141217589378357,-0.9181042313575745,6455,5236
0,0.05000000074505806,-0.09000000357627869,9.710000038146973,-0.0625,-0.0625,-0.0625,31.375,-30.1875,-20.0625,-0.3962460458278656,-0.004760812036693096,0.007141217589378357,-0.9181042313575745,6465,5237
0,0.07000000029802322,-0.07000000029802322,9.75,0,0.0625,-0.0625,31.375,-30.1875,-20.0625,-0.3962460458278656,-0.004760812036693096,0.007141217589378357,-0.9181042313575745,6475,5238
0,0.05999999865889549,-0.07000000029802322,9.760000228881836,0.1875,-0.125,0.125,29.875,-22.25,-18.5,-0.3962460458278656,-0.004760812036693096,0.007141217589378357,-0.9181042313575745,6485,5239
0,0.05000000074505806,-0.05999999865889549,9.739999771118164,0.0625,0,-0.125,29.875,-22.25,-18.5,-0.3962460458278656,-0.004760812036693096,0.007141217589378357,-0.9181042313575745,6495,5240
0,0.05000000074505806,-0.09000000357627869,9.710000038146973,0,-0.0625,0,29.875,-22.25,-18.5,-0.3962460458278656,-0.004760812036693096,0.007141217589378357,-0.9181042313575745,6505,5241
0,0.05999999865889549,-0.09000000357627869,9.739999771118164,0.0625,0,0,29.875,-22.25,-18.5,-0.3962460458278656,-0.004760812036693096,0.007141217589378357,-0.9181042313575745,6515,5242
0,0.05000000074505806,-0.10000000149011612,9.75,0.0625,0,0.0625,29.875,-22.25,-18.5,-0.3962460458278656,-0.004760812036693096,0.007141217589378357,-0.9181042313575745,6525,5243
0,0.07000000029802322,-0.07000000029802322,9.729999542236328,-0.0625,-0.0625,0.125,29.1875,-26.75,-18.5,-0.3962460458278656,-0.004760812036693096,0.007141217589378357,-0.9181042313575745,6535,5244
0,0.05000000074505806,-0.07000000029802322,9.75,0.0625,-0.0625,0,29.1875,-26.75,-18.5,-0.3962460458278656,-0.004760812036693096,0.007141217589378357,-0.9181042313575745,6545,5245
0,0.05999999865889549,-0.05999999865889549,9.710000038146973,0.25,-0.125,0.0625,29.1875,-26.75,-18.5,-0.3962460458278656,-0.004760812036693096,0.007141217589378357,-0.9181042313575745,6555,5246
0,0.03999999910593033,-0.09000000357627869,9.760000228881836,0,0.125,-0.0625,29.1875,-26.75,-18.5,-0.3962460458278656,-0.004760812036693096,0.007141217589378357,-0.9181042313575745,6565,5247
0,0.07000000029802322,-0.05999999865889549,9.739999771118164,0.0625,-0.125,0.0625,29.1875,-26.75,-18.5,-0.3962460458278656,-0.004760812036693096,0.007141217589378357,-0.9181042313575745,6575,5248
0,0.05999999865889549,-0.07999999821186066,9.75,0.0625,-0.1875,0.0625,29.875,-29.75,-18.5,-0.3962460458278656,-0.004760812036693096,0.007141217589378357,-0.9181042313575745,6585,5249
0,0.05000000074505806,-0.07999999821186066,9.720000267028809,0.1875,-0.1875,0.0625,29.875,-29.75,-18.5,-0.3962460458278656,-0.004760812036693096,0.007141217589378357,-0.9181042313575745,6595,5250
0,0.05000000074505806,-0.07000000029802322,9.739999771118164,0,0,-0.0625,29.875,-29.75,-18.5,-0.3962460458278656,-0.004760812036693096,0.007141217589378357,-0.9181042313575745,6605,5251
0,0.03999999910593033,-0.10000000149011612,9.710000038146973,0.0625,-0.0625,0,29.875,-29.75,-18.5,-0.3962460458278656,-0.004760812036693096,0.007141217589378357,-0.9181042313575745,6615,5252
0,0.05999999865889549,-0.09000000357627869,9.739999771118164,0,0,0,29.875,-29.75,-18.5,-0.3962460458278656,-0.004760812036693096,0.007141217589378357,-0.9181042313575745,6625,5253
0,0.05000000074505806,-0.07000000029802322,9.760000228881836,0,0.0625,0,29.1875,-28.6875,-18.875,-0.3962460458278656,-0.004760812036693096,0.007141217589378357,-0.9181042313575745,6635,5254
0,0.05999999865889549,-0.09000000357627869,9.760000228881836,0,0.125,0,29.1875,-28.6875,-18.875,-0.3962460458278656,-0.004760812036693096,0.007141217589378357,-0.9181042313575745,6645,5255
0,0.05000000074505806,-0.07000000029802322,9.720000267028809,0,-0.125,0,29.1875,-28.6875,-18.875,-0.3962460458278656,-0.004760812036693096,0.007141217589378357,-0.9181042313575745,6655,5256
0,0.05999999865889549,-0.07000000029802322,9.739999771118164,0,-0.0625,0.0625,29.1875,-28.6875,-18.875,-0.3962460458278656,-0.004760812036693096,0.007141217589378357,-0.9181042313575745,6665,5257
0,0.05000000074505806,-0.07999999821186066,9.75,-0.0625,0.0625,0,29.1875,-28.6875,-18.875,-0.3962460458278656,-0.004760812036693096,0.007141217589378357,-0.9181042313575745,6675,5258
0,0.03999999910593033,-0.07999999821186066,9.75,-0.0625,-0.25,0.0625,28.75,-29.375,-18.875,-0.3962460458278656,-0.004760812036693096,0.007141217589378357,-0.9181042313575745,6684,5259
0,0.03999999910593033,-0.07000000029802322,9.720000267028809,0,0.125,0,28.75,-29.375,-18.875,-0.3962460458278656,-0.004760812036693096,0.007141217589378357,-0.9181042313575745,6695,5260
0,0.05000000074505806,-0.07999999821186066,9.770000457763672,0,0.0625,0.0625,28.75,-29.375,-18.875,-0.3962460458278656,-0.004760812036693096,0.007141217589378357,-0.9181042313575745,6704,5261
0,0.05000000074505806,-0.07000000029802322,9.760000228881836,-0.0625,-0.0625,-0.0625,28.75,-29.375,-18.875,-0.3962460458278656,-0.004760812036693096,0.007141217589378357,-0.9181042313575745,6714,5262
0,0.05000000074505806,-0.09000000357627869,9.729999542236328,0,0,0.125,28.75,-29.375,-18.875,-0.3962460458278656,-0.004760812036693096,0.007141217589378357,-0.9181042313575745,6725,5263
0,0.03999999910593033,-0.05999999865889549,9.739999771118164,0,0,-0.0625,30.25,-29.375,-18.0625,-0.3962460458278656,-0.004760812036693096,0.007141217589378357,-0.9181042313575745,6734,5264
0,0.05000000074505806,-0.09000000357627869,9.760000228881836,-0.0625,0.1875,0,30.25,-29.375,-18.0625,-0.3962460458278656,-0.004760812036693096,0.007141217589378357,-0.9181042313575745,6744,5265
0,0.05000000074505806,-0.10000000149011612,9.710000038146973,0.0625,-0.125,-0.0625,30.25,-29.375,-18.0625,-0.3962460458278656,-0.004760812036693096,0.007141217589378357,-0.9181042313575745,6754,5266
0,0.03999999910593033,-0.07999999821186066,9.75,0.125,-0.125,0.0625,30.25,-29.375,-18.0625,-0.3962460458278656,-0.004760812036693096,0.007141217589378357,-0.9181042313575745,6764,5267
0,0.07000000029802322,-0.09000000357627869,9.760000228881836,0,-0.125,0.0625,30.25,-29.375,-18.0625,-0.3962460458278656,-0.004760812036693096,0.007141217589378357,-0.9181042313575745,6775,5268
0,0.05999999865889549,-0.07999999821186066,9.760000228881836,0.1875,-0.1875,0.125,29.875,-29.75,-18.75,-0.3962460458278656,-0.004760812036693096,0.007141217589378357,-0.9181042313575745,6784,5269
0,0.05000000074505806,-0.03999999910593033,9.760000228881836,0.125,-0.125,0.0625,29.875,-29.75,-18.75,-0.3962460458278656,-0.004760812036693096,0.007141217589378357,-0.9181042313575745,6794,5270
0,0.03999999910593033,-0.10000000149011612,9.720000267028809,0,0.125,-0.0625,29.875,-29.75,-18.75,-0.3962460458278656,-0.004760812036693096,0.007141217589378357,-0.9181042313575745,6804,5271
0,0.05000000074505806,-0.07000000029802322,9.720000267028809,-0.125,0.0625,0,29.875,-29.75,-18.75,-0.3962460458278656,-0.004760812036693096,0.007141217589378357,-0.9181042313575745,6814,5272
0,0.03999999910593033,-0.10000000149011612,9.760000228881836,0.125,-0.125,0.125,29.875,-29.75,-18.75,-0.3962460458278656,-0.004760812036693096,0.007141217589378357,-0.9181042313575745,6825,5273
0,0.05999999865889549,-0.07000000029802322,9.75,0.0625,-0.0625,0.125,28.75,-18.875,-18.75,-0.3962460458278656,-0.004760812036693096,0.007141217589378357,-0.9181042313575745,6834,5274
0,0.05000000074505806,-0.07999999821186066,9.75,-0.0625,-0.0625,-0.0625,28.75,-18.875,-18.75,-0.3962460458278656,-0.004760812036693096,0.007141217589378357,-0.9181042313575745,6844,5275
0,0.05999999865889549,-0.09000000357627869,9.739999771118164,0.0625,0,-0.125,28.75,-18.875,-18.75,-0.3962460458278656,-0.004760812036693096,0.007141217589378357,-0.9181042313575745,6854,5276
0,0.05000000074505806,-0.05999999865889549,9.75,0,-0.0625,-0.0625,28.75,-18.875,-18.75,-0.3962460458278656,-0.004760812036693096,0.007141217589378357,-0.9181042313575745,6864,5277
0,0.05000000074505806,-0.07000000029802322,9.739999771118164,0.1875,-0.1875,-0.0625,28.75,-18.875,-18.75,-0.3962460458278656,-0.004760812036693096,0.007141217589378357,-0.9181042313575745,6874,5278
0,0.05999999865889549,-0.07000000029802322,9.760000228881836,0.0625,-0.0625,0,30.6875,-29.375,-19.25,-0.3962460458278656,-0.004760812036693096,0.007141217589378357,-0.9181042313575745,6884,5279
0,0.05999999865889549,-0.09000000357627869,9.75,0.1875,-0.0625,0.0625,30.6875,-29.375,-19.25,-0.3962460458278656,-0.004760812036693096,0.007141217589378357,-0.9181042313575745,6894,5280
0,0.05000000074505806,-0.07000000029802322,9.739999771118164,0.0625,-0.125,0,30.6875,-29.375,-19.25,-0.3962460458278656,-0.004760812036693096,0.007141217589378357,-0.9181042313575745,6904,5281
0,0.05000000074505806,-0.07000000029802322,9.729999542236328,0.125,-0.125,0.0625,30.6875,-29.375,-19.25,-0.3962460458278656,-0.004760812036693096,0.007141217589378357,-0.9181042313575745,6914,5282
0,0.05000000074505806,-0.07999999821186066,9.75,0,0.0625,-0.0625,30.6875,-29.375,-19.25,-0.3962460458278656,-0.004760812036693096,0.007141217589378357,-0.9181042313575745,6925,5283
0,0.05999999865889549,-0.07000000029802322,9.739999771118164,0,-0.0625,0.0625,29.875,-29,-19.25,-0.3962460458278656,-0.004760812036693096,0.007141217589378357,-0.9181042313575745,6934,5284
0,0.05999999865889549,-0.07999999821186066,9.720000267028809,0.0625,0,0,29.875,-29,-19.25,-0.3962460458278656,-0.004760812036693096,0.007141217589378357,-0.9181042313575745,6944,5285
0,0.07000000029802322,-0.05999999865889549,9.760000228881836,0,0,-0.0625,29.875,-29,-19.25,-0.3962460458278656,-0.004760812036693096,0.007141217589378357,-0.9181042313575745,6954,5286
0,0.05999999865889549,-0.05999999865889549,9.760000228881836,0,0.125,-0.0625,29.875,-29,-19.25,-0.3962460458278656,-0.004760812036693096,0.007141217589378357,-0.9181042313575745,6964,5287
0,0.05000000074505806,-0.09000000357627869,9.779999732971191,0.0625,0,0.0625,29.875,-29,-19.25,-0.3962460458278656,-0.004760812036693096,0.007141217589378357,-0.9181042313575745,6974,5288
0,0.05000000074505806,-0.09000000357627869,9.739999771118164,-0.0625,0.125,0,30.25,-30.875,-18.0625,-0.3962460458278656,-0.004760812036693096,0.007141217589378357,-0.9181042313575745,6984,5289
0,0.05000000074505806,-0.09000000357627869,9.779999732971191,0.0625,-0.0625,0.0625,30.25,-30.875,-18.0625,-0.3962460458278656,-0.004760812036693096,0.007141217589378357,-0.9181042313575745,6994,5290
0,0.07000000029802322,-0.05999999865889549,9.720000267028809,-0.0625,-0.0625,0.0625,30.25,-30.875,-18.0625,-0.3962460458278656,-0.004760812036693096,0.007141217589378357,-0.9181042313575745,7004,5291
0,0.05000000074505806,-0.07000000029802322,9.729999542236328,0,-0.125,0,30.25,-30.875,-18.0625,-0.3962460458278656,-0.004760812036693096,0.007141217589378357,-0.9181042313575745,7014,5292
0,0.05999999865889549,-0.09000000357627869,9.739999771118164,0.125,0,0,30.25,-30.875,-18.0625,-0.3962460458278656,-0.004760812036693096,0.007141217589378357,-0.9181042313575745,7024,5293
0,0.07000000029802322,-0.07000000029802322,9.760000228881836,0.0625,0.125,0.0625,29.875,-24.5,-20.0625,-0.3962460458278656,-0.004760812036693096,0.007141217589378357,-0.9181042313575745,7034,5294
0,0.07000000029802322,-0.05999999865889549,9.770000457763672,-0.125,0.0625,0.0625,29.875,-24.5,-20.0625,-0.3962460458278656,-0.004760812036693096,0.007141217589378357,-0.9181042313575745,7044,5295
0,0.05000000074505806,-0.09000000357627869,9.729999542236328,0.125,-0.0625,-0.0625,29.875,-24.5,-20.0625,-0.3962460458278656,-0.004760812036693096,0.007141217589378357,-0.9181042313575745,7054,5296
0,0.05999999865889549,-0.07999999821186066,9.729999542236328,0.125,0.0625,-0.0625,29.875,-24.5,-20.0625,-0.3962460458278656,-0.004760812036693096,0.007141217589378357,-0.9181042313575745,7064,5297
0,0.05999999865889549,-0.07999999821186066,9.760000228881836,0.0625,-0.1875,0.1875,29.875,-24.5,-20.0625,-0.3962460458278656,-0.004760812036693096,0.007141217589378357,-0.9181042313575745,7074,5298
0,0.05000000074505806,-0.05999999865889549,9.75,0,-0.25,0,30.25,-30.875,-19.5625,-0.3962460458278656,-0.004760812036693096,0.007141217589378357,-0.9181042313575745,7084,5299
0,0.03999999910593033,-0.07999999821186066,9.75,-0.0625,0,-0.0625,30.25,-30.875,-19.5625,-0.3962460458278656,-0.004760812036693096,0.007141217589378357,-0.9181042313575745,7094,5300
0,0.05000000074505806,-0.09000000357627869,9.720000267028809,0,0,-0.0625,30.25,-30.875,-19.5625,-0.3962460458278656,-0.004760812036693096,0.007141217589378357,-0.9181042313575745,7104,5301
0,0.05000000074505806,-0.07999999821186066,9.760000228881836,0.0625,0.1875,0,30.25,-30.875,-19.5625,-0.3962460458278656,-0.004760812036693096,0.007141217589378357,-0.9181042313575745,7114,5302
0,0.05999999865889549,-0.07000000029802322,9.729999542236328,0,0.0625,0.1875,30.25,-30.875,-19.5625,-0.3962460458278656,-0.004760812036693096,0.007141217589378357,-0.9181042313575745,7124,5303
0,0.05999999865889549,-0.09000000357627869,9.739999771118164,0,0.1875,0.125,30.25,-23.375,-19.25,-0.3962460458278656,-0.004760812036693096,0.007141217589378357,-0.9181042313575745,7134,5304
0,0.05000000074505806,-0.07999999821186066,9.75,-0.0625,0.0625,0,30.25,-23.375,-19.25,-0.3962460458278656,-0.004760812036693096,0.007141217589378357,-0.9181042313575745,7144,5305
0,0.05999999865889549,-0.07000000029802322,9.760000228881836,0,0.0625,0,30.25,-23.375,-19.25,-0.3962460458278656,-0.004760812036693096,0.007141217589378357,-0.9181042313575745,7154,5306
0,0.05000000074505806,-0.07000000029802322,9.760000228881836,0.125,0.0625,0.125,30.25,-23.375,-19.25,-0.3962460458278656,-0.004760812036693096,0.007141217589378357,-0.9181042313575745,7164,5307
0,0.029999999329447746,-0.09000000357627869,9.75,0.0625,-0.0625,0,30.25,-23.375,-19.25,-0.3962460458278656,-0.004760812036693096,0.007141217589378357,-0.9181042313575745,7174,5308
0,0.07000000029802322,-0.07999999821186066,9.770000457763672,0,0.0625,-0.125,29.5,-28.25,-18.0625,-0.3962460458278656,-0.004760812036693096,0.007141217589378357,-0.9181042313575745,7184,5309
0,0.07999999821186066,-0.09000000357627869,9.729999542236328,0,-0.0625,-0.0625,29.5,-28.25,-18.0625,-0.3962460458278656,-0.004760812036693096,0.007141217589378357,-0.9181042313575745,7194,5310
0,0.05999999865889549,-0.07000000029802322,9.75,0,0,0,29.5,-28.25,-18.0625,-0.3962460458278656,-0.004760812036693096,0.007141217589378357,-0.9181042313575745,7204,5311
0,0.03999999910593033,-0.07999999821186066,9.720000267028809,0,0,0,29.5,-28.25,-18.0625,-0.3962460458278656,-0.004760812036693096,0.007141217589378357,-0.9181042313575745,7214,5312
0,0.07999999821186066,-0.07000000029802322,9.75,0.0625,-0.25,0.0625,29.5,-28.25,-18.0625,-0.3962460458278656,-0.004760812036693096,0.007141217589378357,-0.9181042313575745,7224,5313
0,0.07999999821186066,-0.07000000029802322,9.729999542236328,0.0625,-0.0625,-0.0625,30.25,-29.375,-18.875,-0.3962460458278656,-0.004760812036693096,0.007141217589378357,-0.9181042313575745,7234,5314
0,0.05000000074505806,-0.10000000149011612,9.729999542236328,0,0,0.0625,30.25,-29.375,-18.875,-0.3962460458278656,-0.004760812036693096,0.007141217589378357,-0.9181042313575745,7244,5315
0,0.05999999865889549,-0.05999999865889549,9.729999542236328,0.125,-0.125,0.0625,30.25,-29.375,-18.875,-0.3962460458278656,-0.004760812036693096,0.007141217589378357,-0.9181042313575745,7254,5316
0,0.07000000029802322,-0.07000000029802322,9.770000457763672,0,-0.0625,0.0625,30.25,-29.375,-18.875,-0.3962460458278656,-0.004760812036693096,0.007141217589378357,-0.9181042313575745,7264,5317
0,0.03999999910593033,-0.07999999821186066,9.729999542236328,0.0625,0,0.0625,30.25,-29.375,-18.875,-0.3962460458278656,-0.004760812036693096,0.007141217589378357,-0.9181042313575745,7274,5318
0,0.05000000074505806,-0.09000000357627869,9.729999542236328,0.125,-0.1875,0,30.6875,-24.5,-19.25,-0.3962460458278656,-0.004760812036693096,0.007141217589378357,-0.9181042313575745,7284,5319
0,0.05999999865889549,-0.05999999865889549,9.739999771118164,0,-0.25,0,30.6875,-24.5,-19.25,-0.3962460458278656,-0.004760812036693096,0.007141217589378357,-0.9181042313575745,7294,5320
0,0.05999999865889549,-0.10000000149011612,9.670000076293945,0.0625,0.0625,0,30.6875,-24.5,-19.25,-0.3962460458278656,-0.004760812036693096,0.007141217589378357,-0.9181042313575745,7304,5321
0,0.05000000074505806,-0.07999999821186066,9.729999542236328,0.0625,-0.0625,0,30.6875,-24.5,-19.25,-0.3962460458278656,-0.004760812036693096,0.007141217589378357,-0.9181042313575745,7314,5322
0,0.05999999865889549,-0.07000000029802322,9.75,0,-0.125,-0.0625,30.6875,-24.5,-19.25,-0.3962460458278656,-0.004760812036693096,0.007141217589378357,-0.9181042313575745,7324,5323
0,0.05999999865889549,-0.07000000029802322,9.75,0,0.125,-0.0625,30.25,-28.25,-20.5,-0.3962460458278656,-0.004760812036693096,0.007141217589378357,-0.9181042313575745,7334,5324
0,0.03999999910593033,-0.07999999821186066,9.75,0.0625,0.0625,0.125,30.25,-28.25,-20.5,-0.3962460458278656,-0.004760812036693096,0.007141217589378357,-0.9181042313575745,7344,5325
0,0.05000000074505806,-0.10000000149011612,9.710000038146973,0.0625,-0.125,0,30.25,-28.25,-20.5,-0.3962460458278656,-0.004760812036693096,0.007141217589378357,-0.9181042313575745,7354,5326
0,0.07999999821186066,-0.09000000357627869,9.720000267028809,0.0625,-0.125,0.0625,30.25,-28.25,-20.5,-0.3962460458278656,-0.004760812036693096,0.007141217589378357,-0.9181042313575745,7364,5327
0,0.05000000074505806,-0.07000000029802322,9.729999542236328,0.125,-0.0625,0,30.25,-28.25,-20.5,-0.3962460458278656,-0.004760812036693096,0.007141217589378357,-0.9181042313575745,7374,5328
0,0.03999999910593033,-0.07000000029802322,9.75,-0.0625,-0.125,0,29.5,-28.25,-18.5,-0.3962460458278656,-0.004760812036693096,0.007141217589378357,-0.9181042313575745,7384,5329
0,0.03999999910593033,-0.05999999865889549,9.75,0,-0.125,-0.0625,29.5,-28.25,-18.5,-0.3962460458278656,-0.004760812036693096,0.007141217589378357,-0.9181042313575745,7394,5330
0,0.05000000074505806,-0.10000000149011612,9.739999771118164,0.125,0,0.0625,29.5,-28.25,-18.5,-0.3962460458278656,-0.004760812036693096,0.007141217589378357,-0.9181042313575745,7404,5331
0,0.05999999865889549,-0.07000000029802322,9.729999542236328,0.0625,0.0625,0,29.5,-28.25,-18.5,-0.3962460458278656,-0.004760812036693096,0.007141217589378357,-0.9181042313575745,7414,5332
0,0.05000000074505806,-0.07000000029802322,9.720000267028809,0.0625,0.1875,0.125,29.5,-28.25,-18.5,-0.3962460458278656,-0.004760812036693096,0.007141217589378357,-0.9181042313575745,7424,5333
0,0.029999999329447746,-0.07000000029802322,9.729999542236328,0.0625,0.125,-0.0625,30.6875,-24.875,-20.0625,-0.3962460458278656,-0.004760812036693096,0.007141217589378357,-0.9181042313575745,7434,5334
0,0.03999999910593033,-0.10000000149011612,9.75,0,-0.0625,0.0625,30.6875,-24.875,-20.0625,-0.3962460458278656,-0.004760812036693096,0.007141217589378357,-0.9181042313575745,7444,5335
0,0.05999999865889549,-0.07000000029802322,9.710000038146973,0.0625,-0.3125,0.0625,30.6875,-24.875,-20.0625,-0.3962460458278656,-0.004760812036693096,0.007141217589378357,-0.9181042313575745,7454,5336
0,0.03999999910593033,-0.07999999821186066,9.75,0,0.0625,-0.125,30.6875,-24.875,-20.0625,-0.3962460458278656,-0.004760812036693096,0.007141217589378357,-0.9181042313575745,7464,5337
0,0.03999999910593033,-0.07999999821186066,9.760000228881836,-0.125,0.1875,0.125,30.6875,-24.875,-20.0625,-0.3962460458278656,-0.004760812036693096,0.007141217589378357,-0.9181042313575745,7474,5338
0,0.07000000029802322,-0.09000000357627869,9.770000457763672,0.0625,0,-0.0625,29.5,-29,-20.0625,-0.3962460458278656,-0.004760812036693096,0.007141217589378357,-0.9181042313575745,7484,5339
0,0.03999999910593033,-0.07999999821186066,9.75,0.0625,0.125,0.0625,29.5,-29,-20.0625,-0.3962460458278656,-0.004760812036693096,0.007141217589378357,-0.9181042313575745,7494,5340
0,0.05999999865889549,-0.09000000357627869,9.710000038146973,0.1875,0,0,29.5,-29,-20.0625,-0.3962460458278656,-0.004760812036693096,0.007141217589378357,-0.9181042313575745,7504,5341
0,0.07000000029802322,-0.07999999821186066,9.739999771118164,-0.125,0,0,29.5,-29,-20.0625,-0.3962460458278656,-0.004760812036693096,0.007141217589378357,-0.9181042313575745,7514,5342
0,0.05000000074505806,-0.07999999821186066,9.729999542236328,0,0.1875,0,29.5,-29,-20.0625,-0.3962460458278656,-0.004760812036693096,0.007141217589378357,-0.9181042313575745,7524,5343
0,0.05000000074505806,-0.07999999821186066,9.75,-0.0625,-0.1875,0,30.25,-29.375,-19.5625,-0.3962460458278656,-0.004760812036693096,0.007141217589378357,-0.9181042313575745,7534,5344
0,0.03999999910593033,-0.07000000029802322,9.779999732971191,0,-0.125,0.0625,30.25,-29.375,-19.5625,-0.3962460458278656,-0.004760812036693096,0.007141217589378357,-0.9181042313575745,7544,5345
0,0.05000000074505806,-0.07999999821186066,9.75,0,-0.0625,0,30.25,-29.375,-19.5625,-0.3962460458278656,-0.004760812036693096,0.007141217589378357,-0.9181042313575745,7554,5346
0,0.03999999910593033,-0.10000000149011612,9.739999771118164,-0.125,-0.1875,0.125,30.25,-29.375,-19.5625,-0.3962460458278656,-0.004760812036693096,0.007141217589378357,-0.9181042313575745,7564,5347
0,0.05000000074505806,-0.10000000149011612,9.760000228881836,-0.0625,-0.0625,-0.0625,30.25,-29.375,-19.5625,-0.3962460458278656,-0.004760812036693096,0.007141217589378357,-0.9181042313575745,7574,5348
0,0.05999999865889549,-0.09000000357627869,9.729999542236328,0.125,0.0625,0,29.875,-29.375,-19.5625,-0.3962460458278656,-0.004760812036693096,0.007141217589378357,-0.9181042313575745,7584,5349
0,0.05000000074505806,-0.07999999821186066,9.720000267028809,0,0.0625,0,29.875,-29.375,-19.5625,-0.3962460458278656,-0.004760812036693096,0.007141217589378357,-0.9181042313575745,7594,5350
0,0.07000000029802322,-0.05999999865889549,9.739999771118164,-0.125,0,0,29.875,-29.375,-19.5625,-0.3962460458278656,-0.004760812036693096,0.007141217589378357,-0.9181042313575745,7604,5351
0,0.03999999910593033,-0.07999999821186066,9.739999771118164,0,0.1875,-0.0625,29.875,-29.375,-19.5625,-0.3962460458278656,-0.004760812036693096,0.007141217589378357,-0.9181042313575745,7614,5352
0,0.05000000074505806,-0.07999999821186066,9.710000038146973,-0.125,0.125,0,29.875,-29.375,-19.5625,-0.3962460458278656,-0.004760812036693096,0.007141217589378357,-0.9181042313575745,7624,5353
0,0.05000000074505806,-0.07999999821186066,9.739999771118164,0.0625,0.0625,0,30.6875,-27.1875,-19.25,-0.3962460458278656,-0.004760812036693096,0.007141217589378357,-0.9181042313575745,7634,5354
0,0.05000000074505806,-0.07999999821186066,9.75,-0.0625,0.0625,0.0625,30.6875,-27.1875,-19.25,-0.3962460458278656,-0.004760812036693096,0.007141217589378357,-0.9181042313575745,7644,5355
0,0.05000000074505806,-0.07000000029802322,9.729999542236328,0,-0.0625,0,30.6875,-27.1875,-19.25,-0.3962460458278656,-0.004760812036693096,0.007141217589378357,-0.9181042313575745,7654,5356
0,0.05000000074505806,-0.09000000357627869,9.739999771118164,0,0.125,-0.125,30.6875,-27.1875,-19.25,-0.3962460458278656,-0.004760812036693096,0.007141217589378357,-0.9181042313575745,7664,5357
0,0.05999999865889549,-0.07999999821186066,9.739999771118164,0.125,-0.125,0.125,30.6875,-27.1875,-19.25,-0.3962460458278656,-0.004760812036693096,0.007141217589378357,-0.9181042313575745,7674,5358
0,0.05000000074505806,-0.07999999821186066,9.760000228881836,0.0625,-0.0625,0,29.875,-30.5,-19.25,-0.3962460458278656,-0.004760812036693096,0.007141217589378357,-0.9181042313575745,7684,5359
0,0.07000000029802322,-0.07999999821186066,9.779999732971191,0.1875,-0.125,0,29.875,-30.5,-19.25,-0.3962460458278656,-0.004760812036693096,0.007141217589378357,-0.9181042313575745,7694,5360
0,0.05999999865889549,-0.09000000357627869,9.739999771118164,0,-0.0625,0.0625,29.875,-30.5,-19.25,-0.3962460458278656,-0.004760812036693096,0.007141217589378357,-0.9181042313575745,7704,5361
0,0.05999999865889549,-0.07999999821186066,9.739999771118164,0.125,-0.125,0.125,29.875,-30.5,-19.25,-0.3962460458278656,-0.004760812036693096,0.007141217589378357,-0.9181042313575745,7714,5362
0,0.03999999910593033,-0.07000000029802322,9.739999771118164,0.0625,-0.125,-0.0625,29.875,-30.5,-19.25,-0.3962460458278656,-0.004760812036693096,0.007141217589378357,-0.9181042313575745,7724,5363
0,0.03999999910593033,-0.07999999821186066,9.770000457763672,0,-0.0625,-0.0625,30.25,-24.5,-20.0625,-0.3962460458278656,-0.004760812036693096,0.007141217589378357,-0.9181042313575745,7734,5364
0,0.05000000074505806,-0.07000000029802322,9.75,0,0.0625,-0.0625,30.25,-24.5,-20.0625,-0.3962460458278656,-0.004760812036693096,0.007141217589378357,-0.9181042313575745,7744,5365
0,0.05000000074505806,-0.09000000357627869,9.710000038146973,-0.1875,0.125,0,30.25,-24.5,-20.0625,-0.3962460458278656,-0.004760812036693096,0.007141217589378357,-0.9181042313575745,7754,5366
0,0.05999999865889549,-0.07999999821186066,9.760000228881836,0,0.0625,0,30.25,-24.5,-20.0625,-0.3962460458278656,-0.004760812036693096,0.007141217589378357,-0.9181042313575745,7764,5367
0,0.05999999865889549,-0.09000000357627869,9.760000228881836,0,0.1875,0.0625,30.25,-24.5,-20.0625,-0.3962460458278656,-0.004760812036693096,0.007141217589378357,-0.9181042313575745,7774,5368
0,0.05000000074505806,-0.09000000357627869,9.75,-0.0625,0.1875,0,29.5,-20.375,-20.0625,-0.3962460458278656,-0.004760812036693096,0.007141217589378357,-0.9181042313575745,7784,5369
0,0.05000000074505806,-0.09000000357627869,9.779999732971191,-0.0625,-0.0625,0,29.5,-20.375,-20.0625,-0.3962460458278656,-0.004760812036693096,0.007141217589378357,-0.9181042313575745,7794,5370
0,0.05000000074505806,-0.07999999821186066,9.710000038146973,0.0625,-0.125,0,29.5,-20.375,-20.0625,-0.3962460458278656,-0.004760812036693096,0.007141217589378357,-0.9181042313575745,7804,5371
0,0.07000000029802322,-0.07999999821186066,9.75,0.0625,0.0625,0.0625,29.5,-20.375,-20.0625,-0.3962460458278656,-0.004760812036693096,0.007141217589378357,-0.9181042313575745,7814,5372
0,0.03999999910593033,-0.10000000149011612,9.739999771118164,0,-0.1875,0.0625,29.5,-20.375,-20.0625,-0.3962460458278656,-0.004760812036693096,0.007141217589378357,-0.9181042313575745,7824,5373
0,0.03999999910593033,-0.09000000357627869,9.75,0.0625,0.1875,-0.0625,29.875,-29.375,-18.875,-0.3962460458278656,-0.004760812036693096,0.007141217589378357,-0.9181042313575745,7834,5374
0,0.05999999865889549,-0.07999999821186066,9.760000228881836,0,-0.0625,0.0625,29.875,-29.375,-18.875,-0.3962460458278656,-0.004760812036693096,0.007141217589378357,-0.9181042313575745,7844,5375
0,0.05000000074505806,-0.05999999865889549,9.729999542236328,-0.0625,0.0625,-0.0625,29.875,-29.375,-18.875,-0.3962460458278656,-0.004760812036693096,0.007141217589378357,-0.9181042313575745,7854,5376
0,0.05000000074505806,-0.07000000029802322,9.739999771118164,0.0625,-0.125,0.0625,29.875,-29.375,-18.875,-0.3962460458278656,-0.004760812036693096,0.007141217589378357,-0.9181042313575745,7864,5377
0,0.07000000029802322,-0.07000000029802322,9.739999771118164,0,-0.125,0.0625,29.875,-29.375,-18.875,-0.3962460458278656,-0.004760812036693096,0.007141217589378357,-0.9181042313575745,7874,5378
0,0.05000000074505806,-0.07999999821186066,9.739999771118164,0,-0.0625,0,29.1875,-29,-20.0625,-0.3962460458278656,-0.004760812036693096,0.007141217589378357,-0.9181042313575745,7884,5379
0,0.05000000074505806,-0.07999999821186066,9.75,-0.0625,-0.25,-0.0625,29.1875,-29,-20.0625,-0.3962460458278656,-0.004760812036693096,0.007141217589378357,-0.9181042313575745,7894,5380
0,0.05000000074505806,-0.07999999821186066,9.720000267028809,0,-0.125,0.0625,29.1875,-29,-20.0625,-0.3962460458278656,-0.004760812036693096,0.007141217589378357,-0.9181042313575745,7904,5381
0,0.05999999865889549,-0.07999999821186066,9.729999542236328,0.0625,-0.1875,0.0625,29.1875,-29,-20.0625,-0.3962460458278656,-0.004760812036693096,0.007141217589378357,-0.9181042313575745,7914,5382
0,0.05000000074505806,-0.07999999821186066,9.770000457763672,-0.0625,-0.125,-0.0625,29.1875,-29,-20.0625,-0.3962460458278656,-0.004760812036693096,0.007141217589378357,-0.9181042313575745,7924,5383
0,0.07000000029802322,-0.07000000029802322,9.75,0.125,-0.125,0.0625,30.25,-29,-19.25,-0.3962460458278656,-0.004760812036693096,0.007141217589378357,-0.9181042313575745,7934,5384
0,0.03999999910593033,-0.07999999821186066,9.760000228881836,0.0625,-0.1875,0.0625,30.25,-29,-19.25,-0.3962460458278656,-0.004760812036693096,0.007141217589378357,-0.9181042313575745,7944,5385
0,0.05000000074505806,-0.07000000029802322,9.729999542236328,0,0.125,-0.0625,30.25,-29,-19.25,-0.3962460458278656,-0.004760812036693096,0.007141217589378357,-0.9181042313575745,7954,5386
0,0.03999999910593033,-0.07000000029802322,9.729999542236328,0.0625,-0.125,0.0625,30.25,-29,-19.25,-0.3962460458278656,-0.004760812036693096,0.007141217589378357,-0.9181042313575745,7964,5387
0,0.05000000074505806,-0.07999999821186066,9.729999542236328,0.0625,0.0625,-0.0625,30.25,-29,-19.25,-0.3962460458278656,-0.004760812036693096,0.007141217589378357,-0.9181042313575745,7974,5388
0,0.05000000074505806,-0.07000000029802322,9.729999542236328,-0.0625,0.125,0.0625,29.875,-29,-20.5,-0.3962460458278656,-0.004760812036693096,0.007141217589378357,-0.9181042313575745,7984,5389
0,0.03999999910593033,-0.09000000357627869,9.75,0.125,-0.1875,0,29.875,-29,-20.5,-0.3962460458278656,-0.004760812036693096,0.007141217589378357,-0.9181042313575745,7994,5390
0,0.05000000074505806,-0.09000000357627869,9.75,0,-0.1875,0,29.875,-29,-20.5,-0.3962460458278656,-0.004760812036693096,0.007141217589378357,-0.9181042313575745,8004,5391
0,0.05999999865889549,-0.07999999821186066,9.739999771118164,0.0625,-0.0625,0.0625,29.875,-29,-20.5,-0.3962460458278656,-0.004760812036693096,0.007141217589378357,-0.9181042313575745,8014,5392
0,0.05000000074505806,-0.10000000149011612,9.760000228881836,-0.0625,-0.0625,-0.0625,29.875,-29,-20.5,-0.3962460458278656,-0.004760812036693096,0.007141217589378357,-0.9181042313575745,8024,5393
0,0.029999999329447746,-0.07000000029802322,9.760000228881836,0.0625,0.1875,-0.0625,30.25,-28.25,-19.5625,-0.3962460458278656,-0.004760812036693096,0.007141217589378357,-0.9181042313575745,8034,5394
0,0.05999999865889549,-0.07999999821186066,9.760000228881836,-0.125,0,0.0625,30.25,-28.25,-19.5625,-0.3962460458278656,-0.004760812036693096,0.007141217589378357,-0.9181042313575745,8044,5395
0,0.05000000074505806,-0.05000000074505806,9.75,0.125,-0.0625,0,30.25,-28.25,-19.5625,-0.3962460458278656,-0.004760812036693096,0.007141217589378357,-0.9181042313575745,8054,5396
0,0.03999999910593033,-0.09000000357627869,9.699999809265137,0.0625,0.25,0.125,30.25,-28.25,-19.5625,-0.3962460458278656,-0.004760812036693096,0.007141217589378357,-0.9181042313575745,8064,5397
0,0.05000000074505806,-0.07000000029802322,9.770000457763672,0,0.0625,-0.0625,30.25,-28.25,-19.5625,-0.3962460458278656,-0.004760812036693096,0.007141217589378357,-0.9181042313575745,8074,5398
0,0.03999999910593033,-0.07000000029802322,9.739999771118164,0.0625,0.0625,-0.0625,29.5,-28.6875,-20.0625,-0.3962460458278656,-0.004760812036693096,0.007141217589378357,-0.9181042313575745,8084,5399
0,0.03999999910593033,-0.07999999821186066,9.760000228881836,0.0625,-0.1875,0.0625,29.5,-28.6875,-20.0625,-0.3962460458278656,-0.004760812036693096,0.007141217589378357,-0.9181042313575745,8094,5400
0,0.05999999865889549,-0.05999999865889549,9.710000038146973,0.0625,0,-0.0625,29.5,-28.6875,-20.0625,-0.3962460458278656,-0.004760812036693096,0.007141217589378357,-0.9181042313575745,8104,5401
0,0.05000000074505806,-0.07000000029802322,9.75,-0.125,0.1875,0,29.5,-28.6875,-20.0625,-0.3962460458278656,-0.004760812036693096,0.007141217589378357,-0.9181042313575745,8114,5402
0,0.05000000074505806,-0.07000000029802322,9.739999771118164,0,-0.0625,0,29.5,-28.6875,-20.0625,-0.3962460458278656,-0.004760812036693096,0.007141217589378357,-0.9181042313575745,8124,5403
0,0.03999999910593033,-0.07999999821186066,9.760000228881836,0,-0.0625,-0.0625,31.375,-28.25,-19.25,-0.3962460458278656,-0.004760812036693096,0.007141217589378357,-0.9181042313575745,8134,5404
0,0.05999999865889549,-0.09000000357627869,9.720000267028809,0,-0.125,0.0625,31.375,-28.25,-19.25,-0.3962460458278656,-0.004760812036693096,0.007141217589378357,-0.9181042313575745,8144,5405
0,0.05999999865889549,-0.07000000029802322,9.720000267028809,-0.0625,0,-0.0625,31.375,-28.25,-19.25,-0.3962460458278656,-0.004760812036693096,0.007141217589378357,-0.9181042313575745,8154,5406
0,0.029999999329447746,-0.09000000357627869,9.75,0.0625,0.125,-0.0625,31.375,-28.25,-19.25,-0.3962460458278656,-0.004760812036693096,0.007141217589378357,-0.9181042313575745,8164,5407
0,0.029999999329447746,-0.07999999821186066,9.75,0,0,0,31.375,-28.25,-19.25,-0.3962460458278656,-0.004760812036693096,0.007141217589378357,-0.9181042313575745,8174,5408
0,0.05999999865889549,-0.09000000357627869,9.75,-0.0625,0.0625,-0.0625,29.5,-25.6875,-20.0625,-0.3962460458278656,-0.004760812036693096,0.007141217589378357,-0.9181042313575745,8184,5409
0,0.05999999865889549,-0.07000000029802322,9.739999771118164,0.0625,-0.0625,0.0625,29.5,-25.6875,-20.0625,-0.3962460458278656,-0.004760812036693096,0.007141217589378357,-0.9181042313575745,8194,5410
0,0.05000000074505806,-0.07999999821186066,9.720000267028809,-0.0625,-0.125,-0.1875,29.5,-25.6875,-20.0625,-0.3962460458278656,-0.004760812036693096,0.007141217589378357,-0.9181042313575745,8204,5411
0,0.03999999910593033,-0.07999999821186066,9.75,-0.125,0.0625,0,29.5,-25.6875,-20.0625,-0.3962460458278656,-0.004760812036693096,0.007141217589378357,-0.9181042313575745,8214,5412
0,0.05999999865889549,-0.05999999865889549,9.739999771118164,0,-0.125,0.0625,29.5,-25.6875,-20.0625,-0.3962460458278656,-0.004760812036693096,0.007141217589378357,-0.9181042313575745,8224,5413
0,0.03999999910593033,-0.10000000149011612,9.779999732971191,-0.0625,-0.125,0,29.875,-27.875,-20.0625,-0.3962460458278656,-0.004760812036693096,0.007141217589378357,-0.9181042313575745,8234,5414
0,0.05999999865889549,-0.05999999865889549,9.729999542236328,-0.0625,-0.125,-0.0625,29.875,-27.875,-20.0625,-0.3962460458278656,-0.004760812036693096,0.007141217589378357,-0.9181042313575745,8244,5415
0,0.05999999865889549,-0.07000000029802322,9.729999542236328,-0.125,-0.25,0.125,29.875,-27.875,-20.0625,-0.3962460458278656,-0.004760812036693096,0.007141217589378357,-0.9181042313575745,8254,5416
0,0.029999999329447746,-0.07999999821186066,9.75,-0.0625,0,-0.0625,29.875,-27.875,-20.0625,-0.3962460458278656,-0.004760812036693096,0.007141217589378357,-0.9181042313575745,8264,5417
0,0.07000000029802322,-0.07999999821186066,9.729999542236328,0,0.0625,0,29.875,-27.875,-20.0625,-0.3962460458278656,-0.004760812036693096,0.007141217589378357,-0.9181042313575745,8274,5418
0,0.05999999865889549,-0.05999999865889549,9.75,0,-0.25,0.0625,30.6875,-15.1875,-19.25,-0.3962460458278656,-0.004760812036693096,0.007141217589378357,-0.9181042313575745,8284,5419
0,0.05000000074505806,-0.07000000029802322,9.770000457763672,0,-0.0625,-0.0625,30.6875,-15.1875,-19.25,-0.3962460458278656,-0.004760812036693096,0.007141217589378357,-0.9181042313575745,8294,5420
0,0.05999999865889549,-0.09000000357627869,9.720000267028809,0,0,0.0625,30.6875,-15.1875,-19.25,-0.3962460458278656,-0.004760812036693096,0.007141217589378357,-0.9181042313575745,8304,5421
0,0.05000000074505806,-0.09000000357627869,9.729999542236328,0,-0.0625,0.0625,30.6875,-15.1875,-19.25,-0.3962460458278656,-0.004760812036693096,0.007141217589378357,-0.9181042313575745,8314,5422
0,0.05000000074505806,-0.10000000149011612,9.760000228881836,0.0625,-0.1875,0,30.6875,-15.1875,-19.25,-0.3962460458278656,-0.004760812036693096,0.007141217589378357,-0.9181042313575745,8324,5423
0,0.05999999865889549,-0.10000000149011612,9.760000228881836,0.125,-0.125,-0.0625,29.875,-29,-18.5,-0.3962460458278656,-0.004760812036693096,0.007141217589378357,-0.9181042313575745,8334,5424
0,0.03999999910593033,-0.07999999821186066,9.739999771118164,-0.0625,-0.0625,0,29.875,-29,-18.5,-0.3962460458278656,-0.004760812036693096,0.007141217589378357,-0.9181042313575745,8344,5425
0,0.03999999910593033,-0.07999999821186066,9.729999542236328,0.0625,-0.0625,0,29.875,-29,-18.5,-0.3962460458278656,-0.004760812036693096,0.007141217589378357,-0.9181042313575745,8354,5426
0,0.05000000074505806,-0.10000000149011612,9.739999771118164,0.125,-0.125,0.0625,29.875,-29,-18.5,-0.3962460458278656,-0.004760812036693096,0.007141217589378357,-0.9181042313575745,8364,5427
0,0.05999999865889549,-0.10000000149011612,9.739999771118164,0,-0.1875,0,29.875,-29,-18.5,-0.3962460458278656,-0.004760812036693096,0.007141217589378357,-0.9181042313575745,8374,5428
0,0.05999999865889549,-0.05999999865889549,9.760000228881836,-0.125,-0.0625,0,28.75,-29.375,-19.5625,-0.3962460458278656,-0.004760812036693096,0.007141217589378357,-0.9181042313575745,8384,5429
0,0.03999999910593033,-0.07999999821186066,9.710000038146973,-0.1875,0,-0.125,28.75,-29.375,-19.5625,-0.3962460458278656,-0.004760812036693096,0.007141217589378357,-0.9181042313575745,8394,5430
0,0.05999999865889549,-0.09000000357627869,9.739999771118164,0,-0.125,0.0625,28.75,-29.375,-19.5625,-0.3962460458278656,-0.004760812036693096,0.007141217589378357,-0.9181042313575745,8404,5431
0,0.05999999865889549,-0.07999999821186066,9.729999542236328,0,0.125,0.0625,28.75,-29.375,-19.5625,-0.3962460458278656,-0.004760812036693096,0.007141217589378357,-0.9181042313575745,8414,5432
0,0.03999999910593033,-0.05999999865889549,9.720000267028809,-0.0625,-0.0625,0.0625,28.75,-29.375,-19.5625,-0.3962460458278656,-0.004760812036693096,0.007141217589378357,-0.9181042313575745,8424,5433
0,0.05999999865889549,-0.10000000149011612,9.770000457763672,-0.0625,-0.125,0.0625,30.6875,-28.6875,-19.5625,-0.3962460458278656,-0.004760812036693096,0.007141217589378357,-0.9181042313575745,8435,5434
0,0.05000000074505806,-0.09000000357627869,9.75,0,0.0625,0,30.6875,-28.6875,-19.5625,-0.3962460458278656,-0.004760812036693096,0.007141217589378357,-0.9181042313575745,8445,5435
0,0.05000000074505806,-0.10000000149011612,9.729999542236328,-0.0625,0.0625,0,30.6875,-28.6875,-19.5625,-0.3962460458278656,-0.004760812036693096,0.007141217589378357,-0.9181042313575745,8454,5436
0,0.05000000074505806,-0.10000000149011612,9.729999542236328,0,-0.125,-0.125,30.6875,-28.6875,-19.5625,-0.3962460458278656,-0.004760812036693096,0.007141217589378357,-0.9181042313575745,8464,5437
0,0.05000000074505806,-0.07000000029802322,9.760000228881836,-0.0625,0.0625,0.0625,30.6875,-28.6875,-19.5625,-0.3962460458278656,-0.004760812036693096,0.007141217589378357,-0.9181042313575745,8474,5438
0,0.029999999329447746,-0.09000000357627869,9.75,0.125,-0.0625,-0.0625,29.5,-18.875,-19.5625,-0.3962460458278656,-0.004760812036693096,0.007141217589378357,-0.9181042313575745,8485,5439
0,0.05000000074505806,-0.07000000029802322,9.739999771118164,0.125,-0.125,0,29.5,-18.875,-19.5625,-0.3962460458278656,-0.004760812036693096,0.007141217589378357,-0.9181042313575745,8494,5440
0,0.05000000074505806,-0.09000000357627869,9.739999771118164,0.125,-0.0625,0.125,29.5,-18.875,-19.5625,-0.3962460458278656,-0.004760812036693096,0.007141217589378357,-0.9181042313575745,8505,5441
0,0.07000000029802322,-0.07999999821186066,9.729999542236328,0,0,0,29.5,-18.875,-19.5625,-0.3962460458278656,-0.004760812036693096,0.007141217589378357,-0.9181042313575745,8514,5442
0,0.029999999329447746,-0.09000000357627869,9.75,0.0625,0.125,-0.0625,29.5,-18.875,-19.5625,-0.3962460458278656,-0.004760812036693096,0.007141217589378357,-0.9181042313575745,8524,5443
0,0.05999999865889549,-0.07999999821186066,9.739999771118164,0.0625,0.0625,0,29.875,-28.25,-18.5,-0.3962460458278656,-0.004760812036693096,0.007141217589378357,-0.9181042313575745,8535,5444
0,0.03999999910593033,-0.09000000357627869,9.760000228881836,0.0625,0.0625,0,29.875,-28.25,-18.5,-0.3962460458278656,-0.004760812036693096,0.007141217589378357,-0.9181042313575745,8545,5445
0,0.05999999865889549,-0.07999999821186066,9.739999771118164,0.125,0,0,29.875,-28.25,-18.5,-0.3962460458278656,-0.004760812036693096,0.007141217589378357,-0.9181042313575745,8555,5446
0,0.05000000074505806,-0.10000000149011612,9.720000267028809,0,0,-0.0625,29.875,-28.25,-18.5,-0.3962460458278656,-0.004760812036693096,0.007141217589378357,-0.9181042313575745,8564,5447
0,0.03999999910593033,-0.07999999821186066,9.739999771118164,0.0625,0.0625,0,29.875,-28.25,-18.5,-0.3962460458278656,-0.004760812036693096,0.007141217589378357,-0.9181042313575745,8574,5448
0,0.03999999910593033,-0.07999999821186066,9.75,0.125,-0.125,0.0625,29.875,-28.25,-19.25,-0.3962460458278656,-0.004760812036693096,0.007141217589378357,-0.9181042313575745,8585,5449
0,0.05999999865889549,-0.09000000357627869,9.739999771118164,-0.0625,0.0625,0,29.875,-28.25,-19.25,-0.3962460458278656,-0.004760812036693096,0.007141217589378357,-0.9181042313575745,8595,5450
0,0.05000000074505806,-0.07000000029802322,9.720000267028809,-0.0625,-0.125,0.0625,29.875,-28.25,-19.25,-0.3962460458278656,-0.004760812036693096,0.007141217589378357,-0.9181042313575745,8605,5451
0,0.05000000074505806,-0.07000000029802322,9.760000228881836,0.0625,-0.0625,-0.0625,29.875,-28.25,-19.25,-0.3962460458278656,-0.004760812036693096,0.007141217589378357,-0.9181042313575745,8615,5452
0,0.05000000074505806,-0.07999999821186066,9.739999771118164,-0.0625,0.0625,-0.0625,29.875,-28.25,-19.25,-0.3962460458278656,-0.004760812036693096,0.007141217589378357,-0.9181042313575745,8624,5453
0,0.05000000074505806,-0.07999999821186066,9.729999542236328,0,-0.0625,0.0625,29.875,-28.6875,-16.875,-0.3962460458278656,-0.004760812036693096,0.007141217589378357,-0.9181042313575745,8635,5454
0,0.03999999910593033,-0.09000000357627869,9.779999732971191,0,-0.1875,0,29.875,-28.6875,-16.875,-0.3962460458278656,-0.004760812036693096,0.007141217589378357,-0.9181042313575745,8645,5455
0,0.07000000029802322,-0.07999999821186066,9.710000038146973,0.0625,0,-0.0625,29.875,-28.6875,-16.875,-0.3962460458278656,-0.004760812036693096,0.007141217589378357,-0.9181042313575745,8655,5456
0,0.05000000074505806,-0.07999999821186066,9.789999961853027,0.125,-0.0625,0,29.875,-28.6875,-16.875,-0.3962460458278656,-0.004760812036693096,0.007141217589378357,-0.9181042313575745,8664,5457
0,0.05000000074505806,-0.09000000357627869,9.75,0.0625,-0.0625,0,29.875,-28.6875,-16.875,-0.3962460458278656,-0.004760812036693096,0.007141217589378357,-0.9181042313575745,8674,5458
0,0.05999999865889549,-0.07000000029802322,9.739999771118164,0.0625,-0.125,0,28.75,-28.6875,-20.0625,-0.3962460458278656,-0.004760812036693096,0.007141217589378357,-0.9181042313575745,8685,5459
0,0.05000000074505806,-0.07000000029802322,9.710000038146973,0.0625,0,0,28.75,-28.6875,-20.0625,-0.3962460458278656,-0.004760812036693096,0.007141217589378357,-0.9181042313575745,8695,5460
0,0.03999999910593033,-0.07999999821186066,9.699999809265137,0,0,-0.0625,28.75,-28.6875,-20.0625,-0.3962460458278656,-0.004760812036693096,0.007141217589378357,-0.9181042313575745,8705,5461
0,0.05999999865889549,-0.07999999821186066,9.720000267028809,-0.0625,0.125,-0.0625,28.75,-28.6875,-20.0625,-0.3962460458278656,-0.004760812036693096,0.007141217589378357,-0.9181042313575745,8715,5462
0,0.05999999865889549,-0.07999999821186066,9.739999771118164,-0.0625,0,0,28.75,-28.6875,-20.0625,-0.3962460458278656,-0.004760812036693096,0.007141217589378357,-0.9181042313575745,8724,5463
0,0.05000000074505806,-0.07000000029802322,9.779999732971191,0.0625,-0.125,0.0625,29.875,-23.375,-19.25,-0.3962460458278656,-0.004760812036693096,0.007141217589378357,-0.9181042313575745,8735,5464
0,0.05000000074505806,-0.07999999821186066,9.770000457763672,0.1875,-0.25,0.0625,29.875,-23.375,-19.25,-0.3962460458278656,-0.004760812036693096,0.007141217589378357,-0.9181042313575745,8745,5465
0,0.05000000074505806,-0.10000000149011612,9.739999771118164,-0.0625,-0.125,-0.0625,29.875,-23.375,-19.25,-0.3962460458278656,-0.004760812036693096,0.007141217589378357,-0.9181042313575745,8755,5466
0,0.07000000029802322,-0.07999999821186066,9.729999542236328,0.0625,0.0625,-0.0625,29.875,-23.375,-19.25,-0.3962460458278656,-0.004760812036693096,0.007141217589378357,-0.9181042313575745,8764,5467
0,0.05000000074505806,-0.10000000149011612,9.729999542236328,0.125,-0.0625,0.125,29.875,-23.375,-19.25,-0.3962460458278656,-0.004760812036693096,0.007141217589378357,-0.9181042313575745,8774,5468
0,0.03999999910593033,-0.07999999821186066,9.720000267028809,0.0625,-0.25,0,29.875,-27.5,-20.5,-0.3962460458278656,-0.004760812036693096,0.007141217589378357,-0.9181042313575745,8785,5469
0,0.03999999910593033,-0.07999999821186066,9.739999771118164,0,-0.125,0.0625,29.875,-27.5,-20.5,-0.3962460458278656,-0.004760812036693096,0.007141217589378357,-0.9181042313575745,8795,5470
0,0.05000000074505806,-0.10000000149011612,9.739999771118164,0,0,0,29.875,-27.5,-20.5,-0.3962460458278656,-0.004760812036693096,0.007141217589378357,-0.9181042313575745,8805,5471
0,0.05999999865889549,-0.07999999821186066,9.760000228881836,-0.0625,-0.1875,-0.0625,29.875,-27.5,-20.5,-0.3962460458278656,-0.004760812036693096,0.007141217589378357,-0.9181042313575745,8815,5472
0,0.05000000074505806,-0.07999999821186066,9.760000228881836,-0.0625,-0.125,-0.125,29.875,-27.5,-20.5,-0.3962460458278656,-0.004760812036693096,0.007141217589378357,-0.9181042313575745,8824,5473
0,0.05999999865889549,-0.09000000357627869,9.729999542236328,0,-0.125,0,30.25,-26.75,-19.5625,-0.3962460458278656,-0.004760812036693096,0.007141217589378357,-0.9181042313575745,8836,5474
0,0.05000000074505806,-0.10000000149011612,9.729999542236328,-0.0625,-0.0625,0,30.25,-26.75,-19.5625,-0.3962460458278656,-0.004760812036693096,0.007141217589378357,-0.9181042313575745,8845,5475
0,0.05000000074505806,-0.07999999821186066,9.739999771118164,0,-0.0625,0,30.25,-26.75,-19.5625,-0.3962460458278656,-0.004760812036693096,0.007141217589378357,-0.9181042313575745,8855,5476
0,0.05000000074505806,-0.09000000357627869,9.729999542236328,0,0,0,30.25,-26.75,-19.5625,-0.3962460458278656,-0.004760812036693096,0.007141217589378357,-0.9181042313575745,8865,5477
0,0.05000000074505806,-0.10000000149011612,9.739999771118164,0,0,0,30.25,-26.75,-19.5625,-0.3962460458278656,-0.004760812036693096,0.007141217589378357,-0.9181042313575745,8874,5478
0,0.03999999910593033,-0.07999999821186066,9.75,0.0625,-0.125,0,30.25,-28.6875,-18.0625,-0.3962460458278656,-0.004760812036693096,0.007141217589378357,-0.9181042313575745,8885,5479
0,0.05999999865889549,-0.07000000029802322,9.729999542236328,0,0.0625,0,30.25,-28.6875,-18.0625,-0.3962460458278656,-0.004760812036693096,0.007141217589378357,-0.9181042313575745,8896,5480
0,0.029999999329447746,-0.07000000029802322,9.739999771118164,0.125,0,0,30.25,-28.6875,-18.0625,-0.3962460458278656,-0.004760812036693096,0.007141217589378357,-0.9181042313575745,8906,5481
0,0.05999999865889549,-0.09000000357627869,9.760000228881836,-0.125,0.0625,0.0625,30.25,-28.6875,-18.0625,-0.3962460458278656,-0.004760812036693096,0.007141217589378357,-0.9181042313575745,8916,5482
0,0.05000000074505806,-0.09000000357627869,9.75,0,-0.0625,0.0625,30.25,-28.6875,-18.0625,-0.3962460458278656,-0.004760812036693096,0.007141217589378357,-0.9181042313575745,8924,5483
0,0.05000000074505806,-0.09000000357627869,9.739999771118164,0.0625,0,0.0625,29.875,-26.375,-18.5,-0.3962460458278656,-0.004760812036693096,0.007141217589378357,-0.9181042313575745,8936,5484
0,0.05000000074505806,-0.09000000357627869,9.760000228881836,-0.0625,-0.0625,0.125,29.875,-26.375,-18.5,-0.3962460458278656,-0.004760812036693096,0.007141217589378357,-0.9181042313575745,8946,5485
0,0.05000000074505806,-0.07999999821186066,9.75,0.0625,0,0,29.875,-26.375,-18.5,-0.3962460458278656,-0.004760812036693096,0.007141217589378357,-0.9181042313575745,8956,5486
0,0.07000000029802322,-0.07999999821186066,9.739999771118164,0.0625,-0.0625,-0.0625,29.875,-26.375,-18.5,-0.3962460458278656,-0.004760812036693096,0.007141217589378357,-0.9181042313575745,8965,5487
0,0.05000000074505806,-0.10000000149011612,9.75,0.1875,-0.0625,0.0625,29.875,-26.375,-18.5,-0.3962460458278656,-0.004760812036693096,0.007141217589378357,-0.9181042313575745,8974,5488
0,0.03999999910593033,-0.09000000357627869,9.720000267028809,0,0.0625,-0.0625,29.5,-27.875,-18.5,-0.3962460458278656,-0.004760812036693096,0.007141217589378357,-0.9181042313575745,8986,5489
0,0.05999999865889549,-0.09000000357627869,9.729999542236328,-0.0625,0,0,29.5,-27.875,-18.5,-0.3962460458278656,-0.004760812036693096,0.007141217589378357,-0.9181042313575745,8996,5490
0,0.07000000029802322,-0.07999999821186066,9.75,0.0625,0,0,29.5,-27.875,-18.5,-0.3962460458278656,-0.004760812036693096,0.007141217589378357,-0.9181042313575745,9006,5491
0,0.03999999910593033,-0.07999999821186066,9.75,-0.0625,-0.25,0.0625,29.5,-27.875,-18.5,-0.3962460458278656,-0.004760812036693096,0.007141217589378357,-0.9181042313575745,9016,5492
0,0.05000000074505806,-0.09000000357627869,9.779999732971191,0.0625,-0.0625,0,29.5,-27.875,-18.5,-0.3962460458278656,-0.004760812036693096,0.007141217589378357,-0.9181042313575745,9024,5493
0,0.05000000074505806,-0.05999999865889549,9.779999732971191,-0.0625,-0.1875,0.0625,30.25,-28.6875,-19.5625,-0.3962460458278656,-0.004760812036693096,0.007141217589378357,-0.9181042313575745,9036,5494
0,0.05000000074505806,-0.05000000074505806,9.760000228881836,0,-0.1875,-0.0625,30.25,-28.6875,-19.5625,-0.3962460458278656,-0.004760812036693096,0.007141217589378357,-0.9181042313575745,9046,5495
0,0.07999999821186066,-0.07999999821186066,9.729999542236328,-0.125,-0.0625,0.0625,30.25,-28.6875,-19.5625,-0.3962460458278656,-0.004760812036693096,0.007141217589378357,-0.9181042313575745,9056,5496
0,0.03999999910593033,-0.10000000149011612,9.75,0,0.125,-0.0625,30.25,-28.6875,-19.5625,-0.3962460458278656,-0.004760812036693096,0.007141217589378357,-0.9181042313575745,9065,5497
0,0.05999999865889549,-0.07000000029802322,9.739999771118164,0,0,0.0625,30.25,-28.6875,-19.5625,-0.3962460458278656,-0.004760812036693096,0.007141217589378357,-0.9181042313575745,9074,5498
0,0.07000000029802322,-0.07999999821186066,9.75,0.0625,0,0.0625,30.25,-27.1875,-20.0625,-0.3962460458278656,-0.004760812036693096,0.007141217589378357,-0.9181042313575745,9086,5499
0,0.05999999865889549,-0.07999999821186066,9.75,-0.0625,-0.1875,-0.125,30.25,-27.1875,-20.0625,-0.3962460458278656,-0.004760812036693096,0.007141217589378357,-0.9181042313575745,9096,5500
0,0.05000000074505806,-0.07999999821186066,9.710000038146973,0.0625,0,-0.0625,30.25,-27.1875,-20.0625,-0.3962460458278656,-0.004760812036693096,0.007141217589378357,-0.9181042313575745,9106,5501
0,0.05999999865889549,-0.07000000029802322,9.729999542236328,0.0625,-0.125,0.0625,30.25,-27.1875,-20.0625,-0.3962460458278656,-0.004760812036693096,0.007141217589378357,-0.9181042313575745,9116,5502
0,0.05999999865889549,-0.05999999865889549,9.760000228881836,0.125,-0.0625,-0.125,30.25,-27.1875,-20.0625,-0.3962460458278656,-0.004760812036693096,0.007141217589378357,-0.9181042313575745,9124,5503
0,0.05000000074505806,-0.07999999821186066,9.770000457763672,0.0625,-0.3125,0,30.25,-29.75,-18.875,-0.3962460458278656,-0.004760812036693096,0.007141217589378357,-0.9181042313575745,9136,5504
0,0.05000000074505806,-0.05999999865889549,9.729999542236328,0.125,0,0.125,30.25,-29.75,-18.875,-0.3962460458278656,-0.004760812036693096,0.007141217589378357,-0.9181042313575745,9146,5505
0,0.05999999865889549,-0.07000000029802322,9.739999771118164,-0.0625,0.1875,0,30.25,-29.75,-18.875,-0.3962460458278656,-0.004760812036693096,0.007141217589378357,-0.9181042313575745,9156,5506
0,0.07000000029802322,-0.07000000029802322,9.75,0.0625,0,0,30.25,-29.75,-18.875,-0.3962460458278656,-0.004760812036693096,0.007141217589378357,-0.9181042313575745,9165,5507
0,0.03999999910593033,-0.07999999821186066,9.739999771118164,0,-0.125,0,30.25,-29.75,-18.875,-0.3962460458278656,-0.004760812036693096,0.007141217589378357,-0.9181042313575745,9174,5508
0,0.05000000074505806,-0.07000000029802322,9.760000228881836,0.0625,0.0625,0.0625,30.25,-30.1875,-18.875,-0.3962460458278656,-0.004760812036693096,0.007141217589378357,-0.9181042313575745,9186,5509
0,0.05999999865889549,-0.07999999821186066,9.760000228881836,0.0625,0.0625,0.0625,30.25,-30.1875,-18.875,-0.3962460458278656,-0.004760812036693096,0.007141217589378357,-0.9181042313575745,9196,5510
0,0.07000000029802322,-0.05999999865889549,9.729999542236328,0.125,0.125,0.0625,30.25,-30.1875,-18.875,-0.3962460458278656,-0.004760812036693096,0.007141217589378357,-0.9181042313575745,9206,5511
0,0.05000000074505806,-0.07000000029802322,9.739999771118164,0.125,0,-0.0625,30.25,-30.1875,-18.875,-0.3962460458278656,-0.004760812036693096,0.007141217589378357,-0.9181042313575745,9216,5512
0,0.05000000074505806,-0.09000000357627869,9.739999771118164,-0.0625,-0.0625,0.0625,30.25,-30.1875,-18.875,-0.3962460458278656,-0.004760812036693096,0.007141217589378357,-0.9181042313575745,9224,5513
0,0.029999999329447746,-0.07999999821186066,9.729999542236328,-0.0625,0,-0.0625,30.6875,-26.375,-18.5,-0.3962460458278656,-0.004760812036693096,0.007141217589378357,-0.9181042313575745,9236,5514
0,0.05000000074505806,-0.09000000357627869,9.760000228881836,-0.0625,0,-0.0625,30.6875,-26.375,-18.5,-0.3962460458278656,-0.004760812036693096,0.007141217589378357,-0.9181042313575745,9246,5515
0,0.029999999329447746,-0.07000000029802322,9.720000267028809,0.0625,0.0625,0.0625,30.6875,-26.375,-18.5,-0.3962460458278656,-0.004760812036693096,0.007141217589378357,-0.9181042313575745,9256,5516
0,0.05000000074505806,-0.05999999865889549,9.710000038146973,0,0,0.0625,30.6875,-26.375,-18.5,-0.3962460458278656,-0.004760812036693096,0.007141217589378357,-0.9181042313575745,9265,5517
0,0.07000000029802322,-0.07999999821186066,9.739999771118164,0.0625,-0.0625,0.0625,30.6875,-26.375,-18.5,-0.3962460458278656,-0.004760812036693096,0.007141217589378357,-0.9181042313575745,9274,5518
0,0.05999999865889549,-0.09000000357627869,9.760000228881836,0,0,0,29.1875,-28.25,-19.25,-0.3962460458278656,-0.004760812036693096,0.007141217589378357,-0.9181042313575745,9286,5519
0,0.03999999910593033,-0.10000000149011612,9.75,0.0625,0.0625,-0.0625,29.1875,-28.25,-19.25,-0.3962460458278656,-0.004760812036693096,0.007141217589378357,-0.9181042313575745,9296,5520
0,0.03999999910593033,-0.07999999821186066,9.739999771118164,0,-0.125,-0.125,29.1875,-28.25,-19.25,-0.3962460458278656,-0.004760812036693096,0.007141217589378357,-0.9181042313575745,9306,5521
0,0.07000000029802322,-0.07999999821186066,9.739999771118164,0,0.0625,0.125,29.1875,-28.25,-19.25,-0.3962460458278656,-0.004760812036693096,0.007141217589378357,-0.9181042313575745,9317,5522
0,0.07000000029802322,-0.07999999821186066,9.75,0.3125,-0.0625,0,29.1875,-28.25,-19.25,-0.3962460458278656,-0.004760812036693096,0.007141217589378357,-0.9181042313575745,9324,5523
0,0.05999999865889549,-0.07000000029802322,9.75,0,0,-0.0625,29.875,-29.375,-19.25,-0.3962460458278656,-0.004760812036693096,0.007141217589378357,-0.9181042313575745,9337,5524
0,0.05999999865889549,-0.09000000357627869,9.720000267028809,0,0,0,29.875,-29.375,-19.25,-0.3962460458278656,-0.004760812036693096,0.007141217589378357,-0.9181042313575745,9347,5525
0,0.05000000074505806,-0.07999999821186066,9.729999542236328,-0.0625,0,-0.125,29.875,-29.375,-19.25,-0.3962460458278656,-0.004760812036693096,0.007141217589378357,-0.9181042313575745,9357,5526
0,0.029999999329447746,-0.07000000029802322,9.720000267028809,-0.0625,0.125,-0.0625,29.875,-29.375,-19.25,-0.3962460458278656,-0.004760812036693096,0.007141217589378357,-0.9181042313575745,9366,5527
0,0.05000000074505806,-0.10000000149011612,9.720000267028809,-0.1875,0.0625,0,29.875,-29.375,-19.25,-0.3962460458278656,-0.004760812036693096,0.007141217589378357,-0.9181042313575745,9374,5528
0,0.05000000074505806,-0.07999999821186066,9.760000228881836,0,0,0.0625,29.5,-27.875,-18.875,-0.3962460458278656,-0.004760812036693096,0.007141217589378357,-0.9181042313575745,9387,5529
0,0.07000000029802322,-0.07999999821186066,9.760000228881836,0.0625,-0.0625,0.125,29.5,-27.875,-18.875,-0.3962460458278656,-0.004760812036693096,0.007141217589378357,-0.9181042313575745,9397,5530
0,0.05999999865889549,-0.07000000029802322,9.720000267028809,0,0.0625,-0.0625,29.5,-27.875,-18.875,-0.3962460458278656,-0.004760812036693096,0.007141217589378357,-0.9181042313575745,9407,5531
0,0.05000000074505806,-0.07000000029802322,9.75,0.0625,-0.375,0,29.5,-27.875,-18.875,-0.3962460458278656,-0.004760812036693096,0.007141217589378357,-0.9181042313575745,9417,5532
0,0.07000000029802322,-0.09000000357627869,9.75,-0.0625,-0.125,0.0625,29.5,-27.875,-18.875,-0.3962460458278656,-0.004760812036693096,0.007141217589378357,-0.9181042313575745,9424,5533
0,0.05000000074505806,-0.09000000357627869,9.75,0.125,-0.125,0.0625,30.25,-22.25,-19.5625,-0.3962460458278656,-0.004760812036693096,0.007141217589378357,-0.9181042313575745,9437,5534
0,0.03999999910593033,-0.10000000149011612,9.770000457763672,0,-0.1875,0,30.25,-22.25,-19.5625,-0.3962460458278656,-0.004760812036693096,0.007141217589378357,-0.9181042313575745,9447,5535
0,0.05999999865889549,-0.07999999821186066,9.720000267028809,-0.0625,0,0,30.25,-22.25,-19.5625,-0.3962460458278656,-0.004760812036693096,0.007141217589378357,-0.9181042313575745,9457,5536
0,0.03999999910593033,-0.07000000029802322,9.75,0,-0.125,0.0625,30.25,-22.25,-19.5625,-0.3962460458278656,-0.004760812036693096,0.007141217589378357,-0.9181042313575745,9466,5537
0,0.05000000074505806,-0.07999999821186066,9.760000228881836,-0.0625,0.125,-0.0625,30.25,-22.25,-19.5625,-0.3962460458278656,-0.004760812036693096,0.007141217589378357,-0.9181042313575745,9474,5538
0,0.07999999821186066,-0.10000000149011612,9.770000457763672,-0.125,0.125,0.0625,29.875,-27.1875,-18.5,-0.3962460458278656,-0.004760812036693096,0.007141217589378357,-0.9181042313575745,9487,5539
0,0.03999999910593033,-0.05999999865889549,9.729999542236328,0.1875,-0.0625,0,29.875,-27.1875,-18.5,-0.3962460458278656,-0.004760812036693096,0.007141217589378357,-0.9181042313575745,9497,5540
0,0.03999999910593033,-0.09000000357627869,9.739999771118164,0.0625,-0.1875,-0.0625,29.875,-27.1875,-18.5,-0.3962460458278656,-0.004760812036693096,0.007141217589378357,-0.9181042313575745,9507,5541
0,0.05000000074505806,-0.07999999821186066,9.75,0.125,-0.0625,0.0625,29.875,-27.1875,-18.5,-0.3962460458278656,-0.004760812036693096,0.007141217589378357,-0.9181042313575745,9517,5542
0,0.07000000029802322,-0.05999999865889549,9.770000457763672,-0.125,-0.0625,-0.0625,29.875,-27.1875,-18.5,-0.3962460458278656,-0.004760812036693096,0.007141217589378357,-0.9181042313575745,9524,5543
0,0.05999999865889549,-0.07999999821186066,9.739999771118164,0.125,-0.1875,0.0625,31.375,-28.25,-18.75,-0.3962460458278656,-0.004760812036693096,0.007141217589378357,-0.9181042313575745,9537,5544
0,0.05999999865889549,-0.07999999821186066,9.699999809265137,0.1875,-0.0625,0.0625,31.375,-28.25,-18.75,-0.3962460458278656,-0.004760812036693096,0.007141217589378357,-0.9181042313575745,9547,5545
0,0.05999999865889549,-0.09000000357627869,9.729999542236328,0.125,0,0,31.375,-28.25,-18.75,-0.3962460458278656,-0.004760812036693096,0.007141217589378357,-0.9181042313575745,9557,5546
0,0.05000000074505806,-0.07000000029802322,9.729999542236328,0.0625,-0.125,-0.0625,31.375,-28.25,-18.75,-0.3962460458278656,-0.004760812036693096,0.007141217589378357,-0.9181042313575745,9566,5547
0,0.03999999910593033,-0.09000000357627869,9.739999771118164,-0.0625,0,0.0625,31.375,-28.25,-18.75,-0.3962460458278656,-0.004760812036693096,0.007141217589378357,-0.9181042313575745,9574,5548
0,0.03999999910593033,-0.07999999821186066,9.75,-0.0625,-0.125,-0.0625,30.25,-26.75,-19.5625,-0.3962460458278656,-0.004760812036693096,0.007141217589378357,-0.9181042313575745,9587,5549
0,0.05000000074505806,-0.07000000029802322,9.699999809265137,0.125,-0.125,0.0625,30.25,-26.75,-19.5625,-0.3962460458278656,-0.004760812036693096,0.007141217589378357,-0.9181042313575745,9597,5550
0,0.05999999865889549,-0.05999999865889549,9.729999542236328,0.0625,-0.125,0.0625,30.25,-26.75,-19.5625,-0.3962460458278656,-0.004760812036693096,0.007141217589378357,-0.9181042313575745,9607,5551
0,0.03999999910593033,-0.09000000357627869,9.739999771118164,-0.0625,-0.0625,0.0625,30.25,-26.75,-19.5625,-0.3962460458278656,-0.004760812036693096,0.007141217589378357,-0.9181042313575745,9617,5552
0,0.05000000074505806,-0.07999999821186066,9.770000457763672,0.0625,0.125,0,30.25,-26.75,-19.5625,-0.3962460458278656,-0.004760812036693096,0.007141217589378357,-0.9181042313575745,9624,5553
0,0.03999999910593033,-0.05999999865889549,9.739999771118164,0,0.125,-0.0625,30.6875,-27.1875,-19.5625,-0.3962460458278656,-0.004760812036693096,0.007141217589378357,-0.9181042313575745,9637,5554
0,0.05999999865889549,-0.07999999821186066,9.75,-0.0625,0,0,30.6875,-27.1875,-19.5625,-0.3962460458278656,-0.004760812036693096,0.007141217589378357,-0.9181042313575745,9647,5555
0,0.05000000074505806,-0.07999999821186066,9.729999542236328,0,0.0625,-0.0625,30.6875,-27.1875,-19.5625,-0.3962460458278656,-0.004760812036693096,0.007141217589378357,-0.9181042313575745,9657,5556
0,0.03999999910593033,-0.07000000029802322,9.770000457763672,0,0.1875,-0.0625,30.6875,-27.1875,-19.5625,-0.3962460458278656,-0.004760812036693096,0.007141217589378357,-0.9181042313575745,9667,5557
0,0.05000000074505806,-0.07999999821186066,9.770000457763672,0.0625,0,0.1875,30.6875,-27.1875,-19.5625,-0.3962460458278656,-0.004760812036693096,0.007141217589378357,-0.9181042313575745,9674,5558
0,0.07000000029802322,-0.07999999821186066,9.770000457763672,0,-0.125,0.0625,29.5,-27.1875,-19.25,-0.3962460458278656,-0.004760812036693096,0.007141217589378357,-0.9181042313575745,9687,5559
0,0.03999999910593033,-0.07000000029802322,9.720000267028809,0.125,-0.25,0,29.5,-27.1875,-19.25,-0.3962460458278656,-0.004760812036693096,0.007141217589378357,-0.9181042313575745,9697,5560
0,0.05000000074505806,-0.07000000029802322,9.760000228881836,0,-0.0625,0.0625,29.5,-27.1875,-19.25,-0.3962460458278656,-0.004760812036693096,0.007141217589378357,-0.9181042313575745,9707,5561
0,0.05000000074505806,-0.07999999821186066,9.729999542236328,-0.0625,-0.1875,0,29.5,-27.1875,-19.25,-0.3962460458278656,-0.004760812036693096,0.007141217589378357,-0.9181042313575745,9717,5562
0,0.05999999865889549,-0.09000000357627869,9.739999771118164,0,-0.0625,0.0625,29.5,-27.1875,-19.25,-0.3962460458278656,-0.004760812036693096,0.007141217589378357,-0.9181042313575745,9724,5563
0,0.03999999910593033,-0.09000000357627869,9.739999771118164,0,-0.0625,0,29.5,-17.75,-19.5625,-0.3962460458278656,-0.004760812036693096,0.007141217589378357,-0.9181042313575745,9737,5564
0,0.05000000074505806,-0.07999999821186066,9.729999542236328,0,-0.0625,0,29.5,-17.75,-19.5625,-0.3962460458278656,-0.004760812036693096,0.007141217589378357,-0.9181042313575745,9747,5565
0,0.05999999865889549,-0.09000000357627869,9.75,0,0,0.0625,29.5,-17.75,-19.5625,-0.3962460458278656,-0.004760812036693096,0.007141217589378357,-0.9181042313575745,9757,5566
0,0.07000000029802322,-0.07999999821186066,9.729999542236328,0,0,0.0625,29.5,-17.75,-19.5625,-0.3962460458278656,-0.004760812036693096,0.007141217589378357,-0.9181042313575745,9767,5567
0,0.05999999865889549,-0.07999999821186066,9.760000228881836,-0.0625,-0.125,0,29.5,-17.75,-19.5625,-0.3962460458278656,-0.004760812036693096,0.007141217589378357,-0.9181042313575745,9774,5568
0,0.03999999910593033,-0.07999999821186066,9.770000457763672,0,0.125,-0.0625,29.5,-30.1875,-19.5625,-0.3962460458278656,-0.004760812036693096,0.007141217589378357,-0.9181042313575745,9787,5569
0,0.05000000074505806,-0.09000000357627869,9.729999542236328,0,0,0,29.5,-30.1875,-19.5625,-0.3962460458278656,-0.004760812036693096,0.007141217589378357,-0.9181042313575745,9797,5570
0,0.05999999865889549,-0.07000000029802322,9.760000228881836,0,-0.0625,0.0625,29.5,-30.1875,-19.5625,-0.3962460458278656,-0.004760812036693096,0.007141217589378357,-0.9181042313575745,9807,5571
0,0.03999999910593033,-0.07999999821186066,9.710000038146973,0,-0.1875,-0.0625,29.5,-30.1875,-19.5625,-0.3962460458278656,-0.004760812036693096,0.007141217589378357,-0.9181042313575745,9817,5572
0,0.05000000074505806,-0.10000000149011612,9.739999771118164,0,-0.1875,-0.0625,29.5,-30.1875,-19.5625,-0.3962460458278656,-0.004760812036693096,0.007141217589378357,-0.9181042313575745,9824,5573
0,0.05999999865889549,-0.07999999821186066,9.75,0.0625,-0.125,0,29.875,-18.1875,-18.875,-0.3962460458278656,-0.004760812036693096,0.007141217589378357,-0.9181042313575745,9837,5574
0,0.05000000074505806,-0.09000000357627869,9.75,0.0625,-0.0625,0.0625,29.875,-18.1875,-18.875,-0.3962460458278656,-0.004760812036693096,0.007141217589378357,-0.9181042313575745,9847,5575
0,0.03999999910593033,-0.05000000074505806,9.710000038146973,0,0.0625,-0.125,29.875,-18.1875,-18.875,-0.3962460458278656,-0.004760812036693096,0.007141217589378357,-0.9181042313575745,9857,5576
0,0.07000000029802322,-0.07999999821186066,9.729999542236328,0,0.0625,-0.125,29.875,-18.1875,-18.875,-0.3962460458278656,-0.004760812036693096,0.007141217589378357,-0.9181042313575745,9867,5577
0,0.07999999821186066,-0.07999999821186066,9.75,0,0.0625,0.125,29.875,-18.1875,-18.875,-0.3962460458278656,-0.004760812036693096,0.007141217589378357,-0.9181042313575745,9874,5578
0,0.05000000074505806,-0.07999999821186066,9.760000228881836,-0.1875,-0.125,0,29.1875,-31.25,-18.5,-0.3962460458278656,-0.004760812036693096,0.007141217589378357,-0.9181042313575745,9887,5579
0,0.05000000074505806,-0.05000000074505806,9.720000267028809,-0.125,0.0625,0,29.1875,-31.25,-18.5,-0.3962460458278656,-0.004760812036693096,0.007141217589378357,-0.9181042313575745,9897,5580
0,0.07000000029802322,-0.07000000029802322,9.729999542236328,0.0625,-0.0625,0,29.1875,-31.25,-18.5,-0.3962460458278656,-0.004760812036693096,0.007141217589378357,-0.9181042313575745,9907,5581
0,0.05000000074505806,-0.07999999821186066,9.739999771118164,-0.0625,0.0625,0,29.1875,-31.25,-18.5,-0.3962460458278656,-0.004760812036693096,0.007141217589378357,-0.9181042313575745,9917,5582
0,0.05999999865889549,-0.07999999821186066,9.760000228881836,-0.0625,0.0625,0,29.1875,-31.25,-18.5,-0.3962460458278656,-0.004760812036693096,0.007141217589378357,-0.9181042313575745,9924,5583
0,0.07000000029802322,-0.07000000029802322,9.75,-0.0625,0,-0.0625,30.25,-29.75,-19.25,-0.3962460458278656,-0.004760812036693096,0.007141217589378357,-0.9181042313575745,9937,5584
0,0.05000000074505806,-0.09000000357627869,9.75,-0.125,0.0625,-0.0625,30.25,-29.75,-19.25,-0.3962460458278656,-0.004760812036693096,0.007141217589378357,-0.9181042313575745,9947,5585
0,0.05999999865889549,-0.07999999821186066,9.739999771118164,0.0625,0.125,0,30.25,-29.75,-19.25,-0.3962460458278656,-0.004760812036693096,0.007141217589378357,-0.9181042313575745,9957,5586
0,0.05999999865889549,-0.07999999821186066,9.739999771118164,0.0625,0.125,0,30.25,-29.75,-19.25,-0.3962460458278656,-0.004760812036693096,0.007141217589378357,-0.9181042313575745,9967,5587
0,0.03999999910593033,-0.07000000029802322,9.739999771118164,0,0.125,0.0625,30.25,-29.75,-19.25,-0.3962460458278656,-0.004760812036693096,0.007141217589378357,-0.9181042313575745,9974,5588
0,0.05000000074505806,-0.07999999821186066,9.760000228881836,0,0,0,29.5,-30.1875,-19.25,-0.3962460458278656,-0.004760812036693096,0.007141217589378357,-0.9181042313575745,9987,5589
0,0.05000000074505806,-0.07000000029802322,9.770000457763672,0,-0.1875,0,29.5,-30.1875,-19.25,-0.3962460458278656,-0.004760812036693096,0.007141217589378357,-0.9181042313575745,9997,5590
0,0.05999999865889549,-0.07000000029802322,9.699999809265137,0.0625,-0.1875,-0.0625,29.5,-30.1875,-19.25,-0.3962460458278656,-0.004760812036693096,0.007141217589378357,-0.9181042313575745,10007,5591
0,0.05000000074505806,-0.09000000357627869,9.739999771118164,0.1875,0,0.0625,29.5,-30.1875,-19.25,-0.3962460458278656,-0.004760812036693096,0.007141217589378357,-0.9181042313575745,10017,5592
0,0.019999999552965164,-0.07000000029802322,9.75,0.1875,0,0.0625,29.5,-30.1875,-19.25,-0.3962460458278656,-0.004760812036693096,0.007141217589378357,-0.9181042313575745,10024,5593
0,0.05999999865889549,-0.07000000029802322,9.710000038146973,0,-0.1875,0,30.25,-24.1875,-18.5,-0.3962460458278656,-0.004760812036693096,0.007141217589378357,-0.9181042313575745,10037,5594
0,0.05000000074505806,-0.05999999865889549,9.739999771118164,0,-0.1875,0,30.25,-24.1875,-18.5,-0.3962460458278656,-0.004760812036693096,0.007141217589378357,-0.9181042313575745,10047,5595
0,0.05000000074505806,-0.07999999821186066,9.710000038146973,-0.0625,0.125,0,30.25,-24.1875,-18.5,-0.3962460458278656,-0.004760812036693096,0.007141217589378357,-0.9181042313575745,10057,5596
0,0.05000000074505806,-0.05999999865889549,9.739999771118164,-0.0625,0.1875,0,30.25,-24.1875,-18.5,-0.3962460458278656,-0.004760812036693096,0.007141217589378357,-0.9181042313575745,10067,5597
0,0.05000000074505806,-0.07000000029802322,9.75,-0.0625,0.1875,0,30.25,-24.1875,-18.5,-0.3962460458278656,-0.004760812036693096,0.007141217589378357,-0.9181042313575745,10074,5598
0,0.07000000029802322,-0.07999999821186066,9.720000267028809,0.0625,-0.125,-0.0625,28.75,-30.5,-19.25,-0.3962460458278656,-0.004760812036693096,0.007141217589378357,-0.9181042313575745,10087,5599
0,0.05000000074505806,-0.09000000357627869,9.75,0.0625,-0.0625,0,28.75,-30.5,-19.25,-0.3962460458278656,-0.004760812036693096,0.007141217589378357,-0.9181042313575745,10097,5600
0,0.05000000074505806,-0.05999999865889549,9.729999542236328,0,-0.0625,0.0625,28.75,-30.5,-19.25,-0.3962460458278656,-0.004760812036693096,0.007141217589378357,-0.9181042313575745,10107,5601
0,0.05000000074505806,-0.09000000357627869,9.729999542236328,-0.0625,-0.0625,0.0625,28.75,-30.5,-19.25,-0.3962460458278656,-0.004760812036693096,0.007141217589378357,-0.9181042313575745,10117,5602
0,0.07000000029802322,-0.07000000029802322,9.729999542236328,-0.0625,-0.0625,0.0625,28.75,-30.5,-19.25,-0.3962460458278656,-0.004760812036693096,0.007141217589378357,-0.9181042313575745,10124,5603
0,0.07000000029802322,-0.05999999865889549,9.739999771118164,0.0625,-0.0625,0.125,29.1875,-29.75,-18.5,-0.3962460458278656,-0.004760812036693096,0.007141217589378357,-0.9181042313575745,10137,5604
0,0.05999999865889549,-0.09000000357627869,9.770000457763672,0.0625,-0.0625,0.1875,29.1875,-29.75,-18.5,-0.3962460458278656,-0.004760812036693096,0.007141217589378357,-0.9181042313575745,10147,5605
0,0.05999999865889549,-0.07999999821186066,9.729999542236328,0,-0.125,0.125,29.1875,-29.75,-18.5,-0.3962460458278656,-0.004760812036693096,0.007141217589378357,-0.9181042313575745,10157,5606
0,0.029999999329447746,-0.07999999821186066,9.739999771118164,0.125,-0.0625,0.0625,29.1875,-29.75,-18.5,-0.3962460458278656,-0.004760812036693096,0.007141217589378357,-0.9181042313575745,10167,5607
0,0.05000000074505806,-0.09000000357627869,9.729999542236328,0.125,-0.0625,0.0625,29.1875,-29.75,-18.5,-0.3962460458278656,-0.004760812036693096,0.007141217589378357,-0.9181042313575745,10175,5608
0,0.05000000074505806,-0.10000000149011612,9.75,0.0625,0,-0.125,30.25,-23,-18.5,-0.3962460458278656,-0.004760812036693096,0.007141217589378357,-0.9181042313575745,10187,5609
0,0.05000000074505806,-0.07000000029802322,9.739999771118164,0.125,-0.125,0.0625,30.25,-23,-18.5,-0.3962460458278656,-0.004760812036693096,0.007141217589378357,-0.9181042313575745,10197,5610
0,0.05000000074505806,-0.07999999821186066,9.710000038146973,0,0.0625,0,30.25,-23,-18.5,-0.3962460458278656,-0.004760812036693096,0.007141217589378357,-0.9181042313575745,10207,5611
0,0.05999999865889549,-0.09000000357627869,9.720000267028809,-0.0625,-0.0625,0,30.25,-23,-18.5,-0.3962460458278656,-0.004760812036693096,0.007141217589378357,-0.9181042313575745,10217,5612
0,0.05999999865889549,-0.07999999821186066,9.75,-0.0625,-0.0625,0,30.25,-23,-18.5,-0.3962460458278656,-0.004760812036693096,0.007141217589378357,-0.9181042313575745,10225,5613
0,0.03999999910593033,-0.09000000357627869,9.75,0.125,-0.125,0.0625,29.5,-29.375,-18.0625,-0.3962460458278656,-0.004760812036693096,0.007141217589378357,-0.9181042313575745,10237,5614
0,0.05000000074505806,-0.05999999865889549,9.729999542236328,0,0,0.0625,29.5,-29.375,-18.0625,-0.3962460458278656,-0.004760812036693096,0.007141217589378357,-0.9181042313575745,10247,5615
0,0.03999999910593033,-0.07000000029802322,9.739999771118164,0,0,0.0625,29.5,-29.375,-18.0625,-0.3962460458278656,-0.004760812036693096,0.007141217589378357,-0.9181042313575745,10257,5616
0,0.05999999865889549,-0.07999999821186066,9.720000267028809,0.0625,0,-0.0625,29.5,-29.375,-18.0625,-0.3962460458278656,-0.004760812036693096,0.007141217589378357,-0.9181042313575745,10267,5617
0,0.05000000074505806,-0.05999999865889549,9.729999542236328,0.0625,0,-0.0625,29.5,-29.375,-18.0625,-0.3962460458278656,-0.004760812036693096,0.007141217589378357,-0.9181042313575745,10275,5618
0,0.05000000074505806,-0.07999999821186066,9.739999771118164,-0.125,0.25,-0.0625,30.6875,-27.1875,-18.5,-0.3962460458278656,-0.004760812036693096,0.007141217589378357,-0.9181042313575745,10287,5619
0,0.05999999865889549,-0.07999999821186066,9.779999732971191,-0.0625,0.125,0.0625,30.6875,-27.1875,-18.5,-0.3962460458278656,-0.004760812036693096,0.007141217589378357,-0.9181042313575745,10297,5620
0,0.05999999865889549,-0.05999999865889549,9.720000267028809,-0.0625,-0.0625,0.0625,30.6875,-27.1875,-18.5,-0.3962460458278656,-0.004760812036693096,0.007141217589378357,-0.9181042313575745,10307,5621
0,0.05999999865889549,-0.07000000029802322,9.75,0.0625,-0.125,0.0625,30.6875,-27.1875,-18.5,-0.3962460458278656,-0.004760812036693096,0.007141217589378357,-0.9181042313575745,10317,5622
0,0.05999999865889549,-0.07000000029802322,9.739999771118164,0.0625,-0.125,0.0625,30.6875,-27.1875,-18.5,-0.3962460458278656,-0.004760812036693096,0.007141217589378357,-0.9181042313575745,10325,5623
0,0.05000000074505806,-0.07999999821186066,9.729999542236328,0.0625,0,0.0625,30.25,-18.1875,-18.875,-0.3962460458278656,-0.004760812036693096,0.007141217589378357,-0.9181042313575745,10337,5624
0,0.03999999910593033,-0.07999999821186066,9.729999542236328,0.0625,-0.1875,0.0625,30.25,-18.1875,-18.875,-0.3962460458278656,-0.004760812036693096,0.007141217589378357,-0.9181042313575745,10347,5625
0,0.029999999329447746,-0.07999999821186066,9.720000267028809,0,-0.1875,0.0625,30.25,-18.1875,-18.875,-0.3962460458278656,-0.004760812036693096,0.007141217589378357,-0.9181042313575745,10357,5626
0,0.05000000074505806,-0.07999999821186066,9.720000267028809,0.125,-0.1875,0.0625,30.25,-18.1875,-18.875,-0.3962460458278656,-0.004760812036693096,0.007141217589378357,-0.9181042313575745,10367,5627
0,0.05999999865889549,-0.07999999821186066,9.739999771118164,0.125,-0.1875,0.0625,30.25,-18.1875,-18.875,-0.3962460458278656,-0.004760812036693096,0.007141217589378357,-0.9181042313575745,10375,5628
0,0.05000000074505806,-0.07000000029802322,9.75,-0.0625,0,0,31,-30.1875,-16.75,-0.3962460458278656,-0.004760812036693096,0.007141217589378357,-0.9181042313575745,10386,5629
0,0.07999999821186066,-0.05999999865889549,9.760000228881836,0.125,0,-0.0625,31,-30.1875,-16.75,-0.3962460458278656,-0.004760812036693096,0.007141217589378357,-0.9181042313575745,10396,5630
0,0.05999999865889549,-0.07000000029802322,9.739999771118164,-0.0625,-0.125,0.125,31,-30.1875,-16.75,-0.3962460458278656,-0.004760812036693096,0.007141217589378357,-0.9181042313575745,10407,5631
0,0.05999999865889549,-0.07000000029802322,9.770000457763672,0.125,0,0,31,-30.1875,-16.75,-0.3962460458278656,-0.004760812036693096,0.007141217589378357,-0.9181042313575745,10417,5632
0,0.03999999910593033,-0.07999999821186066,9.739999771118164,0.125,0,0,31,-30.1875,-16.75,-0.3962460458278656,-0.004760812036693096,0.007141217589378357,-0.9181042313575745,10425,5633
0,0.07000000029802322,-0.09000000357627869,9.729999542236328,-0.0625,0,-0.0625,29.875,-28.25,-19.5625,-0.3962460458278656,-0.004760812036693096,0.007141217589378357,-0.9181042313575745,10437,5634
0,0.05000000074505806,-0.07999999821186066,9.739999771118164,0.0625,-0.0625,0,29.875,-28.25,-19.5625,-0.3962460458278656,-0.004760812036693096,0.007141217589378357,-0.9181042313575745,10447,5635
0,0.07000000029802322,-0.09000000357627869,9.720000267028809,0.0625,0.125,0,29.875,-28.25,-19.5625,-0.3962460458278656,-0.004760812036693096,0.007141217589378357,-0.9181042313575745,10456,5636
0,0.09000000357627869,-0.07000000029802322,9.729999542236328,0.0625,-0.125,0,29.875,-28.25,-19.5625,-0.3962460458278656,-0.004760812036693096,0.007141217589378357,-0.9181042313575745,10467,5637
0,0.05999999865889549,-0.05000000074505806,9.739999771118164,0.0625,-0.125,0,29.875,-28.25,-19.5625,-0.3962460458278656,-0.004760812036693096,0.007141217589378357,-0.9181042313575745,10475,5638
0,0.05000000074505806,-0.09000000357627869,9.770000457763672,-0.0625,-0.125,0.0625,31,-30.5,-18.5,-0.3962460458278656,-0.004760812036693096,0.007141217589378357,-0.9181042313575745,10487,5639
0,0.05999999865889549,-0.07999999821186066,9.720000267028809,0.0625,0,-0.0625,31,-30.5,-18.5,-0.3962460458278656,-0.004760812036693096,0.007141217589378357,-0.9181042313575745,10497,5640
0,0.05999999865889549,-0.09000000357627869,9.75,-0.125,-0.0625,0.0625,31,-30.5,-18.5,-0.3962460458278656,-0.004760812036693096,0.007141217589378357,-0.9181042313575745,10507,5641
0,0.03999999910593033,-0.05999999865889549,9.720000267028809,-0.0625,0.0625,0,31,-30.5,-18.5,-0.3962460458278656,-0.004760812036693096,0.007141217589378357,-0.9181042313575745,10517,5642
0,0.07000000029802322,-0.10999999940395355,9.739999771118164,-0.0625,0.0625,0,31,-30.5,-18.5,-0.3962460458278656,-0.004760812036693096,0.007141217589378357,-0.9181042313575745,10525,5643
0,0.05999999865889549,-0.07999999821186066,9.760000228881836,-0.0625,-0.125,-0.125,29.5,-29.375,-18.5,-0.3962460458278656,-0.004760812036693096,0.007141217589378357,-0.9181042313575745,10536,5644
0,0.05000000074505806,-0.10000000149011612,9.739999771118164,0.0625,0,0,29.5,-29.375,-18.5,-0.3962460458278656,-0.004760812036693096,0.007141217589378357,-0.9181042313575745,10546,5645
0,0.05000000074505806,-0.07999999821186066,9.760000228881836,0,-0.125,0.0625,29.5,-29.375,-18.5,-0.3962460458278656,-0.004760812036693096,0.007141217589378357,-0.9181042313575745,10556,5646
0,0.05999999865889549,-0.09000000357627869,9.729999542236328,0.0625,0.0625,0,29.5,-29.375,-18.5,-0.3962460458278656,-0.004760812036693096,0.007141217589378357,-0.9181042313575745,10567,5647
0,0.05999999865889549,-0.07000000029802322,9.729999542236328,0.0625,0.0625,0,29.5,-29.375,-18.5,-0.3962460458278656,-0.004760812036693096,0.007141217589378357,-0.9181042313575745,10575,5648
0,0.05999999865889549,-0.07000000029802322,9.760000228881836,0,-0.125,0,29.1875,-31.6875,-18.0625,-0.3962460458278656,-0.004760812036693096,0.007141217589378357,-0.9181042313575745,10586,5649
0,0.07999999821186066,-0.07999999821186066,9.739999771118164,0.0625,0.1875,0,29.1875,-31.6875,-18.0625,-0.3962460458278656,-0.004760812036693096,0.007141217589378357,-0.9181042313575745,10596,5650
0,0.029999999329447746,-0.05999999865889549,9.75,-0.0625,0,0,29.1875,-31.6875,-18.0625,-0.3962460458278656,-0.004760812036693096,0.007141217589378357,-0.9181042313575745,10606,5651
0,0.05000000074505806,-0.05999999865889549,9.739999771118164,0,0,-0.125,29.1875,-31.6875,-18.0625,-0.3962460458278656,-0.004760812036693096,0.007141217589378357,-0.9181042313575745,10617,5652
0,0.05999999865889549,-0.09000000357627869,9.760000228881836,0,0,-0.125,29.1875,-31.6875,-18.0625,-0.3962460458278656,-0.004760812036693096,0.007141217589378357,-0.9181042313575745,10625,5653
0,0.07000000029802322,-0.07000000029802322,9.779999732971191,0.0625,-0.125,-0.0625,29.5,-24.5,-18.5,-0.3962460458278656,-0.004760812036693096,0.007141217589378357,-0.9181042313575745,10636,5654
0,0.03999999910593033,-0.05999999865889549,9.739999771118164,0.0625,-0.1875,0.1875,29.5,-24.5,-18.5,-0.3962460458278656,-0.004760812036693096,0.007141217589378357,-0.9181042313575745,10646,5655
0,0.07000000029802322,-0.07999999821186066,9.699999809265137,0.0625,0.0625,-0.0625,29.5,-24.5,-18.5,-0.3962460458278656,-0.004760812036693096,0.007141217589378357,-0.9181042313575745,10656,5656
0,0.05000000074505806,-0.07000000029802322,9.75,0.0625,0.25,0,29.5,-24.5,-18.5,-0.3962460458278656,-0.004760812036693096,0.007141217589378357,-0.9181042313575745,10666,5657
0,0.05000000074505806,-0.05999999865889549,9.75,0.0625,0.25,0,29.5,-24.5,-18.5,-0.3962460458278656,-0.004760812036693096,0.007141217589378357,-0.9181042313575745,10675,5658
0,0.07000000029802322,-0.07999999821186066,9.720000267028809,0.1875,0,0.0625,31.375,-20.375,-18.5,-0.3962460458278656,-0.004760812036693096,0.007141217589378357,-0.9181042313575745,10686,5659
0,0.07999999821186066,-0.10000000149011612,9.75,-0.125,0.125,0,31.375,-20.375,-18.5,-0.3962460458278656,-0.004760812036693096,0.007141217589378357,-0.9181042313575745,10696,5660
0,0.05999999865889549,-0.07999999821186066,9.729999542236328,0.0625,0.25,0.0625,31.375,-20.375,-18.5,-0.3962460458278656,-0.004760812036693096,0.007141217589378357,-0.9181042313575745,10706,5661
0,0.05000000074505806,-0.09000000357627869,9.739999771118164,-0.0625,0.0625,0,31.375,-20.375,-18.5,-0.3962460458278656,-0.004760812036693096,0.007141217589378357,-0.9181042313575745,10716,5662
0,0.05000000074505806,-0.09000000357627869,9.770000457763672,-0.0625,0.0625,0,31.375,-20.375,-18.5,-0.3962460458278656,-0.004760812036693096,0.007141217589378357,-0.9181042313575745,10725,5663
0,0.07999999821186066,-0.07999999821186066,9.770000457763672,0.0625,0,0.0625,29.5,-29.75,-17.5625,-0.3962460458278656,-0.004760812036693096,0.007141217589378357,-0.9181042313575745,10736,5664
0,0.05999999865889549,-0.09000000357627869,9.729999542236328,0.125,0,0,29.5,-29.75,-17.5625,-0.3962460458278656,-0.004760812036693096,0.007141217589378357,-0.9181042313575745,10746,5665
0,0.05000000074505806,-0.07999999821186066,9.739999771118164,0.1875,-0.25,0.0625,29.5,-29.75,-17.5625,-0.3962460458278656,-0.004760812036693096,0.007141217589378357,-0.9181042313575745,10756,5666
0,0.07000000029802322,-0.07999999821186066,9.75,0,0.3125,0,29.5,-29.75,-17.5625,-0.3962460458278656,-0.004760812036693096,0.007141217589378357,-0.9181042313575745,10766,5667
0,0.03999999910593033,-0.07999999821186066,9.710000038146973,0,0.1875,0,29.5,-29.75,-17.5625,-0.3962460458278656,-0.004760812036693096,0.007141217589378357,-0.9181042313575745,10775,5668
0,0.05000000074505806,-0.07000000029802322,9.739999771118164,0,-0.0625,0.0625,29.875,-26.75,-18.5,-0.3962460458278656,-0.004760812036693096,0.007141217589378357,-0.9181042313575745,10786,5669
0,0.05000000074505806,-0.07999999821186066,9.770000457763672,0.0625,-0.0625,0,29.875,-26.75,-18.5,-0.3962460458278656,-0.004760812036693096,0.007141217589378357,-0.9181042313575745,10796,5670
0,0.05000000074505806,-0.07999999821186066,9.729999542236328,0.0625,-0.125,0.0625,29.875,-26.75,-18.5,-0.3962460458278656,-0.004760812036693096,0.007141217589378357,-0.9181042313575745,10806,5671
0,0.05000000074505806,-0.07999999821186066,9.739999771118164,0.0625,-0.0625,0,29.875,-26.75,-18.5,-0.3962460458278656,-0.004760812036693096,0.007141217589378357,-0.9181042313575745,10816,5672
0,0.05000000074505806,-0.07000000029802322,9.720000267028809,-0.0625,-0.1875,0.0625,29.875,-26.75,-18.5,-0.3962460458278656,-0.004760812036693096,0.007141217589378357,-0.9181042313575745,10825,5673
0,0.05999999865889549,-0.07999999821186066,9.75,0,-0.0625,-0.0625,30.25,-17.375,-18.0625,-0.3962460458278656,-0.004760812036693096,0.007141217589378357,-0.9181042313575745,10836,5674
0,0.03999999910593033,-0.07000000029802322,9.760000228881836,0.0625,-0.0625,0.0625,30.25,-17.375,-18.0625,-0.3962460458278656,-0.004760812036693096,0.007141217589378357,-0.9181042313575745,10846,5675
0,0.07000000029802322,-0.07999999821186066,9.710000038146973,0,0,0.0625,30.25,-17.375,-18.0625,-0.3962460458278656,-0.004760812036693096,0.007141217589378357,-0.9181042313575745,10856,5676
0,0.05999999865889549,-0.10000000149011612,9.75,-0.125,0,0.0625,30.25,-17.375,-18.0625,-0.3962460458278656,-0.004760812036693096,0.007141217589378357,-0.9181042313575745,10866,5677
0,0.05000000074505806,-0.05999999865889549,9.779999732971191,0,0.0625,-0.0625,30.25,-17.375,-18.0625,-0.3962460458278656,-0.004760812036693096,0.007141217589378357,-0.9181042313575745,10875,5678
0,0.05999999865889549,-0.07000000029802322,9.729999542236328,0,-0.125,0,29.5,-29.375,-18.75,-0.3962460458278656,-0.004760812036693096,0.007141217589378357,-0.9181042313575745,10886,5679
0,0.03999999910593033,-0.09000000357627869,9.760000228881836,0,-0.0625,0,29.5,-29.375,-18.75,-0.3962460458278656,-0.004760812036693096,0.007141217589378357,-0.9181042313575745,10896,5680
0,0.05000000074505806,-0.07999999821186066,9.729999542236328,0,0,-0.0625,29.5,-29.375,-18.75,-0.3962460458278656,-0.004760812036693096,0.007141217589378357,-0.9181042313575745,10906,5681
0,0.05000000074505806,-0.05999999865889549,9.770000457763672,-0.0625,0.125,0,29.5,-29.375,-18.75,-0.3962460458278656,-0.004760812036693096,0.007141217589378357,-0.9181042313575745,10916,5682
0,0.05000000074505806,-0.07000000029802322,9.720000267028809,0.0625,0.0625,0,29.5,-29.375,-18.75,-0.3962460458278656,-0.004760812036693096,0.007141217589378357,-0.9181042313575745,10925,5683
0,0.05999999865889549,-0.09000000357627869,9.739999771118164,-0.0625,0.0625,-0.1875,30.25,-19.6875,-18.0625,-0.3962460458278656,-0.004760812036693096,0.007141217589378357,-0.9181042313575745,10936,5684
0,0.05999999865889549,-0.09000000357627869,9.729999542236328,0.0625,0.0625,0,30.25,-19.6875,-18.0625,-0.3962460458278656,-0.004760812036693096,0.007141217589378357,-0.9181042313575745,10946,5685
0,0.029999999329447746,-0.09000000357627869,9.720000267028809,0.0625,0.125,0,30.25,-19.6875,-18.0625,-0.3962460458278656,-0.004760812036693096,0.007141217589378357,-0.9181042313575745,10956,5686
0,0.05999999865889549,-0.07000000029802322,9.75,0.125,0,0.0625,30.25,-19.6875,-18.0625,-0.3962460458278656,-0.004760812036693096,0.007141217589378357,-0.9181042313575745,10966,5687
0,0.03999999910593033,-0.07000000029802322,9.729999542236328,0.0625,0,-0.0625,30.25,-19.6875,-18.0625,-0.3962460458278656,-0.004760812036693096,0.007141217589378357,-0.9181042313575745,10975,5688
0,0.05999999865889549,-0.05999999865889549,9.760000228881836,0,-0.1875,0.0625,29.875,-27.875,-18.0625,-0.3962460458278656,-0.004760812036693096,0.007141217589378357,-0.9181042313575745,10986,5689
0,0.05000000074505806,-0.10000000149011612,9.75,0.1875,-0.1875,0,29.875,-27.875,-18.0625,-0.3962460458278656,-0.004760812036693096,0.007141217589378357,-0.9181042313575745,10996,5690
0,0.05000000074505806,-0.07999999821186066,9.75,0.25,-0.1875,-0.0625,29.875,-27.875,-18.0625,-0.3962460458278656,-0.004760812036693096,0.007141217589378357,-0.9181042313575745,11006,5691
0,0.05999999865889549,-0.05999999865889549,9.710000038146973,0.0625,0,0,29.875,-27.875,-18.0625,-0.3962460458278656,-0.004760812036693096,0.007141217589378357,-0.9181042313575745,11016,5692
0,0.05000000074505806,-0.07999999821186066,9.760000228881836,0.0625,0,-0.0625,29.875,-27.875,-18.0625,-0.3962460458278656,-0.004760812036693096,0.007141217589378357,-0.9181042313575745,11025,5693
0,0.05999999865889549,-0.09000000357627869,9.739999771118164,0,0.0625,0,30.25,-27.1875,-18.75,-0.3962460458278656,-0.004760812036693096,0.007141217589378357,-0.9181042313575745,11036,5694
0,0.05000000074505806,-0.09000000357627869,9.760000228881836,0.0625,0,0,30.25,-27.1875,-18.75,-0.3962460458278656,-0.004760812036693096,0.007141217589378357,-0.9181042313575745,11046,5695
0,0.05999999865889549,-0.09000000357627869,9.720000267028809,0,-0.0625,0.125,30.25,-27.1875,-18.75,-0.3962460458278656,-0.004760812036693096,0.007141217589378357,-0.9181042313575745,11056,5696
0,0.05999999865889549,-0.05999999865889549,9.729999542236328,0,-0.0625,0,30.25,-27.1875,-18.75,-0.3962460458278656,-0.004760812036693096,0.007141217589378357,-0.9181042313575745,11066,5697
0,0.03999999910593033,-0.07999999821186066,9.75,0,-0.0625,0,30.25,-27.1875,-18.75,-0.3962460458278656,-0.004760812036693096,0.007141217589378357,-0.9181042313575745,11075,5698
0,0.05999999865889549,-0.05999999865889549,9.760000228881836,0.125,-0.1875,0.0625,29.875,-29,-18.5,-0.3962460458278656,-0.004760812036693096,0.007141217589378357,-0.9181042313575745,11086,5699
0,0.05000000074505806,-0.07999999821186066,9.710000038146973,0.125,-0.0625,0,29.875,-29,-18.5,-0.3962460458278656,-0.004760812036693096,0.007141217589378357,-0.9181042313575745,11096,5700
0,0.05999999865889549,-0.07000000029802322,9.75,0.0625,0.0625,0,29.875,-29,-18.5,-0.3962460458278656,-0.004760812036693096,0.007141217589378357,-0.9181042313575745,11106,5701
0,0.05000000074505806,-0.09000000357627869,9.720000267028809,-0.0625,0,0.0625,29.875,-29,-18.5,-0.3962460458278656,-0.004760812036693096,0.007141217589378357,-0.9181042313575745,11116,5702
0,0.05000000074505806,-0.07999999821186066,9.729999542236328,0,-0.0625,-0.0625,29.875,-29,-18.5,-0.3962460458278656,-0.004760812036693096,0.007141217589378357,-0.9181042313575745,11125,5703
0,0.03999999910593033,-0.07999999821186066,9.760000228881836,0.0625,0.125,0,29.1875,-29.75,-18.75,-0.3962460458278656,-0.004760812036693096,0.007141217589378357,-0.9181042313575745,11136,5704
0,0.07000000029802322,-0.10000000149011612,9.75,-0.0625,-0.0625,0.0625,29.1875,-29.75,-18.75,-0.3962460458278656,-0.004760812036693096,0.007141217589378357,-0.9181042313575745,11146,5705
0,0.05999999865889549,-0.07999999821186066,9.710000038146973,-0.0625,-0.0625,0,29.1875,-29.75,-18.75,-0.3962460458278656,-0.004760812036693096,0.007141217589378357,-0.9181042313575745,11156,5706
0,0.05999999865889549,-0.05999999865889549,9.729999542236328,-0.0625,-0.0625,0,29.1875,-29.75,-18.75,-0.3962460458278656,-0.004760812036693096,0.007141217589378357,-0.9181042313575745,11166,5707
0,0.03999999910593033,-0.07999999821186066,9.75,0,0.0625,0.0625,29.1875,-29.75,-18.75,-0.3962460458278656,-0.004760812036693096,0.007141217589378357,-0.9181042313575745,11175,5708
0,0.05000000074505806,-0.07000000029802322,9.739999771118164,0,0,0,29.5,-30.875,-19.5625,-0.3962460458278656,-0.004760812036693096,0.007141217589378357,-0.9181042313575745,11186,5709
0,0.07000000029802322,-0.09000000357627869,9.739999771118164,0.0625,0.0625,0,29.5,-30.875,-19.5625,-0.3962460458278656,-0.004760812036693096,0.007141217589378357,-0.9181042313575745,11196,5710
0,0.03999999910593033,-0.09000000357627869,9.75,0.125,0,-0.0625,29.5,-30.875,-19.5625,-0.3962460458278656,-0.004760812036693096,0.007141217589378357,-0.9181042313575745,11206,5711
0,0.07000000029802322,-0.07000000029802322,9.760000228881836,0,0.1875,0.0625,29.5,-30.875,-19.5625,-0.3962460458278656,-0.004760812036693096,0.007141217589378357,-0.9181042313575745,11216,5712
0,0.07999999821186066,-0.05000000074505806,9.75,0.0625,0.0625,0.125,29.875,-28.25,-18.5,-0.3962460458278656,-0.004760812036693096,0.007141217589378357,-0.9181042313575745,11225,5713
0,0.05999999865889549,-0.10000000149011612,9.729999542236328,-0.0625,-0.125,0.0625,29.875,-28.25,-18.5,-0.3962460458278656,-0.004760812036693096,0.007141217589378357,-0.9181042313575745,11236,5714
0,0.05999999865889549,-0.07999999821186066,9.75,0,-0.3125,0,29.875,-28.25,-18.5,-0.3962460458278656,-0.004760812036693096,0.007141217589378357,-0.9181042313575745,11246,5715
0,0.03999999910593033,-0.07000000029802322,9.720000267028809,0,0,-0.0625,29.875,-28.25,-18.5,-0.3962460458278656,-0.004760812036693096,0.007141217589378357,-0.9181042313575745,11256,5716
0,0.05000000074505806,-0.07000000029802322,9.729999542236328,0,-0.125,0.1875,29.875,-28.25,-18.5,-0.3962460458278656,-0.004760812036693096,0.007141217589378357,-0.9181042313575745,11266,5717
0,0.05000000074505806,-0.07000000029802322,9.739999771118164,0.0625,-0.25,0,29.1875,-31.25,-18.0625,-0.3962460458278656,-0.004760812036693096,0.007141217589378357,-0.9181042313575745,11275,5718
0,0.07999999821186066,-0.09000000357627869,9.760000228881836,-0.0625,-0.25,0.125,29.1875,-31.25,-18.0625,-0.3962460458278656,-0.004760812036693096,0.007141217589378357,-0.9181042313575745,11286,5719
0,0.05000000074505806,-0.07999999821186066,9.720000267028809,0.125,-0.0625,0.1875,29.1875,-31.25,-18.0625,-0.3962460458278656,-0.004760812036693096,0.007141217589378357,-0.9181042313575745,11296,5720
0,0.03999999910593033,-0.07999999821186066,9.720000267028809,-0.0625,-0.0625,-0.0625,29.1875,-31.25,-18.0625,-0.3962460458278656,-0.004760812036693096,0.007141217589378357,-0.9181042313575745,11306,5721
0,0.05000000074505806,-0.07999999821186066,9.75,0,0.0625,0,29.1875,-31.25,-18.0625,-0.3962460458278656,-0.004760812036693096,0.007141217589378357,-0.9181042313575745,11316,5722
0,0.019999999552965164,-0.09000000357627869,9.75,0.1875,-0.125,0,29.1875,-31.6875,-19.5625,-0.3962460458278656,-0.004760812036693096,0.007141217589378357,-0.9181042313575745,11325,5723
0,0.07000000029802322,-0.09000000357627869,9.760000228881836,-0.0625,0.125,0,29.1875,-31.6875,-19.5625,-0.3962460458278656,-0.004760812036693096,0.007141217589378357,-0.9181042313575745,11336,5724
0,0.05000000074505806,-0.07999999821186066,9.729999542236328,-0.0625,0.125,-0.0625,29.1875,-31.6875,-19.5625,-0.3962460458278656,-0.004760812036693096,0.007141217589378357,-0.9181042313575745,11346,5725
0,0.07000000029802322,-0.07999999821186066,9.729999542236328,-0.0625,0,0,29.1875,-31.6875,-19.5625,-0.3962460458278656,-0.004760812036693096,0.007141217589378357,-0.9181042313575745,11356,5726
0,0.05000000074505806,-0.05999999865889549,9.729999542236328,0.125,-0.0625,0.0625,29.1875,-31.6875,-19.5625,-0.3962460458278656,-0.004760812036693096,0.007141217589378357,-0.9181042313575745,11366,5727
0,0.05999999865889549,-0.07999999821186066,9.75,0.0625,-0.1875,0.0625,31.375,-21.875,-17.5625,-0.3962460458278656,-0.004760812036693096,0.007141217589378357,-0.9181042313575745,11375,5728
0,0.019999999552965164,-0.09000000357627869,9.770000457763672,0.1875,0.1875,0.125,31.375,-21.875,-17.5625,-0.3962460458278656,-0.004760812036693096,0.007141217589378357,-0.9181042313575745,11386,5729
0,0.07000000029802322,-0.05000000074505806,9.760000228881836,0.125,-0.125,0.125,31.375,-21.875,-17.5625,-0.3962460458278656,-0.004760812036693096,0.007141217589378357,-0.9181042313575745,11395,5730
0,0.05999999865889549,-0.05999999865889549,9.729999542236328,0,-0.1875,0.0625,31.375,-21.875,-17.5625,-0.3962460458278656,-0.004760812036693096,0.007141217589378357,-0.9181042313575745,11405,5731
0,0.05000000074505806,-0.07999999821186066,9.710000038146973,0.0625,-0.125,0,31.375,-21.875,-17.5625,-0.3962460458278656,-0.004760812036693096,0.007141217589378357,-0.9181042313575745,11416,5732
0,0.029999999329447746,-0.09000000357627869,9.800000190734863,0.0625,0,0,28.75,-30.1875,-17.6875,-0.3962460458278656,-0.004760812036693096,0.007141217589378357,-0.9181042313575745,11425,5733
0,0.07000000029802322,-0.10000000149011612,9.789999961853027,-0.0625,-0.0625,0.0625,28.75,-30.1875,-17.6875,-0.3962460458278656,-0.004760812036693096,0.007141217589378357,-0.9181042313575745,11435,5734
0,0.05000000074505806,-0.07000000029802322,9.720000267028809,0.1875,-0.125,0.0625,28.75,-30.1875,-17.6875,-0.3962460458278656,-0.004760812036693096,0.007141217589378357,-0.9181042313575745,11445,5735
0,0.05000000074505806,-0.07999999821186066,9.729999542236328,-0.0625,0,0,28.75,-30.1875,-17.6875,-0.3962460458278656,-0.004760812036693096,0.007141217589378357,-0.9181042313575745,11455,5736
0,0.03999999910593033,-0.05000000074505806,9.739999771118164,-0.0625,-0.0625,0.0625,28.75,-30.1875,-17.6875,-0.3962460458278656,-0.004760812036693096,0.007141217589378357,-0.9181042313575745,11466,5737
0,0.05999999865889549,-0.10000000149011612,9.75,0.1875,-0.0625,0,31,-28.25,-19.25,-0.3962460458278656,-0.004760812036693096,0.007141217589378357,-0.9181042313575745,11475,5738
0,0.05000000074505806,-0.09000000357627869,9.729999542236328,0.125,-0.25,0.0625,31,-28.25,-19.25,-0.3962460458278656,-0.004760812036693096,0.007141217589378357,-0.9181042313575745,11485,5739
0,0.03999999910593033,-0.10000000149011612,9.729999542236328,0,-0.0625,-0.125,31,-28.25,-19.25,-0.3962460458278656,-0.004760812036693096,0.007141217589378357,-0.9181042313575745,11495,5740
0,0.05999999865889549,-0.09000000357627869,9.75,0.0625,0,0.0625,31,-28.25,-19.25,-0.3962460458278656,-0.004760812036693096,0.007141217589378357,-0.9181042313575745,11505,5741
0,0.03999999910593033,-0.09000000357627869,9.739999771118164,-0.0625,0.125,0,31,-28.25,-19.25,-0.3962460458278656,-0.004760812036693096,0.007141217589378357,-0.9181042313575745,11516,5742
0,0.05000000074505806,-0.05999999865889549,9.75,-0.0625,-0.0625,0,29.1875,-29.75,-19.25,-0.3962460458278656,-0.004760812036693096,0.007141217589378357,-0.9181042313575745,11525,5743
0,0.03999999910593033,-0.05999999865889549,9.770000457763672,0,-0.0625,-0.125,29.1875,-29.75,-19.25,-0.3962460458278656,-0.004760812036693096,0.007141217589378357,-0.9181042313575745,11535,5744
0,0.05999999865889549,-0.07999999821186066,9.739999771118164,0.0625,0.125,0,29.1875,-29.75,-19.25,-0.3962460458278656,-0.004760812036693096,0.007141217589378357,-0.9181042313575745,11545,5745
0,0.07000000029802322,-0.09000000357627869,9.739999771118164,0,-0.125,0.0625,29.1875,-29.75,-19.25,-0.3962460458278656,-0.004760812036693096,0.007141217589378357,-0.9181042313575745,11555,5746
0,0.05000000074505806,-0.10000000149011612,9.710000038146973,0.0625,-0.1875,0,29.1875,-29.75,-19.25,-0.3962460458278656,-0.004760812036693096,0.007141217589378357,-0.9181042313575745,11566,5747
0,0.05999999865889549,-0.07999999821186066,9.760000228881836,0,-0.125,0.125,30.6875,-16.25,-18.5,-0.3962460458278656,-0.004760812036693096,0.007141217589378357,-0.9181042313575745,11575,5748
0,0.05000000074505806,-0.09000000357627869,9.729999542236328,0.1875,-0.0625,-0.125,30.6875,-16.25,-18.5,-0.3962460458278656,-0.004760812036693096,0.007141217589378357,-0.9181042313575745,11585,5749
0,0.03999999910593033,-0.10000000149011612,9.770000457763672,-0.0625,0.0625,-0.0625,30.6875,-16.25,-18.5,-0.3962460458278656,-0.004760812036693096,0.007141217589378357,-0.9181042313575745,11595,5750
0,0.05999999865889549,-0.07999999821186066,9.739999771118164,-0.125,-0.25,0.0625,30.6875,-16.25,-18.5,-0.3962460458278656,-0.004760812036693096,0.007141217589378357,-0.9181042313575745,11605,5751
0,0.05999999865889549,-0.07000000029802322,9.729999542236328,0,0.1875,-0.0625,30.6875,-16.25,-18.5,-0.3962460458278656,-0.004760812036693096,0.007141217589378357,-0.9181042313575745,11616,5752
0,0.07000000029802322,-0.09000000357627869,9.75,0.0625,0.125,0.0625,29.1875,-28.25,-18.75,-0.3962460458278656,-0.004760812036693096,0.007141217589378357,-0.9181042313575745,11625,5753
0,0.029999999329447746,-0.07000000029802322,9.770000457763672,0.125,0,0,29.1875,-28.25,-18.75,-0.3962460458278656,-0.004760812036693096,0.007141217589378357,-0.9181042313575745,11635,5754
0,0.07999999821186066,-0.09000000357627869,9.770000457763672,0.0625,0.125,0.0625,29.1875,-28.25,-18.75,-0.3962460458278656,-0.004760812036693096,0.007141217589378357,-0.9181042313575745,11645,5755
0,0.05999999865889549,-0.07999999821186066,9.710000038146973,0.1875,0.125,0,29.1875,-28.25,-18.75,-0.3962460458278656,-0.004760812036693096,0.007141217589378357,-0.9181042313575745,11655,5756
0,0.07000000029802322,-0.10000000149011612,9.729999542236328,0.125,-0.0625,0,29.1875,-28.25,-18.75,-0.3962460458278656,-0.004760812036693096,0.007141217589378357,-0.9181042313575745,11666,5757
0,0.05000000074505806,-0.07999999821186066,9.739999771118164,0.0625,0,0,30.25,-29.75,-20.0625,-0.3962460458278656,-0.004760812036693096,0.007141217589378357,-0.9181042313575745,11675,5758
0,0.07000000029802322,-0.05999999865889549,9.760000228881836,0,-0.0625,0,30.25,-29.75,-20.0625,-0.3962460458278656,-0.004760812036693096,0.007141217589378357,-0.9181042313575745,11685,5759
0,0.05999999865889549,-0.07000000029802322,9.739999771118164,0.0625,-0.0625,0.0625,30.25,-29.75,-20.0625,-0.3962460458278656,-0.004760812036693096,0.007141217589378357,-0.9181042313575745,11695,5760
0,0.05000000074505806,-0.07999999821186066,9.710000038146973,0.0625,-0.0625,0,30.25,-29.75,-20.0625,-0.3962460458278656,-0.004760812036693096,0.007141217589378357,-0.9181042313575745,11705,5761
0,0.03999999910593033,-0.09000000357627869,9.75,-0.0625,0,0.125,30.25,-29.75,-20.0625,-0.3962460458278656,-0.004760812036693096,0.007141217589378357,-0.9181042313575745,11715,5762
0,0.03999999910593033,-0.07000000029802322,9.729999542236328,0.0625,0,0,29.875,-27.1875,-18.0625,-0.3962460458278656,-0.004760812036693096,0.007141217589378357,-0.9181042313575745,11725,5763
0,0.05000000074505806,-0.05999999865889549,9.760000228881836,0.0625,-0.0625,0,29.875,-27.1875,-18.0625,-0.3962460458278656,-0.004760812036693096,0.007141217589378357,-0.9181042313575745,11735,5764
0,0.03999999910593033,-0.09000000357627869,9.75,0,0.125,0,29.875,-27.1875,-18.0625,-0.3962460458278656,-0.004760812036693096,0.007141217589378357,-0.9181042313575745,11745,5765
0,0.03999999910593033,-0.07999999821186066,9.710000038146973,0,0.125,-0.0625,29.875,-27.1875,-18.0625,-0.3962460458278656,-0.004760812036693096,0.007141217589378357,-0.9181042313575745,11755,5766
0,0.03999999910593033,-0.09000000357627869,9.75,0,-0.1875,0.0625,29.875,-27.1875,-18.0625,-0.3962460458278656,-0.004760812036693096,0.007141217589378357,-0.9181042313575745,11765,5767
0,0.05000000074505806,-0.07999999821186066,9.75,-0.0625,-0.125,0.0625,30.6875,-30.875,-18.5,-0.3962460458278656,-0.004760812036693096,0.007141217589378357,-0.9181042313575745,11775,5768
0,0.05999999865889549,-0.07999999821186066,9.770000457763672,0,-0.125,0,30.6875,-30.875,-18.5,-0.3962460458278656,-0.004760812036693096,0.007141217589378357,-0.9181042313575745,11785,5769
0,0.05000000074505806,-0.07000000029802322,9.729999542236328,0,-0.25,0.0625,30.6875,-30.875,-18.5,-0.3962460458278656,-0.004760812036693096,0.007141217589378357,-0.9181042313575745,11795,5770
0,0.029999999329447746,-0.07999999821186066,9.739999771118164,0.0625,-0.25,0.0625,30.6875,-30.875,-18.5,-0.3962460458278656,-0.004760812036693096,0.007141217589378357,-0.9181042313575745,11805,5771
0,0.05000000074505806,-0.07000000029802322,9.739999771118164,0.0625,-0.0625,0.0625,30.6875,-30.875,-18.5,-0.3962460458278656,-0.004760812036693096,0.007141217589378357,-0.9181042313575745,11815,5772
0,0.05000000074505806,-0.09000000357627869,9.720000267028809,0.0625,0.0625,-0.0625,29.1875,-25.6875,-18.5,-0.3962460458278656,-0.004760812036693096,0.007141217589378357,-0.9181042313575745,11825,5773
0,0.05000000074505806,-0.10000000149011612,9.770000457763672,0.0625,-0.0625,0.0625,29.1875,-25.6875,-18.5,-0.3962460458278656,-0.004760812036693096,0.007141217589378357,-0.9181042313575745,11835,5774
0,0.07000000029802322,-0.07000000029802322,9.739999771118164,0,-0.1875,0,29.1875,-25.6875,-18.5,-0.3962460458278656,-0.004760812036693096,0.007141217589378357,-0.9181042313575745,11845,5775
0,0.05000000074505806,-0.05999999865889549,9.710000038146973,0.0625,0.0625,0,29.1875,-25.6875,-18.5,-0.3962460458278656,-0.004760812036693096,0.007141217589378357,-0.9181042313575745,11855,5776
0,0.029999999329447746,-0.07999999821186066,9.760000228881836,-0.0625,-0.125,0.0625,29.1875,-25.6875,-18.5,-0.3962460458278656,-0.004760812036693096,0.007141217589378357,-0.9181042313575745,11865,5777
0,0.03999999910593033,-0.07999999821186066,9.729999542236328,0.0625,-0.125,0.0625,30.25,-30.875,-18.0625,-0.3962460458278656,-0.004760812036693096,0.007141217589378357,-0.9181042313575745,11875,5778
0,0.029999999329447746,-0.10000000149011612,9.75,-0.0625,0,0.0625,30.25,-30.875,-18.0625,-0.3962460458278656,-0.004760812036693096,0.007141217589378357,-0.9181042313575745,11885,5779
0,0.05000000074505806,-0.05999999865889549,9.729999542236328,0.0625,-0.0625,0,30.25,-30.875,-18.0625,-0.3962460458278656,-0.004760812036693096,0.007141217589378357,-0.9181042313575745,11895,5780
0,0.05999999865889549,-0.10000000149011612,9.729999542236328,0.125,-0.1875,-0.0625,30.25,-30.875,-18.0625,-0.3962460458278656,-0.004760812036693096,0.007141217589378357,-0.9181042313575745,11905,5781
0,0.05000000074505806,-0.07000000029802322,9.739999771118164,0.0625,-0.125,0.1875,30.25,-30.875,-18.0625,-0.3962460458278656,-0.004760812036693096,0.007141217589378357,-0.9181042313575745,11915,5782
0,0.07000000029802322,-0.09000000357627869,9.729999542236328,0.0625,-0.25,0.125,29.875,-29.75,-17.5625,-0.3962460458278656,-0.004760812036693096,0.007141217589378357,-0.9181042313575745,11925,5783
0,0.05000000074505806,-0.07000000029802322,9.739999771118164,0.0625,0,0.125,29.875,-29.75,-17.5625,-0.3962460458278656,-0.004760812036693096,0.007141217589378357,-0.9181042313575745,11935,5784
0,0.029999999329447746,-0.07999999821186066,9.720000267028809,-0.0625,0.0625,0.0625,29.875,-29.75,-17.5625,-0.3962460458278656,-0.004760812036693096,0.007141217589378357,-0.9181042313575745,11945,5785
0,0.05999999865889549,-0.07999999821186066,9.729999542236328,0,0.25,0,29.875,-29.75,-17.5625,-0.3962460458278656,-0.004760812036693096,0.007141217589378357,-0.9181042313575745,11955,5786
0,0.05000000074505806,-0.05999999865889549,9.760000228881836,0.0625,0.0625,0.125,29.875,-29.75,-17.5625,-0.3962460458278656,-0.004760812036693096,0.007141217589378357,-0.9181042313575745,11965,5787
0,0.03999999910593033,-0.07000000029802322,9.779999732971191,0,0,0.0625,29.875,-16.25,-18.5,-0.3962460458278656,-0.004760812036693096,0.007141217589378357,-0.9181042313575745,11975,5788
0,0.05000000074505806,-0.09000000357627869,9.729999542236328,0,0,-0.0625,29.875,-16.25,-18.5,-0.3962460458278656,-0.004760812036693096,0.007141217589378357,-0.9181042313575745,11985,5789
0,0.05000000074505806,-0.07999999821186066,9.729999542236328,0,0.125,0.0625,29.875,-16.25,-18.5,-0.3962460458278656,-0.004760812036693096,0.007141217589378357,-0.9181042313575745,11995,5790
0,0.05999999865889549,-0.07999999821186066,9.75,0,0.0625,0,29.875,-16.25,-18.5,-0.3962460458278656,-0.004760812036693096,0.007141217589378357,-0.9181042313575745,12005,5791
0,0.05000000074505806,-0.05999999865889549,9.739999771118164,0.125,-0.0625,0.125,29.875,-16.25,-18.5,-0.3962460458278656,-0.004760812036693096,0.007141217589378357,-0.9181042313575745,12015,5792
0,0.05999999865889549,-0.09000000357627869,9.760000228881836,0,0.125,-0.0625,29.1875,-32,-18.0625,-0.3962460458278656,-0.004760812036693096,0.007141217589378357,-0.9181042313575745,12025,5793
0,0.03999999910593033,-0.10999999940395355,9.75,0.125,0.0625,0.0625,29.1875,-32,-18.0625,-0.3962460458278656,-0.004760812036693096,0.007141217589378357,-0.9181042313575745,12035,5794
0,0.07000000029802322,-0.07000000029802322,9.699999809265137,0.125,-0.0625,0.0625,29.1875,-32,-18.0625,-0.3962460458278656,-0.004760812036693096,0.007141217589378357,-0.9181042313575745,12045,5795
0,0.05999999865889549,-0.10000000149011612,9.739999771118164,-0.0625,-0.125,-0.125,29.1875,-32,-18.0625,-0.3962460458278656,-0.004760812036693096,0.007141217589378357,-0.9181042313575745,12055,5796
0,0.05000000074505806,-0.09000000357627869,9.729999542236328,0,-0.125,0,29.1875,-32,-18.0625,-0.3962460458278656,-0.004760812036693096,0.007141217589378357,-0.9181042313575745,12065,5797
0,0.05999999865889549,-0.09000000357627869,9.770000457763672,0.0625,0.125,-0.0625,29.5,-31.6875,-19.5625,-0.3962460458278656,-0.004760812036693096,0.007141217589378357,-0.9181042313575745,12075,5798
0,0.07000000029802322,-0.09000000357627869,9.729999542236328,0.0625,-0.1875,0.125,29.5,-31.6875,-19.5625,-0.3962460458278656,-0.004760812036693096,0.007141217589378357,-0.9181042313575745,12085,5799
0,0.05000000074505806,-0.09000000357627869,9.720000267028809,-0.0625,0.125,0,29.5,-31.6875,-19.5625,-0.3962460458278656,-0.004760812036693096,0.007141217589378357,-0.9181042313575745,12095,5800
0,0.05999999865889549,-0.07999999821186066,9.729999542236328,-0.0625,-0.125,-0.0625,29.5,-31.6875,-19.5625,-0.3962460458278656,-0.004760812036693096,0.007141217589378357,-0.9181042313575745,12105,5801
0,0.07000000029802322,-0.07999999821186066,9.75,0.0625,0.0625,0.0625,29.5,-31.6875,-19.5625,-0.3962460458278656,-0.004760812036693096,0.007141217589378357,-0.9181042313575745,12115,5802
0,0.07999999821186066,-0.07000000029802322,9.710000038146973,0,0,0.0625,29.875,-29.375,-18.875,-0.3962460458278656,-0.004760812036693096,0.007141217589378357,-0.9181042313575745,12125,5803
0,0.07999999821186066,-0.07999999821186066,9.720000267028809,0.0625,0,0,29.875,-29.375,-18.875,-0.3962460458278656,-0.004760812036693096,0.007141217589378357,-0.9181042313575745,12135,5804
0,0.05000000074505806,-0.10999999940395355,9.720000267028809,0,-0.0625,-0.125,29.875,-29.375,-18.875,-0.3962460458278656,-0.004760812036693096,0.007141217589378357,-0.9181042313575745,12145,5805
0,0.03999999910593033,-0.07000000029802322,9.760000228881836,-0.125,0.25,0,29.875,-29.375,-18.875,-0.3962460458278656,-0.004760812036693096,0.007141217589378357,-0.9181042313575745,12155,5806
0,0.05000000074505806,-0.05999999865889549,9.75,0,-0.0625,0,29.875,-29.375,-18.875,-0.3962460458278656,-0.004760812036693096,0.007141217589378357,-0.9181042313575745,12165,5807
0,0.05999999865889549,-0.07999999821186066,9.770000457763672,-0.0625,-0.0625,-0.0625,29.5,-31.25,-18.75,-0.3962460458278656,-0.004760812036693096,0.007141217589378357,-0.9181042313575745,12175,5808
0,0.05999999865889549,-0.07999999821186066,9.760000228881836,0.0625,-0.125,0.0625,29.5,-31.25,-18.75,-0.3962460458278656,-0.004760812036693096,0.007141217589378357,-0.9181042313575745,12185,5809
0,0.05999999865889549,-0.07000000029802322,9.739999771118164,0.0625,-0.25,0.0625,29.5,-31.25,-18.75,-0.3962460458278656,-0.004760812036693096,0.007141217589378357,-0.9181042313575745,12195,5810
0,0.05999999865889549,-0.07999999821186066,9.75,0.1875,0,0.0625,29.5,-31.25,-18.75,-0.3962460458278656,-0.004760812036693096,0.007141217589378357,-0.9181042313575745,12205,5811
0,0.05000000074505806,-0.05999999865889549,9.720000267028809,0.1875,-0.1875,0,29.5,-31.25,-18.75,-0.3962460458278656,-0.004760812036693096,0.007141217589378357,-0.9181042313575745,12215,5812
0,0.05999999865889549,-0.07999999821186066,9.760000228881836,0.125,0,0.0625,30.6875,-27.5,-18.75,-0.3962460458278656,-0.004760812036693096,0.007141217589378357,-0.9181042313575745,12225,5813
0,0.05999999865889549,-0.10000000149011612,9.729999542236328,0.125,0,0.0625,30.6875,-27.5,-18.75,-0.3962460458278656,-0.004760812036693096,0.007141217589378357,-0.9181042313575745,12235,5814
0,0.05000000074505806,-0.09000000357627869,9.710000038146973,0,0.125,-0.0625,30.6875,-27.5,-18.75,-0.3962460458278656,-0.004760812036693096,0.007141217589378357,-0.9181042313575745,12245,5815
0,0.05999999865889549,-0.07999999821186066,9.75,-0.125,0,-0.0625,30.6875,-27.5,-18.75,-0.3962460458278656,-0.004760812036693096,0.007141217589378357,-0.9181042313575745,12255,5816
0,0.07000000029802322,-0.07999999821186066,9.729999542236328,-0.1875,0,-0.0625,30.6875,-27.5,-18.75,-0.3962460458278656,-0.004760812036693096,0.007141217589378357,-0.9181042313575745,12265,5817
0,0.05999999865889549,-0.07000000029802322,9.770000457763672,0.0625,0,0,29.875,-20,-18.875,-0.3962460458278656,-0.004760812036693096,0.007141217589378357,-0.9181042313575745,12275,5818
0,0.07000000029802322,-0.09000000357627869,9.729999542236328,0.0625,-0.0625,0.0625,29.875,-20,-18.875,-0.3962460458278656,-0.004760812036693096,0.007141217589378357,-0.9181042313575745,12285,5819
0,0.05000000074505806,-0.07999999821186066,9.710000038146973,0.0625,0,0,29.875,-20,-18.875,-0.3962460458278656,-0.004760812036693096,0.007141217589378357,-0.9181042313575745,12295,5820
0,0.05000000074505806,-0.07999999821186066,9.739999771118164,0,0.0625,-0.0625,29.875,-20,-18.875,-0.3962460458278656,-0.004760812036693096,0.007141217589378357,-0.9181042313575745,12305,5821
0,0.05000000074505806,-0.07999999821186066,9.75,0.0625,-0.1875,0.0625,29.875,-20,-18.875,-0.3962460458278656,-0.004760812036693096,0.007141217589378357,-0.9181042313575745,12315,5822
0,0.03999999910593033,-0.05000000074505806,9.760000228881836,0.0625,0,0,29.1875,-29.75,-18.5,-0.3962460458278656,-0.004760812036693096,0.007141217589378357,-0.9181042313575745,12325,5823
0,0.03999999910593033,-0.09000000357627869,9.760000228881836,0.0625,0,0,29.1875,-29.75,-18.5,-0.3962460458278656,-0.004760812036693096,0.007141217589378357,-0.9181042313575745,12335,5824
0,0.05000000074505806,-0.07999999821186066,9.729999542236328,0.0625,-0.0625,0,29.1875,-29.75,-18.5,-0.3962460458278656,-0.004760812036693096,0.007141217589378357,-0.9181042313575745,12345,5825
0,0.05999999865889549,-0.09000000357627869,9.760000228881836,-0.0625,0.0625,0,29.1875,-29.75,-18.5,-0.3962460458278656,-0.004760812036693096,0.007141217589378357,-0.9181042313575745,12355,5826
0,0.05999999865889549,-0.07999999821186066,9.770000457763672,0,-0.125,-0.0625,29.1875,-29.75,-18.5,-0.3962460458278656,-0.004760812036693096,0.007141217589378357,-0.9181042313575745,12365,5827
0,0.05000000074505806,-0.10000000149011612,9.75,0.125,-0.1875,0.0625,29.1875,-29.75,-18.875,-0.3962460458278656,-0.004760812036693096,0.007141217589378357,-0.9181042313575745,12375,5828
0,0.05999999865889549,-0.09000000357627869,9.739999771118164,0.125,0,0.0625,29.1875,-29.75,-18.875,-0.3962460458278656,-0.004760812036693096,0.007141217589378357,-0.9181042313575745,12385,5829
0,0.07000000029802322,-0.09000000357627869,9.729999542236328,0,-0.0625,0,29.1875,-29.75,-18.875,-0.3962460458278656,-0.004760812036693096,0.007141217589378357,-0.9181042313575745,12395,5830
0,0.05000000074505806,-0.09000000357627869,9.710000038146973,0,0.125,0.0625,29.1875,-29.75,-18.875,-0.3962460458278656,-0.004760812036693096,0.007141217589378357,-0.9181042313575745,12405,5831
0,0.05000000074505806,-0.05999999865889549,9.739999771118164,0.0625,-0.0625,-0.125,29.1875,-29.75,-18.875,-0.3962460458278656,-0.004760812036693096,0.007141217589378357,-0.9181042313575745,12415,5832
0,0.07000000029802322,-0.09000000357627869,9.729999542236328,-0.0625,0,0.0625,31,-20.375,-18.875,-0.3962460458278656,-0.004760812036693096,0.007141217589378357,-0.9181042313575745,12425,5833
0,0.05000000074505806,-0.05000000074505806,9.75,0,-0.0625,0.0625,31,-20.375,-18.875,-0.3962460458278656,-0.004760812036693096,0.007141217589378357,-0.9181042313575745,12435,5834
0,0.07000000029802322,-0.07999999821186066,9.729999542236328,0.1875,-0.1875,0.0625,31,-20.375,-18.875,-0.3962460458278656,-0.004760812036693096,0.007141217589378357,-0.9181042313575745,12445,5835
0,0.05000000074505806,-0.05999999865889549,9.729999542236328,0.1875,-0.125,-0.0625,31,-20.375,-18.875,-0.3962460458278656,-0.004760812036693096,0.007141217589378357,-0.9181042313575745,12455,5836
0,0.05000000074505806,-0.07999999821186066,9.75,0,-0.0625,0.0625,31,-20.375,-18.875,-0.3962460458278656,-0.004760812036693096,0.007141217589378357,-0.9181042313575745,12465,5837
0,0.05000000074505806,-0.07000000029802322,9.739999771118164,0,0,0.125,29.5,-30.1875,-18.0625,-0.3962460458278656,-0.004760812036693096,0.007141217589378357,-0.9181042313575745,12475,5838
0,0.03999999910593033,-0.05999999865889549,9.75,0,0.1875,0,29.5,-30.1875,-18.0625,-0.3962460458278656,-0.004760812036693096,0.007141217589378357,-0.9181042313575745,12485,5839
0,0.05999999865889549,-0.07999999821186066,9.75,-0.0625,0.0625,0,29.5,-30.1875,-18.0625,-0.3962460458278656,-0.004760812036693096,0.007141217589378357,-0.9181042313575745,12495,5840
0,0.03999999910593033,-0.09000000357627869,9.760000228881836,0.0625,-0.1875,0,29.5,-30.1875,-18.0625,-0.3962460458278656,-0.004760812036693096,0.007141217589378357,-0.9181042313575745,12505,5841
0,0.05000000074505806,-0.07999999821186066,9.710000038146973,0.125,0,0.1875,29.5,-30.1875,-18.0625,-0.3962460458278656,-0.004760812036693096,0.007141217589378357,-0.9181042313575745,12515,5842
0,0.05999999865889549,-0.07999999821186066,9.75,0.0625,-0.1875,0,29.1875,-30.5,-19.5625,-0.3962460458278656,-0.004760812036693096,0.007141217589378357,-0.9181042313575745,12525,5843
0,0.05000000074505806,-0.07999999821186066,9.770000457763672,0,-0.1875,0.0625,29.1875,-30.5,-19.5625,-0.3962460458278656,-0.004760812036693096,0.007141217589378357,-0.9181042313575745,12535,5844
0,0.05000000074505806,-0.07000000029802322,9.75,0,-0.0625,0,29.1875,-30.5,-19.5625,-0.3962460458278656,-0.004760812036693096,0.007141217589378357,-0.9181042313575745,12545,5845
0,0.05999999865889549,-0.07000000029802322,9.710000038146973,0.0625,-0.25,0,29.1875,-30.5,-19.5625,-0.3962460458278656,-0.004760812036693096,0.007141217589378357,-0.9181042313575745,12555,5846
0,0.05000000074505806,-0.07000000029802322,9.729999542236328,0.0625,-0.0625,0.0625,29.1875,-30.5,-19.5625,-0.3962460458278656,-0.004760812036693096,0.007141217589378357,-0.9181042313575745,12565,5847
0,0.05000000074505806,-0.07999999821186066,9.760000228881836,0,0.1875,0,29.1875,-18.5,-20.0625,-0.3962460458278656,-0.004760812036693096,0.007141217589378357,-0.9181042313575745,12575,5848
0,0.029999999329447746,-0.07999999821186066,9.729999542236328,0.0625,0.125,0,29.1875,-18.5,-20.0625,-0.3962460458278656,-0.004760812036693096,0.007141217589378357,-0.9181042313575745,12585,5849
0,0.07000000029802322,-0.09000000357627869,9.729999542236328,0,-0.125,0,29.1875,-18.5,-20.0625,-0.3962460458278656,-0.004760812036693096,0.007141217589378357,-0.9181042313575745,12594,5850
0,0.05000000074505806,-0.07000000029802322,9.739999771118164,-0.0625,-0.3125,0,29.1875,-18.5,-20.0625,-0.3962460458278656,-0.004760812036693096,0.007141217589378357,-0.9181042313575745,12604,5851
0,0.05000000074505806,-0.07999999821186066,9.75,-0.0625,0,0.0625,29.1875,-18.5,-20.0625,-0.3962460458278656,-0.004760812036693096,0.007141217589378357,-0.9181042313575745,12615,5852
0,0.03999999910593033,-0.09000000357627869,9.760000228881836,-0.0625,0.1875,-0.0625,30.25,-29,-18.0625,-0.3962460458278656,-0.004760812036693096,0.007141217589378357,-0.9181042313575745,12624,5853
0,0.03999999910593033,-0.07999999821186066,9.75,0,0,-0.0625,30.25,-29,-18.0625,-0.3962460458278656,-0.004760812036693096,0.007141217589378357,-0.9181042313575745,12634,5854
0,0.05999999865889549,-0.05999999865889549,9.729999542236328,-0.0625,-0.25,0.0625,30.25,-29,-18.0625,-0.3962460458278656,-0.004760812036693096,0.007141217589378357,-0.9181042313575745,12644,5855
0,0.07999999821186066,-0.07999999821186066,9.739999771118164,0,-0.3125,0.0625,30.25,-29,-18.0625,-0.3962460458278656,-0.004760812036693096,0.007141217589378357,-0.9181042313575745,12654,5856
0,0.05999999865889549,-0.07999999821186066,9.720000267028809,0,0,0.0625,30.25,-29,-18.0625,-0.3962460458278656,-0.004760812036693096,0.007141217589378357,-0.9181042313575745,12665,5857
0,0.07000000029802322,-0.09000000357627869,9.75,0,-0.125,-0.125,29.875,-30.875,-20.0625,-0.3962460458278656,-0.004760812036693096,0.007141217589378357,-0.9181042313575745,12674,5858
0,0.05000000074505806,-0.07000000029802322,9.729999542236328,-0.0625,0,0,29.875,-30.875,-20.0625,-0.3962460458278656,-0.004760812036693096,0.007141217589378357,-0.9181042313575745,12684,5859
0,0.05000000074505806,-0.07000000029802322,9.729999542236328,0,0.0625,0.0625,29.875,-30.875,-20.0625,-0.3962460458278656,-0.004760812036693096,0.007141217589378357,-0.9181042313575745,12694,5860
0,0.05000000074505806,-0.09000000357627869,9.770000457763672,0,-0.125,0.0625,29.875,-30.875,-20.0625,-0.3962460458278656,-0.004760812036693096,0.007141217589378357,-0.9181042313575745,12704,5861
0,0.07000000029802322,-0.07000000029802322,9.75,0.0625,0.1875,0.0625,29.875,-30.875,-20.0625,-0.3962460458278656,-0.004760812036693096,0.007141217589378357,-0.9181042313575745,12715,5862
0,0.03999999910593033,-0.09000000357627869,9.739999771118164,-0.0625,0.125,0,30.25,-17.375,-19.5625,-0.3962460458278656,-0.004760812036693096,0.007141217589378357,-0.9181042313575745,12724,5863
0,0.03999999910593033,-0.07999999821186066,9.739999771118164,0,0.0625,0,30.25,-17.375,-19.5625,-0.3962460458278656,-0.004760812036693096,0.007141217589378357,-0.9181042313575745,12734,5864
0,0.07999999821186066,-0.07999999821186066,9.760000228881836,0,0.0625,-0.125,30.25,-17.375,-19.5625,-0.3962460458278656,-0.004760812036693096,0.007141217589378357,-0.9181042313575745,12744,5865
0,0.07000000029802322,-0.07999999821186066,9.75,-0.125,0.1875,-0.125,30.25,-17.375,-19.5625,-0.3962460458278656,-0.004760812036693096,0.007141217589378357,-0.9181042313575745,12754,5866
0,0.05000000074505806,-0.07000000029802322,9.779999732971191,-0.0625,0,0.0625,30.25,-17.375,-19.5625,-0.3962460458278656,-0.004760812036693096,0.007141217589378357,-0.9181042313575745,12765,5867
0,0.03999999910593033,-0.09000000357627869,9.75,-0.0625,0.1875,-0.0625,31,-30.875,-20.0625,-0.3962460458278656,-0.004760812036693096,0.007141217589378357,-0.9181042313575745,12774,5868
0,0.03999999910593033,-0.09000000357627869,9.729999542236328,0.0625,-0.125,-0.0625,31,-30.875,-20.0625,-0.3962460458278656,-0.004760812036693096,0.007141217589378357,-0.9181042313575745,12784,5869
0,0.05999999865889549,-0.09000000357627869,9.710000038146973,0.0625,-0.0625,0.125,31,-30.875,-20.0625,-0.3962460458278656,-0.004760812036693096,0.007141217589378357,-0.9181042313575745,12794,5870
0,0.05000000074505806,-0.10000000149011612,9.739999771118164,-0.0625,0.125,-0.125,31,-30.875,-20.0625,-0.3962460458278656,-0.004760812036693096,0.007141217589378357,-0.9181042313575745,12804,5871
0,0.03999999910593033,-0.07000000029802322,9.729999542236328,0.0625,-0.0625,0,31,-30.875,-20.0625,-0.3962460458278656,-0.004760812036693096,0.007141217589378357,-0.9181042313575745,12814,5872
0,0.03999999910593033,-0.05999999865889549,9.739999771118164,0.0625,0.0625,0,30.25,-27.5,-19.25,-0.3962460458278656,-0.004760812036693096,0.007141217589378357,-0.9181042313575745,12824,5873
0,0.05000000074505806,-0.05999999865889549,9.760000228881836,0,-0.0625,0.0625,30.25,-27.5,-19.25,-0.3962460458278656,-0.004760812036693096,0.007141217589378357,-0.9181042313575745,12834,5874
0,0.029999999329447746,-0.07999999821186066,9.75,0.0625,-0.125,0.0625,30.25,-27.5,-19.25,-0.3962460458278656,-0.004760812036693096,0.007141217589378357,-0.9181042313575745,12844,5875
0,0.05000000074505806,-0.07999999821186066,9.760000228881836,0.125,-0.1875,0.0625,30.25,-27.5,-19.25,-0.3962460458278656,-0.004760812036693096,0.007141217589378357,-0.9181042313575745,12854,5876
0,0.07000000029802322,-0.09000000357627869,9.739999771118164,0,0,0.0625,30.25,-27.5,-19.25,-0.3962460458278656,-0.004760812036693096,0.007141217589378357,-0.9181042313575745,12864,5877
0,0.07000000029802322,-0.05999999865889549,9.75,0.125,-0.1875,0,30.6875,-31.25,-18.5,-0.3962460458278656,-0.004760812036693096,0.007141217589378357,-0.9181042313575745,12874,5878
0,0.03999999910593033,-0.10000000149011612,9.739999771118164,-0.125,-0.0625,0,30.6875,-31.25,-18.5,-0.3962460458278656,-0.004760812036693096,0.007141217589378357,-0.9181042313575745,12884,5879
0,0.05999999865889549,-0.09000000357627869,9.710000038146973,0.0625,0,0,30.6875,-31.25,-18.5,-0.3962460458278656,-0.004760812036693096,0.007141217589378357,-0.9181042313575745,12894,5880
0,0.07000000029802322,-0.05999999865889549,9.770000457763672,-0.0625,0.125,0,30.6875,-31.25,-18.5,-0.3962460458278656,-0.004760812036693096,0.007141217589378357,-0.9181042313575745,12904,5881
0,0.05000000074505806,-0.05999999865889549,9.770000457763672,-0.125,0,-0.0625,30.6875,-31.25,-18.5,-0.3962460458278656,-0.004760812036693096,0.007141217589378357,-0.9181042313575745,12914,5882
0,0.05000000074505806,-0.07000000029802322,9.739999771118164,-0.0625,0.1875,-0.0625,29.5,-29.375,-18.5,-0.3962460458278656,-0.004760812036693096,0.007141217589378357,-0.9181042313575745,12924,5883
0,0.05999999865889549,-0.09000000357627869,9.760000228881836,0.0625,0.1875,-0.125,29.5,-29.375,-18.5,-0.3962460458278656,-0.004760812036693096,0.007141217589378357,-0.9181042313575745,12934,5884
0,0.03999999910593033,-0.10999999940395355,9.75,0,0.0625,0.125,29.5,-29.375,-18.5,-0.3962460458278656,-0.004760812036693096,0.007141217589378357,-0.9181042313575745,12944,5885
0,0.07000000029802322,-0.10000000149011612,9.75,0.0625,0.0625,0.0625,29.5,-29.375,-18.5,-0.3962460458278656,-0.004760812036693096,0.007141217589378357,-0.9181042313575745,12954,5886
0,0.03999999910593033,-0.07000000029802322,9.729999542236328,-0.0625,-0.0625,-0.0625,29.5,-29.375,-18.5,-0.3962460458278656,-0.004760812036693096,0.007141217589378357,-0.9181042313575745,12964,5887
0,0.019999999552965164,-0.10000000149011612,9.770000457763672,0,0,0.0625,30.6875,-16.6875,-19.5625,-0.3962460458278656,-0.004760812036693096,0.007141217589378357,-0.9181042313575745,12974,5888
0,0.05000000074505806,-0.09000000357627869,9.779999732971191,-0.0625,0.125,0,30.6875,-16.6875,-19.5625,-0.3962460458278656,-0.004760812036693096,0.007141217589378357,-0.9181042313575745,12984,5889
0,0.05999999865889549,-0.07000000029802322,9.729999542236328,-0.0625,-0.0625,0,30.6875,-16.6875,-19.5625,-0.3962460458278656,-0.004760812036693096,0.007141217589378357,-0.9181042313575745,12994,5890
0,0.05000000074505806,-0.10000000149011612,9.729999542236328,-0.0625,-0.125,0.0625,30.6875,-16.6875,-19.5625,-0.3962460458278656,-0.004760812036693096,0.007141217589378357,-0.9181042313575745,13004,5891
0,0.05999999865889549,-0.07000000029802322,9.739999771118164,0,-0.3125,0.0625,30.6875,-16.6875,-19.5625,-0.3962460458278656,-0.004760812036693096,0.007141217589378357,-0.9181042313575745,13014,5892
0,0.05999999865889549,-0.07000000029802322,9.729999542236328,0.125,0.125,0.0625,31.375,-23,-18.5,-0.3962460458278656,-0.004760812036693096,0.007141217589378357,-0.9181042313575745,13024,5893
0,0.03999999910593033,-0.10000000149011612,9.75,0.0625,0,-0.125,31.375,-23,-18.5,-0.3962460458278656,-0.004760812036693096,0.007141217589378357,-0.9181042313575745,13034,5894
0,0.05000000074505806,-0.05000000074505806,9.75,0.1875,0.0625,0,31.375,-23,-18.5,-0.3962460458278656,-0.004760812036693096,0.007141217589378357,-0.9181042313575745,13044,5895
0,0.05000000074505806,-0.07999999821186066,9.720000267028809,0.0625,0,0,31.375,-23,-18.5,-0.3962460458278656,-0.004760812036693096,0.007141217589378357,-0.9181042313575745,13054,5896
0,0.05999999865889549,-0.10000000149011612,9.760000228881836,0.125,0,0.0625,31.375,-23,-18.5,-0.3962460458278656,-0.004760812036693096,0.007141217589378357,-0.9181042313575745,13064,5897
0,0.03999999910593033,-0.09000000357627869,9.710000038146973,0,-0.25,-0.0625,29.875,-28.6875,-19.25,-0.3962460458278656,-0.004760812036693096,0.007141217589378357,-0.9181042313575745,13074,5898
0,0.05000000074505806,-0.09000000357627869,9.729999542236328,0.1875,-0.3125,0.0625,29.875,-28.6875,-19.25,-0.3962460458278656,-0.004760812036693096,0.007141217589378357,-0.9181042313575745,13084,5899
0,0.07000000029802322,-0.07000000029802322,9.75,0.125,0,0,29.875,-28.6875,-19.25,-0.3962460458278656,-0.004760812036693096,0.007141217589378357,-0.9181042313575745,13094,5900
0,0.03999999910593033,-0.07999999821186066,9.760000228881836,0,-0.0625,0.0625,29.875,-28.6875,-19.25,-0.3962460458278656,-0.004760812036693096,0.007141217589378357,-0.9181042313575745,13104,5901
0,0.05000000074505806,-0.07999999821186066,9.729999542236328,0.0625,-0.0625,0,29.875,-28.6875,-19.25,-0.3962460458278656,-0.004760812036693096,0.007141217589378357,-0.9181042313575745,13114,5902
0,0.03999999910593033,-0.07000000029802322,9.770000457763672,0,-0.0625,-0.125,30.25,-27.5,-19.25,-0.3962460458278656,-0.004760812036693096,0.007141217589378357,-0.9181042313575745,13124,5903
0,0.07000000029802322,-0.07000000029802322,9.739999771118164,0.0625,0.0625,0,30.25,-27.5,-19.25,-0.3962460458278656,-0.004760812036693096,0.007141217589378357,-0.9181042313575745,13134,5904
0,0.05999999865889549,-0.07000000029802322,9.739999771118164,0.125,-0.0625,0,30.25,-27.5,-19.25,-0.3962460458278656,-0.004760812036693096,0.007141217589378357,-0.9181042313575745,13144,5905
0,0.05000000074505806,-0.10000000149011612,9.739999771118164,0.1875,-0.0625,0.0625,30.25,-27.5,-19.25,-0.3962460458278656,-0.004760812036693096,0.007141217589378357,-0.9181042313575745,13154,5906
0,0.05999999865889549,-0.07999999821186066,9.760000228881836,0.125,-0.0625,-0.0625,30.25,-27.5,-19.25,-0.3962460458278656,-0.004760812036693096,0.007141217589378357,-0.9181042313575745,13164,5907
0,0.07000000029802322,-0.07000000029802322,9.720000267028809,0.0625,0.0625,0,29.5,-29,-19.25,-0.3962460458278656,-0.004760812036693096,0.007141217589378357,-0.9181042313575745,13174,5908
0,0.05999999865889549,-0.09000000357627869,9.779999732971191,0,-0.125,0.125,29.5,-29,-19.25,-0.3962460458278656,-0.004760812036693096,0.007141217589378357,-0.9181042313575745,13184,5909
0,0.07000000029802322,-0.07999999821186066,9.729999542236328,0.125,0.0625,0.0625,29.5,-29,-19.25,-0.3962460458278656,-0.004760812036693096,0.007141217589378357,-0.9181042313575745,13194,5910
0,0.05000000074505806,-0.07000000029802322,9.770000457763672,0.125,-0.125,0,29.5,-29,-19.25,-0.3962460458278656,-0.004760812036693096,0.007141217589378357,-0.9181042313575745,13204,5911
0,0.07999999821186066,-0.07999999821186066,9.760000228881836,0,0.0625,0,29.5,-29,-19.25,-0.3962460458278656,-0.004760812036693096,0.007141217589378357,-0.9181042313575745,13214,5912
0,0.03999999910593033,-0.07000000029802322,9.770000457763672,-0.0625,0.1875,0.0625,29.875,-28.6875,-20.5,-0.3962460458278656,-0.004760812036693096,0.007141217589378357,-0.9181042313575745,13224,5913
0,0.05999999865889549,-0.07000000029802322,9.75,0,-0.0625,0,29.875,-28.6875,-20.5,-0.3962460458278656,-0.004760812036693096,0.007141217589378357,-0.9181042313575745,13234,5914
0,0.05000000074505806,-0.10000000149011612,9.729999542236328,-0.0625,0.0625,-0.0625,29.875,-28.6875,-20.5,-0.3962460458278656,-0.004760812036693096,0.007141217589378357,-0.9181042313575745,13244,5915
0,0.07999999821186066,-0.07999999821186066,9.739999771118164,-0.0625,0.0625,-0.0625,29.875,-28.6875,-20.5,-0.3962460458278656,-0.004760812036693096,0.007141217589378357,-0.9181042313575745,13254,5916
0,0.05000000074505806,-0.05999999865889549,9.739999771118164,-0.125,0.0625,0,29.875,-28.6875,-20.5,-0.3962460458278656,-0.004760812036693096,0.007141217589378357,-0.9181042313575745,13264,5917
0,0.05999999865889549,-0.07999999821186066,9.720000267028809,0.0625,0,0,30.6875,-26.375,-19.5625,-0.3962460458278656,-0.004760812036693096,0.007141217589378357,-0.9181042313575745,13274,5918
0,0.05000000074505806,-0.07000000029802322,9.75,0.0625,-0.3125,0.0625,30.6875,-26.375,-19.5625,-0.3962460458278656,-0.004760812036693096,0.007141217589378357,-0.9181042313575745,13284,5919
0,0.07000000029802322,-0.07000000029802322,9.729999542236328,0.0625,-0.125,0,30.6875,-26.375,-19.5625,-0.3962460458278656,-0.004760812036693096,0.007141217589378357,-0.9181042313575745,13294,5920
0,0.05000000074505806,-0.07000000029802322,9.75,0,0.0625,0,30.6875,-26.375,-19.5625,-0.3962460458278656,-0.004760812036693096,0.007141217589378357,-0.9181042313575745,13304,5921
0,0.05000000074505806,-0.07000000029802322,9.75,0.0625,0,0,30.6875,-26.375,-19.5625,-0.3962460458278656,-0.004760812036693096,0.007141217589378357,-0.9181042313575745,13314,5922
0,0.05999999865889549,-0.07999999821186066,9.75,0.0625,0,0,29.875,-28.6875,-20.0625,-0.3962460458278656,-0.004760812036693096,0.007141217589378357,-0.9181042313575745,13324,5923
0,0.03999999910593033,-0.10000000149011612,9.75,-0.0625,0.0625,-0.125,29.875,-28.6875,-20.0625,-0.3962460458278656,-0.004760812036693096,0.007141217589378357,-0.9181042313575745,13334,5924
0,0.07000000029802322,-0.09000000357627869,9.720000267028809,0.0625,-0.125,0,29.875,-28.6875,-20.0625,-0.3962460458278656,-0.004760812036693096,0.007141217589378357,-0.9181042313575745,13344,5925
0,0.05999999865889549,-0.09000000357627869,9.729999542236328,0.125,0,-0.0625,29.875,-28.6875,-20.0625,-0.3962460458278656,-0.004760812036693096,0.007141217589378357,-0.9181042313575745,13354,5926
0,0.07000000029802322,-0.07000000029802322,9.789999961853027,0.0625,0.0625,-0.0625,29.875,-28.6875,-20.0625,-0.3962460458278656,-0.004760812036693096,0.007141217589378357,-0.9181042313575745,13364,5927
0,0.03999999910593033,-0.07999999821186066,9.770000457763672,0,0,0,31,-29.75,-20.0625,-0.3962460458278656,-0.004760812036693096,0.007141217589378357,-0.9181042313575745,13374,5928
0,0.05000000074505806,-0.07999999821186066,9.739999771118164,0,0.25,0,31,-29.75,-20.0625,-0.3962460458278656,-0.004760812036693096,0.007141217589378357,-0.9181042313575745,13384,5929
0,0.05999999865889549,-0.09000000357627869,9.729999542236328,0,-0.125,0.0625,31,-29.75,-20.0625,-0.3962460458278656,-0.004760812036693096,0.007141217589378357,-0.9181042313575745,13394,5930
0,0.05000000074505806,-0.09000000357627869,9.75,0.125,-0.125,0.0625,31,-29.75,-20.0625,-0.3962460458278656,-0.004760812036693096,0.007141217589378357,-0.9181042313575745,13404,5931
0,0.03999999910593033,-0.07000000029802322,9.739999771118164,0,-0.0625,0,31,-29.75,-20.0625,-0.3962460458278656,-0.004760812036693096,0.007141217589378357,-0.9181042313575745,13414,5932
0,0.05000000074505806,-0.10000000149011612,9.760000228881836,-0.0625,0,0,29.875,-29.375,-18.75,-0.3962460458278656,-0.004760812036693096,0.007141217589378357,-0.9181042313575745,13424,5933
0,0.05000000074505806,-0.07000000029802322,9.720000267028809,0.0625,0,0,29.875,-29.375,-18.75,-0.3962460458278656,-0.004760812036693096,0.007141217589378357,-0.9181042313575745,13434,5934
0,0.05999999865889549,-0.10000000149011612,9.720000267028809,-0.125,0.0625,-0.125,29.875,-29.375,-18.75,-0.3962460458278656,-0.004760812036693096,0.007141217589378357,-0.9181042313575745,13444,5935
0,0.05000000074505806,-0.07999999821186066,9.739999771118164,0,0.0625,0,29.875,-29.375,-18.75,-0.3962460458278656,-0.004760812036693096,0.007141217589378357,-0.9181042313575745,13454,5936
0,0.05999999865889549,-0.07999999821186066,9.739999771118164,0,0.125,0.0625,29.875,-29.375,-18.75,-0.3962460458278656,-0.004760812036693096,0.007141217589378357,-0.9181042313575745,13464,5937
0,0.05999999865889549,-0.07000000029802322,9.75,0.0625,-0.0625,0,30.6875,-29.375,-18.5,-0.3962460458278656,-0.004760812036693096,0.007141217589378357,-0.9181042313575745,13474,5938
0,0.03999999910593033,-0.07999999821186066,9.729999542236328,0.0625,-0.125,0.125,30.6875,-29.375,-18.5,-0.3962460458278656,-0.004760812036693096,0.007141217589378357,-0.9181042313575745,13484,5939
0,0.05999999865889549,-0.09000000357627869,9.739999771118164,0,-0.0625,0.0625,30.6875,-29.375,-18.5,-0.3962460458278656,-0.004760812036693096,0.007141217589378357,-0.9181042313575745,13494,5940
0,0.05999999865889549,-0.09000000357627869,9.75,0.0625,-0.125,0,30.6875,-29.375,-18.5,-0.3962460458278656,-0.004760812036693096,0.007141217589378357,-0.9181042313575745,13504,5941
0,0.05999999865889549,-0.07999999821186066,9.760000228881836,0,0,-0.0625,30.6875,-29.375,-18.5,-0.3962460458278656,-0.004760812036693096,0.007141217589378357,-0.9181042313575745,13514,5942
0,0.05000000074505806,-0.09000000357627869,9.770000457763672,0.0625,0,0,29.875,-27.875,-18.0625,-0.3962460458278656,-0.004760812036693096,0.007141217589378357,-0.9181042313575745,13524,5943
0,0.029999999329447746,-0.07999999821186066,9.710000038146973,0.125,0,0.125,29.875,-27.875,-18.0625,-0.3962460458278656,-0.004760812036693096,0.007141217589378357,-0.9181042313575745,13534,5944
0,0.03999999910593033,-0.07000000029802322,9.720000267028809,0.0625,-0.0625,0,29.875,-27.875,-18.0625,-0.3962460458278656,-0.004760812036693096,0.007141217589378357,-0.9181042313575745,13544,5945
0,0.029999999329447746,-0.09000000357627869,9.729999542236328,0,0,-0.0625,29.875,-27.875,-18.0625,-0.3962460458278656,-0.004760812036693096,0.007141217589378357,-0.9181042313575745,13554,5946
0,0.029999999329447746,-0.05999999865889549,9.760000228881836,-0.0625,0.125,-0.125,29.875,-27.875,-18.0625,-0.3962460458278656,-0.004760812036693096,0.007141217589378357,-0.9181042313575745,13564,5947
0,0.05000000074505806,-0.07999999821186066,9.760000228881836,0.0625,0,-0.0625,29.5,-30.5,-19.25,-0.3962460458278656,-0.004760812036693096,0.007141217589378357,-0.9181042313575745,13574,5948
0,0.05999999865889549,-0.07000000029802322,9.800000190734863,0.125,0,-0.0625,29.5,-30.5,-19.25,-0.3962460458278656,-0.004760812036693096,0.007141217589378357,-0.9181042313575745,13584,5949
0,0.07000000029802322,-0.09000000357627869,9.710000038146973,-0.125,-0.0625,0,29.5,-30.5,-19.25,-0.3962460458278656,-0.004760812036693096,0.007141217589378357,-0.9181042313575745,13594,5950
0,0.05999999865889549,-0.07999999821186066,9.729999542236328,0.0625,0.0625,-0.0625,29.5,-30.5,-19.25,-0.3962460458278656,-0.004760812036693096,0.007141217589378357,-0.9181042313575745,13604,5951
0,0.05999999865889549,-0.10000000149011612,9.75,0.125,-0.1875,0.125,29.5,-30.5,-19.25,-0.3962460458278656,-0.004760812036693096,0.007141217589378357,-0.9181042313575745,13614,5952
0,0.019999999552965164,-0.07000000029802322,9.739999771118164,0,0.0625,0,29.5,-30.5,-20.75,-0.3962460458278656,-0.004760812036693096,0.007141217589378357,-0.9181042313575745,13624,5953
0,0.05000000074505806,-0.07999999821186066,9.75,0,-0.0625,0.0625,29.5,-30.5,-20.75,-0.3962460458278656,-0.004760812036693096,0.007141217589378357,-0.9181042313575745,13634,5954
0,0.03999999910593033,-0.07999999821186066,9.720000267028809,-0.125,-0.25,0,29.5,-30.5,-20.75,-0.3962460458278656,-0.004760812036693096,0.007141217589378357,-0.9181042313575745,13644,5955
0,0.05000000074505806,-0.07000000029802322,9.75,0,-0.1875,0.0625,29.5,-30.5,-20.75,-0.3962460458278656,-0.004760812036693096,0.007141217589378357,-0.9181042313575745,13654,5956
0,0.03999999910593033,-0.07000000029802322,9.739999771118164,0,0.25,-0.0625,29.5,-30.5,-20.75,-0.3962460458278656,-0.004760812036693096,0.007141217589378357,-0.9181042313575745,13664,5957
0,0.05000000074505806,-0.09000000357627869,9.739999771118164,0,-0.125,0.0625,30.6875,-29.75,-18.5,-0.3962460458278656,-0.004760812036693096,0.007141217589378357,-0.9181042313575745,13674,5958
0,0.05999999865889549,-0.10000000149011612,9.739999771118164,0,-0.0625,0.0625,30.6875,-29.75,-18.5,-0.3962460458278656,-0.004760812036693096,0.007141217589378357,-0.9181042313575745,13684,5959
0,0.07000000029802322,-0.09000000357627869,9.720000267028809,-0.0625,-0.0625,-0.0625,30.6875,-29.75,-18.5,-0.3962460458278656,-0.004760812036693096,0.007141217589378357,-0.9181042313575745,13694,5960
0,0.03999999910593033,-0.07000000029802322,9.729999542236328,0,0,0.0625,30.6875,-29.75,-18.5,-0.3962460458278656,-0.004760812036693096,0.007141217589378357,-0.9181042313575745,13704,5961
0,0.05999999865889549,-0.07999999821186066,9.75,0,-0.1875,0.1875,30.6875,-29.75,-18.5,-0.3962460458278656,-0.004760812036693096,0.007141217589378357,-0.9181042313575745,13714,5962
0,0.03999999910593033,-0.07000000029802322,9.739999771118164,0,-0.125,-0.125,29.5,-26.375,-19.25,-0.3962460458278656,-0.004760812036693096,0.007141217589378357,-0.9181042313575745,13724,5963
0,0.03999999910593033,-0.07999999821186066,9.770000457763672,0,0,0.0625,29.5,-26.375,-19.25,-0.3962460458278656,-0.004760812036693096,0.007141217589378357,-0.9181042313575745,13734,5964
0,0.05999999865889549,-0.07999999821186066,9.720000267028809,0.125,0,0.0625,29.5,-26.375,-19.25,-0.3962460458278656,-0.004760812036693096,0.007141217589378357,-0.9181042313575745,13744,5965
0,0.05999999865889549,-0.10000000149011612,9.720000267028809,0,0.0625,-0.0625,29.5,-26.375,-19.25,-0.3962460458278656,-0.004760812036693096,0.007141217589378357,-0.9181042313575745,13754,5966
0,0.05000000074505806,-0.07999999821186066,9.75,-0.125,0.0625,0,29.5,-26.375,-19.25,-0.3962460458278656,-0.004760812036693096,0.007141217589378357,-0.9181042313575745,13764,5967
0,0.05999999865889549,-0.10000000149011612,9.739999771118164,-0.125,0.1875,0,30.25,-29.375,-18.5,-0.3962460458278656,-0.004760812036693096,0.007141217589378357,-0.9181042313575745,13774,5968
0,0.03999999910593033,-0.09000000357627869,9.770000457763672,0,0.125,0,30.25,-29.375,-18.5,-0.3962460458278656,-0.004760812036693096,0.007141217589378357,-0.9181042313575745,13784,5969
0,0.05999999865889549,-0.07999999821186066,9.739999771118164,0.1875,-0.0625,0.125,30.25,-29.375,-18.5,-0.3962460458278656,-0.004760812036693096,0.007141217589378357,-0.9181042313575745,13794,5970
0,0.05999999865889549,-0.09000000357627869,9.760000228881836,0,0,-0.125,30.25,-29.375,-18.5,-0.3962460458278656,-0.004760812036693096,0.007141217589378357,-0.9181042313575745,13804,5971
0,0.07000000029802322,-0.07999999821186066,9.739999771118164,0.0625,-0.125,-0.0625,30.25,-29.375,-18.5,-0.3962460458278656,-0.004760812036693096,0.007141217589378357,-0.9181042313575745,13814,5972
0,0.03999999910593033,-0.09000000357627869,9.739999771118164,0.0625,-0.125,-0.0625,30.25,-29,-19.5625,-0.3962460458278656,-0.004760812036693096,0.007141217589378357,-0.9181042313575745,13824,5973
0,0.03999999910593033,-0.09000000357627869,9.739999771118164,0.125,-0.0625,0.0625,30.25,-29,-19.5625,-0.3962460458278656,-0.004760812036693096,0.007141217589378357,-0.9181042313575745,13834,5974
0,0.05000000074505806,-0.07999999821186066,9.75,0.125,-0.1875,0.125,30.25,-29,-19.5625,-0.3962460458278656,-0.004760812036693096,0.007141217589378357,-0.9181042313575745,13844,5975
0,0.029999999329447746,-0.09000000357627869,9.760000228881836,-0.0625,0,-0.0625,30.25,-29,-19.5625,-0.3962460458278656,-0.004760812036693096,0.007141217589378357,-0.9181042313575745,13854,5976
0,0.07000000029802322,-0.07000000029802322,9.75,0,0,0,30.25,-29,-19.5625,-0.3962460458278656,-0.004760812036693096,0.007141217589378357,-0.9181042313575745,13864,5977
0,0.05999999865889549,-0.10000000149011612,9.720000267028809,0,0.0625,0,29.875,-27.875,-19.5625,-0.3962460458278656,-0.004760812036693096,0.007141217589378357,-0.9181042313575745,13874,5978
0,0.05000000074505806,-0.07999999821186066,9.720000267028809,0.0625,0,0,29.875,-27.875,-19.5625,-0.3962460458278656,-0.004760812036693096,0.007141217589378357,-0.9181042313575745,13884,5979
0,0.03999999910593033,-0.09000000357627869,9.710000038146973,0,-0.125,0.125,29.875,-27.875,-19.5625,-0.3962460458278656,-0.004760812036693096,0.007141217589378357,-0.9181042313575745,13894,5980
0,0.05999999865889549,-0.07999999821186066,9.720000267028809,-0.0625,0,-0.0625,29.875,-27.875,-19.5625,-0.3962460458278656,-0.004760812036693096,0.007141217589378357,-0.9181042313575745,13904,5981
0,0.05000000074505806,-0.07999999821186066,9.729999542236328,0,-0.25,0.125,29.875,-27.875,-19.5625,-0.3962460458278656,-0.004760812036693096,0.007141217589378357,-0.9181042313575745,13914,5982
0,0.05999999865889549,-0.09000000357627869,9.75,0.0625,-0.125,0.0625,29.1875,-28.6875,-19.5625,-0.3962460458278656,-0.004760812036693096,0.007141217589378357,-0.9181042313575745,13924,5983
0,0.03999999910593033,-0.09000000357627869,9.760000228881836,0,0.0625,0,29.1875,-28.6875,-19.5625,-0.3962460458278656,-0.004760812036693096,0.007141217589378357,-0.9181042313575745,13934,5984
0,0.03999999910593033,-0.07000000029802322,9.75,0.125,0,0,29.1875,-28.6875,-19.5625,-0.3962460458278656,-0.004760812036693096,0.007141217589378357,-0.9181042313575745,13944,5985
0,0.05999999865889549,-0.07999999821186066,9.739999771118164,0.0625,0,0,29.1875,-28.6875,-19.5625,-0.3962460458278656,-0.004760812036693096,0.007141217589378357,-0.9181042313575745,13954,5986
0,0.05000000074505806,-0.05999999865889549,9.760000228881836,0,-0.0625,0.0625,29.1875,-28.6875,-19.5625,-0.3962460458278656,-0.004760812036693096,0.007141217589378357,-0.9181042313575745,13964,5987
0,0.07000000029802322,-0.07999999821186066,9.75,0,0,-0.0625,29.1875,-18.1875,-19.25,-0.3962460458278656,-0.004760812036693096,0.007141217589378357,-0.9181042313575745,13974,5988
0,0.05999999865889549,-0.07000000029802322,9.75,0.0625,0,0.0625,29.1875,-18.1875,-19.25,-0.3962460458278656,-0.004760812036693096,0.007141217589378357,-0.9181042313575745,13984,5989
0,0.03999999910593033,-0.10000000149011612,9.760000228881836,0.0625,-0.125,0,29.1875,-18.1875,-19.25,-0.3962460458278656,-0.004760812036693096,0.007141217589378357,-0.9181042313575745,13994,5990
0,0.05000000074505806,-0.10000000149011612,9.729999542236328,-0.0625,0.0625,0,29.1875,-18.1875,-19.25,-0.3962460458278656,-0.004760812036693096,0.007141217589378357,-0.9181042313575745,14004,5991
0,0.03999999910593033,-0.07000000029802322,9.75,0,0,-0.125,29.1875,-18.1875,-19.25,-0.3962460458278656,-0.004760812036693096,0.007141217589378357,-0.9181042313575745,14014,5992
0,0.05000000074505806,-0.10000000149011612,9.770000457763672,-0.125,0.0625,0,29.1875,-29.75,-18.5,-0.3962460458278656,-0.004760812036693096,0.007141217589378357,-0.9181042313575745,14024,5993
0,0.05999999865889549,-0.09000000357627869,9.739999771118164,0.125,0.125,0.0625,29.1875,-29.75,-18.5,-0.3962460458278656,-0.004760812036693096,0.007141217589378357,-0.9181042313575745,14034,5994
0,0.03999999910593033,-0.09000000357627869,9.710000038146973,0,0,0,29.1875,-29.75,-18.5,-0.3962460458278656,-0.004760812036693096,0.007141217589378357,-0.9181042313575745,14044,5995
0,0.03999999910593033,-0.07000000029802322,9.720000267028809,0,0.0625,0.0625,29.1875,-29.75,-18.5,-0.3962460458278656,-0.004760812036693096,0.007141217589378357,-0.9181042313575745,14054,5996
0,0.029999999329447746,-0.05999999865889549,9.729999542236328,-0.125,0,0,29.1875,-29.75,-18.5,-0.3962460458278656,-0.004760812036693096,0.007141217589378357,-0.9181042313575745,14064,5997
0,0.05000000074505806,-0.07999999821186066,9.75,0.125,0.1875,-0.0625,29.875,-29.375,-18.5,-0.3962460458278656,-0.004760812036693096,0.007141217589378357,-0.9181042313575745,14074,5998
0,0.05999999865889549,-0.10000000149011612,9.75,0.0625,0,-0.1875,29.875,-29.375,-18.5,-0.3962460458278656,-0.004760812036693096,0.007141217589378357,-0.9181042313575745,14084,5999
0,0.05000000074505806,-0.05999999865889549,9.729999542236328,0.0625,-0.125,0.0625,29.875,-29.375,-18.5,-0.3962460458278656,-0.004760812036693096,0.007141217589378357,-0.9181042313575745,14094,6000
0,0.05999999865889549,-0.09000000357627869,9.75,0.125,-0.0625,0,29.875,-29.375,-18.5,-0.3962460458278656,-0.004760812036693096,0.007141217589378357,-0.9181042313575745,14104,6001
0,0.05000000074505806,-0.09000000357627869,9.770000457763672,0,0,-0.125,29.875,-29.375,-18.5,-0.3962460458278656,-0.004760812036693096,0.007141217589378357,-0.9181042313575745,14114,6002
0,0.05000000074505806,-0.07999999821186066,9.739999771118164,0.0625,0,0,29.875,-14.75,-19.5625,-0.3962460458278656,-0.004760812036693096,0.007141217589378357,-0.9181042313575745,14124,6003
0,0.05999999865889549,-0.07000000029802322,9.75,0.125,-0.0625,-0.0625,29.875,-14.75,-19.5625,-0.3962460458278656,-0.004760812036693096,0.007141217589378357,-0.9181042313575745,14134,6004
0,0.029999999329447746,-0.07999999821186066,9.760000228881836,0,0,0.0625,29.875,-14.75,-19.5625,-0.3962460458278656,-0.004760812036693096,0.007141217589378357,-0.9181042313575745,14144,6005
0,0.05000000074505806,-0.07999999821186066,9.729999542236328,-0.0625,0.125,0,29.875,-14.75,-19.5625,-0.3962460458278656,-0.004760812036693096,0.007141217589378357,-0.9181042313575745,14154,6006
0,0.05000000074505806,-0.09000000357627869,9.739999771118164,0,-0.25,0,29.875,-14.75,-19.5625,-0.3962460458278656,-0.004760812036693096,0.007141217589378357,-0.9181042313575745,14164,6007
0,0.05000000074505806,-0.07000000029802322,9.75,0.0625,-0.25,0,29.875,-28.6875,-19.5625,-0.3962460458278656,-0.004760812036693096,0.007141217589378357,-0.9181042313575745,14174,6008
0,0.05000000074505806,-0.10000000149011612,9.770000457763672,-0.0625,-0.0625,0,29.875,-28.6875,-19.5625,-0.3962460458278656,-0.004760812036693096,0.007141217589378357,-0.9181042313575745,14184,6009
0,0.05000000074505806,-0.09000000357627869,9.739999771118164,0.0625,-0.125,0,29.875,-28.6875,-19.5625,-0.3962460458278656,-0.004760812036693096,0.007141217589378357,-0.9181042313575745,14194,6010
0,0.05999999865889549,-0.07999999821186066,9.75,-0.0625,0,0,29.875,-28.6875,-19.5625,-0.3962460458278656,-0.004760812036693096,0.007141217589378357,-0.9181042313575745,14204,6011
0,0.05000000074505806,-0.05999999865889549,9.739999771118164,0.0625,0.0625,0.0625,29.875,-28.6875,-19.5625,-0.3962460458278656,-0.004760812036693096,0.007141217589378357,-0.9181042313575745,14214,6012
0,0.05999999865889549,-0.07000000029802322,9.770000457763672,0,0.0625,0,29.875,-29,-18.875,-0.3962460458278656,-0.004760812036693096,0.007141217589378357,-0.9181042313575745,14224,6013
0,0.029999999329447746,-0.07999999821186066,9.770000457763672,0,-0.0625,-0.125,29.875,-29,-18.875,-0.3962460458278656,-0.004760812036693096,0.007141217589378357,-0.9181042313575745,14234,6014
0,0.03999999910593033,-0.07000000029802322,9.739999771118164,-0.0625,0.1875,0,29.875,-29,-18.875,-0.3962460458278656,-0.004760812036693096,0.007141217589378357,-0.9181042313575745,14244,6015
0,0.05000000074505806,-0.07999999821186066,9.739999771118164,0,-0.125,-0.0625,29.875,-29,-18.875,-0.3962460458278656,-0.004760812036693096,0.007141217589378357,-0.9181042313575745,14254,6016
0,0.05999999865889549,-0.09000000357627869,9.770000457763672,0.0625,-0.1875,0.0625,29.875,-29,-18.875,-0.3962460458278656,-0.004760812036693096,0.007141217589378357,-0.9181042313575745,14264,6017
0,0.03999999910593033,-0.07000000029802322,9.720000267028809,0,-0.1875,0.125,30.6875,-29.375,-18.75,-0.3962460458278656,-0.004760812036693096,0.007141217589378357,-0.9181042313575745,14274,6018
0,0.029999999329447746,-0.07000000029802322,9.720000267028809,0.0625,0.0625,0,30.6875,-29.375,-18.75,-0.3962460458278656,-0.004760812036693096,0.007141217589378357,-0.9181042313575745,14284,6019
0,0.05999999865889549,-0.05999999865889549,9.760000228881836,0.0625,0,0.0625,30.6875,-29.375,-18.75,-0.3962460458278656,-0.004760812036693096,0.007141217589378357,-0.9181042313575745,14294,6020
0,0.05000000074505806,-0.10000000149011612,9.739999771118164,-0.125,0.125,-0.125,30.6875,-29.375,-18.75,-0.3962460458278656,-0.004760812036693096,0.007141217589378357,-0.9181042313575745,14304,6021
0,0.05999999865889549,-0.10000000149011612,9.729999542236328,0.0625,0.125,0.125,30.6875,-29.375,-18.75,-0.3962460458278656,-0.004760812036693096,0.007141217589378357,-0.9181042313575745,14314,6022
0,0.05999999865889549,-0.07999999821186066,9.75,0.0625,-0.125,-0.0625,31,-30.1875,-18.0625,-0.3962460458278656,-0.004760812036693096,0.007141217589378357,-0.9181042313575745,14324,6023
0,0.05999999865889549,-0.07000000029802322,9.75,0,0,0,31,-30.1875,-18.0625,-0.3962460458278656,-0.004760812036693096,0.007141217589378357,-0.9181042313575745,14334,6024
0,0.05999999865889549,-0.07999999821186066,9.729999542236328,-0.125,0.0625,0.0625,31,-30.1875,-18.0625,-0.3962460458278656,-0.004760812036693096,0.007141217589378357,-0.9181042313575745,14344,6025
0,0.05000000074505806,-0.07999999821186066,9.710000038146973,0.0625,-0.125,0,31,-30.1875,-18.0625,-0.3962460458278656,-0.004760812036693096,0.007141217589378357,-0.9181042313575745,14354,6026
0,0.03999999910593033,-0.10000000149011612,9.739999771118164,0,-0.0625,0,31,-30.1875,-18.0625,-0.3962460458278656,-0.004760812036693096,0.007141217589378357,-0.9181042313575745,14364,6027
0,0.05000000074505806,-0.09000000357627869,9.739999771118164,-0.125,0.1875,0.0625,31,-31.25,-19.25,-0.3962460458278656,-0.004760812036693096,0.007141217589378357,-0.9181042313575745,14374,6028
0,0.07000000029802322,-0.09000000357627869,9.729999542236328,0.125,0.125,0.0625,31,-31.25,-19.25,-0.3962460458278656,-0.004760812036693096,0.007141217589378357,-0.9181042313575745,14384,6029
0,0.03999999910593033,-0.07999999821186066,9.75,-0.0625,-0.0625,0,31,-31.25,-19.25,-0.3962460458278656,-0.004760812036693096,0.007141217589378357,-0.9181042313575745,14394,6030
0,0.029999999329447746,-0.07999999821186066,9.739999771118164,0.125,-0.25,0,31,-31.25,-19.25,-0.3962460458278656,-0.004760812036693096,0.007141217589378357,-0.9181042313575745,14404,6031
0,0.03999999910593033,-0.07999999821186066,9.760000228881836,0,-0.0625,0.0625,31,-31.25,-19.25,-0.3962460458278656,-0.004760812036693096,0.007141217589378357,-0.9181042313575745,14414,6032
0,0.029999999329447746,-0.07000000029802322,9.760000228881836,0,-0.0625,0,29.875,-15.5,-20.0625,-0.3962460458278656,-0.004760812036693096,0.007141217589378357,-0.9181042313575745,14424,6033
0,0.05999999865889549,-0.10000000149011612,9.739999771118164,0.0625,-0.125,0.125,29.875,-15.5,-20.0625,-0.3962460458278656,-0.004760812036693096,0.007141217589378357,-0.9181042313575745,14434,6034
0,0.05000000074505806,-0.09000000357627869,9.75,0,0,0,29.875,-15.5,-20.0625,-0.3962460458278656,-0.004760812036693096,0.007141217589378357,-0.9181042313575745,14444,6035
0,0.05000000074505806,-0.07999999821186066,9.760000228881836,0,-0.0625,-0.0625,29.875,-15.5,-20.0625,-0.3962460458278656,-0.004760812036693096,0.007141217589378357,-0.9181042313575745,14454,6036
0,0.05000000074505806,-0.07999999821186066,9.779999732971191,0.0625,-0.125,0.125,29.875,-15.5,-20.0625,-0.3962460458278656,-0.004760812036693096,0.007141217589378357,-0.9181042313575745,14464,6037
0,0.03999999910593033,-0.07000000029802322,9.75,0,-0.0625,0,29.1875,-29.375,-20.5,-0.3962460458278656,-0.004760812036693096,0.007141217589378357,-0.9181042313575745,14475,6038
0,0.05000000074505806,-0.10000000149011612,9.770000457763672,0,0.1875,0,29.1875,-29.375,-20.5,-0.3962460458278656,-0.004760812036693096,0.007141217589378357,-0.9181042313575745,14484,6039
0,0.05000000074505806,-0.09000000357627869,9.739999771118164,0.0625,0.0625,-0.0625,29.1875,-29.375,-20.5,-0.3962460458278656,-0.004760812036693096,0.007141217589378357,-0.9181042313575745,14494,6040
0,0.029999999329447746,-0.09000000357627869,9.739999771118164,-0.125,-0.0625,0.0625,29.1875,-29.375,-20.5,-0.3962460458278656,-0.004760812036693096,0.007141217589378357,-0.9181042313575745,14505,6041
0,0.029999999329447746,-0.10000000149011612,9.770000457763672,0,-0.0625,-0.0625,29.1875,-29.375,-20.5,-0.3962460458278656,-0.004760812036693096,0.007141217589378357,-0.9181042313575745,14514,6042
0,0.05999999865889549,-0.07000000029802322,9.720000267028809,0.0625,-0.0625,0,29.875,-29.75,-19.5625,-0.3962460458278656,-0.004760812036693096,0.007141217589378357,-0.9181042313575745,14525,6043
0,0.05000000074505806,-0.07999999821186066,9.739999771118164,0.0625,-0.125,0.0625,29.875,-29.75,-19.5625,-0.3962460458278656,-0.004760812036693096,0.007141217589378357,-0.9181042313575745,14535,6044
0,0.05000000074505806,-0.10000000149011612,9.729999542236328,0,-0.125,-0.0625,29.875,-29.75,-19.5625,-0.3962460458278656,-0.004760812036693096,0.007141217589378357,-0.9181042313575745,14545,6045
0,0.05000000074505806,-0.09000000357627869,9.75,0.0625,-0.0625,0.0625,29.875,-29.75,-19.5625,-0.3962460458278656,-0.004760812036693096,0.007141217589378357,-0.9181042313575745,14554,6046
0,0.05000000074505806,-0.09000000357627869,9.75,0,-0.125,0.0625,29.875,-29.75,-19.5625,-0.3962460458278656,-0.004760812036693096,0.007141217589378357,-0.9181042313575745,14564,6047
0,0.05000000074505806,-0.07000000029802322,9.770000457763672,0,-0.125,0,29.875,-26,-19.5625,-0.3962460458278656,-0.004760812036693096,0.007141217589378357,-0.9181042313575745,14575,6048
0,0.05999999865889549,-0.07999999821186066,9.739999771118164,0,0,0.125,29.875,-26,-19.5625,-0.3962460458278656,-0.004760812036693096,0.007141217589378357,-0.9181042313575745,14585,6049
0,0.05000000074505806,-0.07999999821186066,9.6899995803833,-0.0625,0,0,29.875,-26,-19.5625,-0.3962460458278656,-0.004760812036693096,0.007141217589378357,-0.9181042313575745,14595,6050
0,0.05999999865889549,-0.07999999821186066,9.760000228881836,0.125,-0.125,0,29.875,-26,-19.5625,-0.3962460458278656,-0.004760812036693096,0.007141217589378357,-0.9181042313575745,14605,6051
0,0.05000000074505806,-0.05999999865889549,9.739999771118164,0.0625,-0.0625,0.0625,29.875,-26,-19.5625,-0.3962460458278656,-0.004760812036693096,0.007141217589378357,-0.9181042313575745,14614,6052
0,0.05999999865889549,-0.09000000357627869,9.75,-0.0625,0.0625,-0.125,30.25,-28.25,-18.875,-0.3962460458278656,-0.004760812036693096,0.007141217589378357,-0.9181042313575745,14625,6053
0,0.05999999865889549,-0.07999999821186066,9.760000228881836,0.125,-0.0625,0,30.25,-28.25,-18.875,-0.3962460458278656,-0.004760812036693096,0.007141217589378357,-0.9181042313575745,14635,6054
0,0.05000000074505806,-0.07000000029802322,9.739999771118164,-0.0625,-0.125,0,30.25,-28.25,-18.875,-0.3962460458278656,-0.004760812036693096,0.007141217589378357,-0.9181042313575745,14645,6055
0,0.03999999910593033,-0.10000000149011612,9.75,0,-0.0625,0,30.25,-28.25,-18.875,-0.3962460458278656,-0.004760812036693096,0.007141217589378357,-0.9181042313575745,14654,6056
0,0.05999999865889549,-0.07000000029802322,9.739999771118164,0,-0.0625,0.0625,30.25,-28.25,-18.875,-0.3962460458278656,-0.004760812036693096,0.007141217589378357,-0.9181042313575745,14664,6057
0,0.07000000029802322,-0.07999999821186066,9.739999771118164,-0.0625,-0.0625,0,30.25,-27.875,-19.5625,-0.3962460458278656,-0.004760812036693096,0.007141217589378357,-0.9181042313575745,14675,6058
0,0.05999999865889549,-0.07000000029802322,9.729999542236328,0,0,-0.0625,30.25,-27.875,-19.5625,-0.3962460458278656,-0.004760812036693096,0.007141217589378357,-0.9181042313575745,14685,6059
0,0.05000000074505806,-0.07999999821186066,9.739999771118164,0,0.0625,0.0625,30.25,-27.875,-19.5625,-0.3962460458278656,-0.004760812036693096,0.007141217589378357,-0.9181042313575745,14695,6060
0,0.05000000074505806,-0.07999999821186066,9.75,-0.0625,0.0625,0.0625,30.25,-27.875,-19.5625,-0.3962460458278656,-0.004760812036693096,0.007141217589378357,-0.9181042313575745,14705,6061
0,0.05999999865889549,-0.07999999821186066,9.75,-0.0625,0,-0.0625,30.25,-27.875,-19.5625,-0.3962460458278656,-0.004760812036693096,0.007141217589378357,-0.9181042313575745,14714,6062
0,0.05000000074505806,-0.09000000357627869,9.75,-0.0625,-0.0625,0.0625,29.5,-27.1875,-19.25,-0.3962460458278656,-0.004760812036693096,0.007141217589378357,-0.9181042313575745,14725,6063
0,0.019999999552965164,-0.05999999865889549,9.729999542236328,0,-0.1875,0,29.5,-27.1875,-19.25,-0.3962460458278656,-0.004760812036693096,0.007141217589378357,-0.9181042313575745,14735,6064
0,0.05000000074505806,-0.07999999821186066,9.729999542236328,-0.0625,-0.0625,0.0625,29.5,-27.1875,-19.25,-0.3962460458278656,-0.004760812036693096,0.007141217589378357,-0.9181042313575745,14745,6065
0,0.05999999865889549,-0.09000000357627869,9.739999771118164,0,0,-0.0625,29.5,-27.1875,-19.25,-0.3962460458278656,-0.004760812036693096,0.007141217589378357,-0.9181042313575745,14754,6066
0,0.03999999910593033,-0.07000000029802322,9.739999771118164,0,0.0625,0,29.5,-27.1875,-19.25,-0.3962460458278656,-0.004760812036693096,0.007141217589378357,-0.9181042313575745,14764,6067
0,0.05000000074505806,-0.07999999821186066,9.760000228881836,0.0625,-0.0625,0,28.375,-27.5,-19.25,-0.3962460458278656,-0.004760812036693096,0.007141217589378357,-0.9181042313575745,14775,6068
0,0.03999999910593033,-0.07000000029802322,9.75,0.0625,-0.125,0.0625,28.375,-27.5,-19.25,-0.3962460458278656,-0.004760812036693096,0.007141217589378357,-0.9181042313575745,14785,6069
0,0.05000000074505806,-0.07000000029802322,9.739999771118164,-0.125,-0.0625,0,28.375,-27.5,-19.25,-0.3962460458278656,-0.004760812036693096,0.007141217589378357,-0.9181042313575745,14795,6070
0,0.05999999865889549,-0.07999999821186066,9.720000267028809,-0.1875,0,0,28.375,-27.5,-19.25,-0.3962460458278656,-0.004760812036693096,0.007141217589378357,-0.9181042313575745,14805,6071
0,0.05999999865889549,-0.09000000357627869,9.729999542236328,0.125,-0.25,0,28.375,-27.5,-19.25,-0.3962460458278656,-0.004760812036693096,0.007141217589378357,-0.9181042313575745,14814,6072
0,0.05999999865889549,-0.05999999865889549,9.739999771118164,-0.0625,-0.3125,0,30.6875,-24.875,-20.5,-0.3962460458278656,-0.004760812036693096,0.007141217589378357,-0.9181042313575745,14825,6073
0,0.029999999329447746,-0.07000000029802322,9.720000267028809,0.0625,-0.1875,0,30.6875,-24.875,-20.5,-0.3962460458278656,-0.004760812036693096,0.007141217589378357,-0.9181042313575745,14835,6074
0,0.05999999865889549,-0.10000000149011612,9.720000267028809,0,-0.1875,-0.0625,30.6875,-24.875,-20.5,-0.3962460458278656,-0.004760812036693096,0.007141217589378357,-0.9181042313575745,14845,6075
0,0.05000000074505806,-0.07000000029802322,9.75,-0.125,0.0625,-0.0625,30.6875,-24.875,-20.5,-0.3962460458278656,-0.004760812036693096,0.007141217589378357,-0.9181042313575745,14854,6076
0,0.05999999865889549,-0.07999999821186066,9.760000228881836,0,-0.0625,0.0625,30.6875,-24.875,-20.5,-0.3962460458278656,-0.004760812036693096,0.007141217589378357,-0.9181042313575745,14864,6077
0,0.03999999910593033,-0.07999999821186066,9.729999542236328,0,-0.125,0.0625,30.6875,-27.1875,-18.5,-0.3962460458278656,-0.004760812036693096,0.007141217589378357,-0.9181042313575745,14875,6078
0,0.05999999865889549,-0.07999999821186066,9.729999542236328,0,0,0,30.6875,-27.1875,-18.5,-0.3962460458278656,-0.004760812036693096,0.007141217589378357,-0.9181042313575745,14885,6079
0,0.05999999865889549,-0.07999999821186066,9.75,0.125,-0.0625,-0.0625,30.6875,-27.1875,-18.5,-0.3962460458278656,-0.004760812036693096,0.007141217589378357,-0.9181042313575745,14895,6080
0,0.05000000074505806,-0.05999999865889549,9.739999771118164,0,-0.1875,0.0625,30.6875,-27.1875,-18.5,-0.3962460458278656,-0.004760812036693096,0.007141217589378357,-0.9181042313575745,14905,6081
0,0.05000000074505806,-0.07999999821186066,9.739999771118164,0,0,0.0625,30.6875,-27.1875,-18.5,-0.3962460458278656,-0.004760812036693096,0.007141217589378357,-0.9181042313575745,14914,6082
0,0.05000000074505806,-0.10000000149011612,9.75,0.125,-0.0625,-0.0625,30.25,-26,-20.5,-0.3962460458278656,-0.004760812036693096,0.007141217589378357,-0.9181042313575745,14925,6083
0,0.07000000029802322,-0.07999999821186066,9.720000267028809,-0.0625,-0.0625,0,30.25,-26,-20.5,-0.3962460458278656,-0.004760812036693096,0.007141217589378357,-0.9181042313575745,14935,6084
0,0.05000000074505806,-0.07999999821186066,9.710000038146973,-0.125,0.125,-0.0625,30.25,-26,-20.5,-0.3962460458278656,-0.004760812036693096,0.007141217589378357,-0.9181042313575745,14945,6085
0,0.05999999865889549,-0.07999999821186066,9.729999542236328,0,0.125,0,30.25,-26,-20.5,-0.3962460458278656,-0.004760812036693096,0.007141217589378357,-0.9181042313575745,14954,6086
0,0.07000000029802322,-0.03999999910593033,9.729999542236328,0.0625,-0.0625,-0.125,30.25,-26,-20.5,-0.3962460458278656,-0.004760812036693096,0.007141217589378357,-0.9181042313575745,14964,6087
0,0.03999999910593033,-0.09000000357627869,9.729999542236328,0.0625,0.0625,-0.0625,29.5,-27.875,-18.75,-0.3962460458278656,-0.004760812036693096,0.007141217589378357,-0.9181042313575745,14975,6088
0,0.05999999865889549,-0.07999999821186066,9.729999542236328,0,0.0625,0.0625,29.5,-27.875,-18.75,-0.3962460458278656,-0.004760812036693096,0.007141217589378357,-0.9181042313575745,14986,6089
0,0.05000000074505806,-0.09000000357627869,9.710000038146973,0.0625,0.0625,0.0625,29.5,-27.875,-18.75,-0.3962460458278656,-0.004760812036693096,0.007141217589378357,-0.9181042313575745,14995,6090
0,0.05999999865889549,-0.07999999821186066,9.75,0.0625,-0.0625,0,29.5,-27.875,-18.75,-0.3962460458278656,-0.004760812036693096,0.007141217589378357,-0.9181042313575745,15005,6091
0,0.05999999865889549,-0.09000000357627869,9.770000457763672,-0.0625,0.1875,0,29.5,-27.875,-18.75,-0.3962460458278656,-0.004760812036693096,0.007141217589378357,-0.9181042313575745,15014,6092
0,0.07999999821186066,-0.05999999865889549,9.739999771118164,0,0.125,0,31,-28.6875,-20.5,-0.3962460458278656,-0.004760812036693096,0.007141217589378357,-0.9181042313575745,15026,6093
0,0.05000000074505806,-0.10000000149011612,9.729999542236328,0.0625,-0.0625,-0.0625,31,-28.6875,-20.5,-0.3962460458278656,-0.004760812036693096,0.007141217589378357,-0.9181042313575745,15035,6094
0,0.03999999910593033,-0.10999999940395355,9.720000267028809,-0.0625,0,0,31,-28.6875,-20.5,-0.3962460458278656,-0.004760812036693096,0.007141217589378357,-0.9181042313575745,15046,6095
0,0.05000000074505806,-0.07999999821186066,9.739999771118164,0.125,-0.1875,0.0625,31,-28.6875,-20.5,-0.3962460458278656,-0.004760812036693096,0.007141217589378357,-0.9181042313575745,15055,6096
0,0.07999999821186066,-0.09000000357627869,9.760000228881836,0.0625,0.1875,-0.125,31,-28.6875,-20.5,-0.3962460458278656,-0.004760812036693096,0.007141217589378357,-0.9181042313575745,15064,6097
0,0.05000000074505806,-0.07000000029802322,9.770000457763672,-0.0625,0.0625,0.0625,30.25,-27.875,-19.25,-0.3962460458278656,-0.004760812036693096,0.007141217589378357,-0.9181042313575745,15076,6098
0,0.03999999910593033,-0.07999999821186066,9.779999732971191,0,-0.125,-0.0625,30.25,-27.875,-19.25,-0.3962460458278656,-0.004760812036693096,0.007141217589378357,-0.9181042313575745,15086,6099
0,0.05000000074505806,-0.05999999865889549,9.739999771118164,0,0.125,0.0625,30.25,-27.875,-19.25,-0.3962460458278656,-0.004760812036693096,0.007141217589378357,-0.9181042313575745,15096,6100
0,0.07999999821186066,-0.09000000357627869,9.75,0.0625,-0.125,-0.0625,30.25,-27.875,-19.25,-0.3962460458278656,-0.004760812036693096,0.007141217589378357,-0.9181042313575745,15106,6101
0,0.05999999865889549,-0.07999999821186066,9.770000457763672,0.0625,0,0.0625,30.25,-27.875,-19.25,-0.3962460458278656,-0.004760812036693096,0.007141217589378357,-0.9181042313575745,15114,6102
0,0.03999999910593033,-0.07999999821186066,9.75,-0.0625,0,0.0625,30.6875,-29,-18.875,-0.3962460458278656,-0.004760812036693096,0.007141217589378357,-0.9181042313575745,15126,6103
0,0.07000000029802322,-0.05999999865889549,9.729999542236328,-0.0625,0.0625,-0.0625,30.6875,-29,-18.875,-0.3962460458278656,-0.004760812036693096,0.007141217589378357,-0.9181042313575745,15136,6104
0,0.05000000074505806,-0.05999999865889549,9.720000267028809,0.0625,-0.125,0,30.6875,-29,-18.875,-0.3962460458278656,-0.004760812036693096,0.007141217589378357,-0.9181042313575745,15146,6105
0,0.07000000029802322,-0.07000000029802322,9.739999771118164,-0.0625,0.0625,0,30.6875,-29,-18.875,-0.3962460458278656,-0.004760812036693096,0.007141217589378357,-0.9181042313575745,15155,6106
0,0.07000000029802322,-0.09000000357627869,9.770000457763672,0,-0.0625,0.1875,30.6875,-29,-18.875,-0.3962460458278656,-0.004760812036693096,0.007141217589378357,-0.9181042313575745,15164,6107
0,0.05000000074505806,-0.07999999821186066,9.739999771118164,0.0625,0.25,0.0625,30.6875,-28.6875,-18.5,-0.3962460458278656,-0.004760812036693096,0.007141217589378357,-0.9181042313575745,15176,6108
0,0.07000000029802322,-0.05999999865889549,9.760000228881836,-0.0625,0,-0.0625,30.6875,-28.6875,-18.5,-0.3962460458278656,-0.004760812036693096,0.007141217589378357,-0.9181042313575745,15186,6109
0,0.07000000029802322,-0.07000000029802322,9.720000267028809,0,-0.25,0.0625,30.6875,-28.6875,-18.5,-0.3962460458278656,-0.004760812036693096,0.007141217589378357,-0.9181042313575745,15196,6110
0,0.05999999865889549,-0.07999999821186066,9.739999771118164,0,0,-0.0625,30.6875,-28.6875,-18.5,-0.3962460458278656,-0.004760812036693096,0.007141217589378357,-0.9181042313575745,15206,6111
0,0.05000000074505806,-0.07999999821186066,9.75,0.0625,0,0,30.6875,-28.6875,-18.5,-0.3962460458278656,-0.004760812036693096,0.007141217589378357,-0.9181042313575745,15214,6112
0,0.05000000074505806,-0.09000000357627869,9.760000228881836,0.125,-0.125,0,29.5,-29.75,-20.0625,-0.3962460458278656,-0.004760812036693096,0.007141217589378357,-0.9181042313575745,15226,6113
0,0.029999999329447746,-0.10000000149011612,9.720000267028809,0.0625,-0.1875,0,29.5,-29.75,-20.0625,-0.3962460458278656,-0.004760812036693096,0.007141217589378357,-0.9181042313575745,15236,6114
0,0.05999999865889549,-0.09000000357627869,9.729999542236328,0,-0.0625,-0.125,29.5,-29.75,-20.0625,-0.3962460458278656,-0.004760812036693096,0.007141217589378357,-0.9181042313575745,15246,6115
0,0.05000000074505806,-0.09000000357627869,9.729999542236328,0.125,-0.25,0,29.5,-29.75,-20.0625,-0.3962460458278656,-0.004760812036693096,0.007141217589378357,-0.9181042313575745,15255,6116
0,0.05000000074505806,-0.05999999865889549,9.739999771118164,-0.0625,-0.0625,-0.0625,29.5,-29.75,-20.0625,-0.3962460458278656,-0.004760812036693096,0.007141217589378357,-0.9181042313575745,15264,6117
0,0.05000000074505806,-0.07999999821186066,9.779999732971191,-0.0625,-0.1875,-0.0625,30.25,-29.75,-20.5,-0.3962460458278656,-0.004760812036693096,0.007141217589378357,-0.9181042313575745,15276,6118
0,0.05000000074505806,-0.07999999821186066,9.720000267028809,-0.0625,-0.125,0,30.25,-29.75,-20.5,-0.3962460458278656,-0.004760812036693096,0.007141217589378357,-0.9181042313575745,15286,6119
0,0.029999999329447746,-0.05999999865889549,9.710000038146973,0,-0.125,0,30.25,-29.75,-20.5,-0.3962460458278656,-0.004760812036693096,0.007141217589378357,-0.9181042313575745,15296,6120
0,0.05000000074505806,-0.07999999821186066,9.710000038146973,0,-0.0625,0.1875,30.25,-29.75,-20.5,-0.3962460458278656,-0.004760812036693096,0.007141217589378357,-0.9181042313575745,15306,6121
0,0.05000000074505806,-0.07999999821186066,9.739999771118164,0.0625,-0.25,0.0625,30.25,-29.75,-20.5,-0.3962460458278656,-0.004760812036693096,0.007141217589378357,-0.9181042313575745,15314,6122
0,0.05999999865889549,-0.07999999821186066,9.739999771118164,0,-0.1875,0.0625,29.5,-27.875,-18.0625,-0.3962460458278656,-0.004760812036693096,0.007141217589378357,-0.9181042313575745,15326,6123
0,0.05000000074505806,-0.07000000029802322,9.760000228881836,0.0625,-0.1875,0.0625,29.5,-27.875,-18.0625,-0.3962460458278656,-0.004760812036693096,0.007141217589378357,-0.9181042313575745,15336,6124
0,0.05999999865889549,-0.09000000357627869,9.739999771118164,0.0625,-0.125,0,29.5,-27.875,-18.0625,-0.3962460458278656,-0.004760812036693096,0.007141217589378357,-0.9181042313575745,15346,6125
0,0.05999999865889549,-0.09000000357627869,9.739999771118164,0.125,0,0,29.5,-27.875,-18.0625,-0.3962460458278656,-0.004760812036693096,0.007141217589378357,-0.9181042313575745,15355,6126
0,0.05999999865889549,-0.07999999821186066,9.75,0,0.0625,0.0625,29.5,-27.875,-18.0625,-0.3962460458278656,-0.004760812036693096,0.007141217589378357,-0.9181042313575745,15364,6127
0,0.07999999821186066,-0.10000000149011612,9.75,0.1875,0,0,29.5,-29,-19.25,-0.3962460458278656,-0.004760812036693096,0.007141217589378357,-0.9181042313575745,15376,6128
0,0.07000000029802322,-0.09000000357627869,9.720000267028809,0,0,0,29.5,-29,-19.25,-0.3962460458278656,-0.004760812036693096,0.007141217589378357,-0.9181042313575745,15386,6129
0,0.05999999865889549,-0.05999999865889549,9.739999771118164,-0.125,0.0625,0.0625,29.5,-29,-19.25,-0.3962460458278656,-0.004760812036693096,0.007141217589378357,-0.9181042313575745,15396,6130
0,0.07000000029802322,-0.05999999865889549,9.739999771118164,-0.0625,-0.125,0.125,29.5,-29,-19.25,-0.3962460458278656,-0.004760812036693096,0.007141217589378357,-0.9181042313575745,15406,6131
0,0.03999999910593033,-0.07000000029802322,9.729999542236328,-0.0625,-0.125,0.125,29.5,-29,-19.25,-0.3962460458278656,-0.004760812036693096,0.007141217589378357,-0.9181042313575745,15414,6132
0,0.05000000074505806,-0.10000000149011612,9.739999771118164,0.125,-0.125,0,29.875,-27.875,-19.5625,-0.3962460458278656,-0.004760812036693096,0.007141217589378357,-0.9181042313575745,15426,6133
0,0.05000000074505806,-0.07999999821186066,9.729999542236328,0.125,-0.125,0,29.875,-27.875,-19.5625,-0.3962460458278656,-0.004760812036693096,0.007141217589378357,-0.9181042313575745,15436,6134
0,0.05999999865889549,-0.07000000029802322,9.720000267028809,0,0.1875,0,29.875,-27.875,-19.5625,-0.3962460458278656,-0.004760812036693096,0.007141217589378357,-0.9181042313575745,15446,6135
0,0.05000000074505806,-0.07000000029802322,9.739999771118164,-0.1875,-0.1875,0,29.875,-27.875,-19.5625,-0.3962460458278656,-0.004760812036693096,0.007141217589378357,-0.9181042313575745,15455,6136
0,0.03999999910593033,-0.07000000029802322,9.729999542236328,0,0,0.0625,29.875,-27.875,-19.5625,-0.3962460458278656,-0.004760812036693096,0.007141217589378357,-0.9181042313575745,15464,6137
0,0.03999999910593033,-0.07000000029802322,9.739999771118164,0.125,-0.0625,0,31,-28.25,-18.0625,-0.3962460458278656,-0.004760812036693096,0.007141217589378357,-0.9181042313575745,15477,6138
0,0.05999999865889549,-0.09000000357627869,9.770000457763672,0.125,-0.125,0,31,-28.25,-18.0625,-0.3962460458278656,-0.004760812036693096,0.007141217589378357,-0.9181042313575745,15486,6139
0,0.05999999865889549,-0.07000000029802322,9.720000267028809,0.0625,-0.125,0,31,-28.25,-18.0625,-0.3962460458278656,-0.004760812036693096,0.007141217589378357,-0.9181042313575745,15497,6140
0,0.05000000074505806,-0.07000000029802322,9.739999771118164,0,0.125,0,31,-28.25,-18.0625,-0.3962460458278656,-0.004760812036693096,0.007141217589378357,-0.9181042313575745,15506,6141
0,0.05999999865889549,-0.07999999821186066,9.770000457763672,0,0.0625,0,31,-28.25,-18.0625,-0.3962460458278656,-0.004760812036693096,0.007141217589378357,-0.9181042313575745,15514,6142
0,0.05000000074505806,-0.07000000029802322,9.720000267028809,0.0625,0,0.0625,29.1875,-26,-19.5625,-0.3962460458278656,-0.004760812036693096,0.007141217589378357,-0.9181042313575745,15527,6143
0,0.05999999865889549,-0.07999999821186066,9.739999771118164,-0.0625,0.0625,0,29.1875,-26,-19.5625,-0.3962460458278656,-0.004760812036693096,0.007141217589378357,-0.9181042313575745,15537,6144
0,0.05000000074505806,-0.07000000029802322,9.729999542236328,0,0.0625,0.0625,29.1875,-26,-19.5625,-0.3962460458278656,-0.004760812036693096,0.007141217589378357,-0.9181042313575745,15547,6145
0,0.05000000074505806,-0.07000000029802322,9.739999771118164,0.125,0,0.0625,29.1875,-26,-19.5625,-0.3962460458278656,-0.004760812036693096,0.007141217589378357,-0.9181042313575745,15556,6146
0,0.05000000074505806,-0.07999999821186066,9.739999771118164,0.0625,0,0.0625,29.1875,-26,-19.5625,-0.3962460458278656,-0.004760812036693096,0.007141217589378357,-0.9181042313575745,15564,6147
0,0.05000000074505806,-0.07000000029802322,9.75,0.125,0,0.0625,29.875,-27.875,-19.25,-0.3962460458278656,-0.004760812036693096,0.007141217589378357,-0.9181042313575745,15577,6148
0,0.05000000074505806,-0.10000000149011612,9.75,0.125,0.0625,0.0625,29.875,-27.875,-19.25,-0.3962460458278656,-0.004760812036693096,0.007141217589378357,-0.9181042313575745,15587,6149
0,0.03999999910593033,-0.07000000029802322,9.720000267028809,0,0.0625,-0.0625,29.875,-27.875,-19.25,-0.3962460458278656,-0.004760812036693096,0.007141217589378357,-0.9181042313575745,15597,6150
0,0.05999999865889549,-0.10000000149011612,9.729999542236328,0,-0.1875,-0.0625,29.875,-27.875,-19.25,-0.3962460458278656,-0.004760812036693096,0.007141217589378357,-0.9181042313575745,15607,6151
0,0.07000000029802322,-0.09000000357627869,9.770000457763672,0.25,-0.1875,0,29.875,-27.875,-19.25,-0.3962460458278656,-0.004760812036693096,0.007141217589378357,-0.9181042313575745,15614,6152
0,0.05999999865889549,-0.09000000357627869,9.720000267028809,0.0625,-0.0625,0.0625,29.1875,-25.25,-20.0625,-0.3962460458278656,-0.004760812036693096,0.007141217589378357,-0.9181042313575745,15627,6153
0,0.05000000074505806,-0.07999999821186066,9.760000228881836,0.0625,-0.125,0.0625,29.1875,-25.25,-20.0625,-0.3962460458278656,-0.004760812036693096,0.007141217589378357,-0.9181042313575745,15637,6154
0,0.05000000074505806,-0.07000000029802322,9.75,0.0625,0.125,0,29.1875,-25.25,-20.0625,-0.3962460458278656,-0.004760812036693096,0.007141217589378357,-0.9181042313575745,15647,6155
0,0.029999999329447746,-0.09000000357627869,9.729999542236328,0,0.0625,0,29.1875,-25.25,-20.0625,-0.3962460458278656,-0.004760812036693096,0.007141217589378357,-0.9181042313575745,15656,6156
0,0.05000000074505806,-0.07999999821186066,9.739999771118164,0.125,0.0625,0,29.1875,-25.25,-20.0625,-0.3962460458278656,-0.004760812036693096,0.007141217589378357,-0.9181042313575745,15664,6157
0,0.05000000074505806,-0.07000000029802322,9.75,-0.125,0.0625,-0.0625,30.25,-28.25,-18.5,-0.3962460458278656,-0.004760812036693096,0.007141217589378357,-0.9181042313575745,15677,6158
0,0.05999999865889549,-0.05999999865889549,9.739999771118164,-0.0625,0.125,0,30.25,-28.25,-18.5,-0.3962460458278656,-0.004760812036693096,0.007141217589378357,-0.9181042313575745,15687,6159
0,0.05999999865889549,-0.07999999821186066,9.720000267028809,0,0.3125,-0.0625,30.25,-28.25,-18.5,-0.3962460458278656,-0.004760812036693096,0.007141217589378357,-0.9181042313575745,15697,6160
0,0.07999999821186066,-0.07999999821186066,9.710000038146973,0,0.1875,0,30.25,-28.25,-18.5,-0.3962460458278656,-0.004760812036693096,0.007141217589378357,-0.9181042313575745,15707,6161
0,0.07000000029802322,-0.09000000357627869,9.729999542236328,0.0625,0,0,30.25,-28.25,-18.5,-0.3962460458278656,-0.004760812036693096,0.007141217589378357,-0.9181042313575745,15714,6162
0,0.03999999910593033,-0.07000000029802322,9.75,-0.1875,0.0625,0,30.25,-27.875,-18.5,-0.3962460458278656,-0.004760812036693096,0.007141217589378357,-0.9181042313575745,15727,6163
0,0.03999999910593033,-0.07999999821186066,9.729999542236328,0,0,0.0625,30.25,-27.875,-18.5,-0.3962460458278656,-0.004760812036693096,0.007141217589378357,-0.9181042313575745,15737,6164
0,0.03999999910593033,-0.09000000357627869,9.739999771118164,0.125,0.1875,0,30.25,-27.875,-18.5,-0.3962460458278656,-0.004760812036693096,0.007141217589378357,-0.9181042313575745,15747,6165
0,0.05999999865889549,-0.07000000029802322,9.760000228881836,0.0625,0.0625,0.125,30.25,-27.875,-18.5,-0.3962460458278656,-0.004760812036693096,0.007141217589378357,-0.9181042313575745,15756,6166
0,0.05000000074505806,-0.09000000357627869,9.770000457763672,0.0625,0.125,0.0625,30.25,-27.875,-18.5,-0.3962460458278656,-0.004760812036693096,0.007141217589378357,-0.9181042313575745,15764,6167
0,0.03999999910593033,-0.10000000149011612,9.739999771118164,-0.1875,-0.125,-0.0625,28.375,-27.5,-20.5,-0.3962460458278656,-0.004760812036693096,0.007141217589378357,-0.9181042313575745,15777,6168
0,0.03999999910593033,-0.05999999865889549,9.760000228881836,-0.125,0.0625,0,28.375,-27.5,-20.5,-0.3962460458278656,-0.004760812036693096,0.007141217589378357,-0.9181042313575745,15787,6169
0,0.05999999865889549,-0.07000000029802322,9.729999542236328,0.1875,-0.125,0,28.375,-27.5,-20.5,-0.3962460458278656,-0.004760812036693096,0.007141217589378357,-0.9181042313575745,15797,6170
0,0.05000000074505806,-0.07000000029802322,9.720000267028809,0,-0.125,0,28.375,-27.5,-20.5,-0.3962460458278656,-0.004760812036693096,0.007141217589378357,-0.9181042313575745,15807,6171
0,0.03999999910593033,-0.07999999821186066,9.760000228881836,-0.0625,0,-0.0625,28.375,-27.5,-20.5,-0.3962460458278656,-0.004760812036693096,0.007141217589378357,-0.9181042313575745,15814,6172
0,0.03999999910593033,-0.10000000149011612,9.770000457763672,0,0.0625,0,29.875,-28.6875,-18.875,-0.3962460458278656,-0.004760812036693096,0.007141217589378357,-0.9181042313575745,15827,6173
0,0.05999999865889549,-0.09000000357627869,9.739999771118164,0.0625,-0.125,-0.0625,29.875,-28.6875,-18.875,-0.3962460458278656,-0.004760812036693096,0.007141217589378357,-0.9181042313575745,15837,6174
0,0.05999999865889549,-0.09000000357627869,9.720000267028809,-0.0625,-0.0625,0,29.875,-28.6875,-18.875,-0.3962460458278656,-0.004760812036693096,0.007141217589378357,-0.9181042313575745,15847,6175
0,0.05000000074505806,-0.07999999821186066,9.710000038146973,0.125,0.125,-0.0625,29.875,-28.6875,-18.875,-0.3962460458278656,-0.004760812036693096,0.007141217589378357,-0.9181042313575745,15856,6176
0,0.05999999865889549,-0.07999999821186066,9.739999771118164,0,0.125,-0.0625,29.875,-28.6875,-18.875,-0.3962460458278656,-0.004760812036693096,0.007141217589378357,-0.9181042313575745,15864,6177
0,0.05000000074505806,-0.07999999821186066,9.739999771118164,-0.125,-0.0625,-0.0625,29.5,-28.6875,-19.5625,-0.3962460458278656,-0.004760812036693096,0.007141217589378357,-0.9181042313575745,15877,6178
0,0.07000000029802322,-0.07999999821186066,9.75,0.1875,-0.125,0.125,29.5,-28.6875,-19.5625,-0.3962460458278656,-0.004760812036693096,0.007141217589378357,-0.9181042313575745,15887,6179
0,0.07000000029802322,-0.07999999821186066,9.729999542236328,-0.0625,0.0625,-0.125,29.5,-28.6875,-19.5625,-0.3962460458278656,-0.004760812036693096,0.007141217589378357,-0.9181042313575745,15897,6180
0,0.05999999865889549,-0.09000000357627869,9.729999542236328,0.125,0,0.125,29.5,-28.6875,-19.5625,-0.3962460458278656,-0.004760812036693096,0.007141217589378357,-0.9181042313575745,15907,6181
0,0.05999999865889549,-0.07000000029802322,9.729999542236328,0.125,-0.25,0.0625,29.5,-28.6875,-19.5625,-0.3962460458278656,-0.004760812036693096,0.007141217589378357,-0.9181042313575745,15914,6182
0,0.05000000074505806,-0.07000000029802322,9.760000228881836,-0.125,-0.1875,0.0625,30.25,-27.875,-18.5,-0.3962460458278656,-0.004760812036693096,0.007141217589378357,-0.9181042313575745,15927,6183
0,0.05000000074505806,-0.07999999821186066,9.720000267028809,0,-0.0625,-0.0625,30.25,-27.875,-18.5,-0.3962460458278656,-0.004760812036693096,0.007141217589378357,-0.9181042313575745,15937,6184
0,0.03999999910593033,-0.07999999821186066,9.720000267028809,0.1875,0,0.0625,30.25,-27.875,-18.5,-0.3962460458278656,-0.004760812036693096,0.007141217589378357,-0.9181042313575745,15947,6185
0,0.05999999865889549,-0.07999999821186066,9.760000228881836,0,0.0625,0,30.25,-27.875,-18.5,-0.3962460458278656,-0.004760812036693096,0.007141217589378357,-0.9181042313575745,15957,6186
0,0.05000000074505806,-0.09000000357627869,9.75,0,-0.1875,0.0625,30.25,-27.875,-18.5,-0.3962460458278656,-0.004760812036693096,0.007141217589378357,-0.9181042313575745,15964,6187
0,0.05000000074505806,-0.07999999821186066,9.75,0.0625,0.0625,-0.0625,30.25,-29,-19.5625,-0.3962460458278656,-0.004760812036693096,0.007141217589378357,-0.9181042313575745,15977,6188
0,0.03999999910593033,-0.05999999865889549,9.760000228881836,0.0625,0.0625,0.1875,30.25,-29,-19.5625,-0.3962460458278656,-0.004760812036693096,0.007141217589378357,-0.9181042313575745,15987,6189
0,0.05000000074505806,-0.07000000029802322,9.760000228881836,0.1875,-0.125,0.0625,30.25,-29,-19.5625,-0.3962460458278656,-0.004760812036693096,0.007141217589378357,-0.9181042313575745,15997,6190
0,0.03999999910593033,-0.07999999821186066,9.739999771118164,0.0625,-0.0625,0.125,30.25,-29,-19.5625,-0.3962460458278656,-0.004760812036693096,0.007141217589378357,-0.9181042313575745,16007,6191
0,0.05999999865889549,-0.07000000029802322,9.739999771118164,0.0625,-0.0625,0.125,30.25,-29,-19.5625,-0.3962460458278656,-0.004760812036693096,0.007141217589378357,-0.9181042313575745,16014,6192
0,0.05999999865889549,-0.07999999821186066,9.770000457763672,0,0,-0.0625,29.5,-29.75,-19.5625,-0.3962460458278656,-0.004760812036693096,0.007141217589378357,-0.9181042313575745,16027,6193
0,0.05000000074505806,-0.07000000029802322,9.729999542236328,-0.0625,0,0.125,29.5,-29.75,-19.5625,-0.3962460458278656,-0.004760812036693096,0.007141217589378357,-0.9181042313575745,16037,6194
0,0.05999999865889549,-0.07000000029802322,9.720000267028809,-0.0625,0.125,0.0625,29.5,-29.75,-19.5625,-0.3962460458278656,-0.004760812036693096,0.007141217589378357,-0.9181042313575745,16047,6195
0,0.05999999865889549,-0.05999999865889549,9.729999542236328,-0.0625,0.125,0.0625,29.5,-29.75,-19.5625,-0.3962460458278656,-0.004760812036693096,0.007141217589378357,-0.9181042313575745,16057,6196
0,0.05000000074505806,-0.09000000357627869,9.770000457763672,-0.0625,0.0625,-0.0625,29.5,-29.75,-19.5625,-0.3962460458278656,-0.004760812036693096,0.007141217589378357,-0.9181042313575745,16064,6197
0,0.05999999865889549,-0.09000000357627869,9.75,0,0.1875,0.0625,29.875,-29.75,-18.875,-0.3962460458278656,-0.004760812036693096,0.007141217589378357,-0.9181042313575745,16077,6198
0,0.07000000029802322,-0.07999999821186066,9.729999542236328,-0.0625,0,-0.0625,29.875,-29.75,-18.875,-0.3962460458278656,-0.004760812036693096,0.007141217589378357,-0.9181042313575745,16087,6199
0,0.05000000074505806,-0.09000000357627869,9.710000038146973,-0.0625,0.0625,-0.0625,29.875,-29.75,-18.875,-0.3962460458278656,-0.004760812036693096,0.007141217589378357,-0.9181042313575745,16097,6200
0,0.05000000074505806,-0.07999999821186066,9.760000228881836,0,0.125,-0.0625,29.875,-29.75,-18.875,-0.3962460458278656,-0.004760812036693096,0.007141217589378357,-0.9181042313575745,16107,6201
0,0.05999999865889549,-0.09000000357627869,9.739999771118164,0,0.125,-0.0625,29.875,-29.75,-18.875,-0.3962460458278656,-0.004760812036693096,0.007141217589378357,-0.9181042313575745,16114,6202
0,0.07000000029802322,-0.09000000357627869,9.75,-0.0625,0.125,0.0625,29.875,-29,-18.5,-0.3962460458278656,-0.004760812036693096,0.007141217589378357,-0.9181042313575745,16127,6203
0,0.05000000074505806,-0.09000000357627869,9.75,0.125,0,0,29.875,-29,-18.5,-0.3962460458278656,-0.004760812036693096,0.007141217589378357,-0.9181042313575745,16137,6204
0,0.05999999865889549,-0.07000000029802322,9.6899995803833,0.0625,-0.125,0,29.875,-29,-18.5,-0.3962460458278656,-0.004760812036693096,0.007141217589378357,-0.9181042313575745,16147,6205
0,0.05000000074505806,-0.09000000357627869,9.739999771118164,0.0625,-0.125,0,29.875,-29,-18.5,-0.3962460458278656,-0.004760812036693096,0.007141217589378357,-0.9181042313575745,16157,6206
0,0.05000000074505806,-0.09000000357627869,9.729999542236328,0.0625,-0.0625,0.125,29.875,-29,-18.5,-0.3962460458278656,-0.004760812036693096,0.007141217589378357,-0.9181042313575745,16164,6207
0,0.05999999865889549,-0.07000000029802322,9.779999732971191,0,-0.1875,0,30.25,-29,-20.0625,-0.3962460458278656,-0.004760812036693096,0.007141217589378357,-0.9181042313575745,16177,6208
0,0.05999999865889549,-0.05999999865889549,9.720000267028809,-0.0625,0.0625,-0.0625,30.25,-29,-20.0625,-0.3962460458278656,-0.004760812036693096,0.007141217589378357,-0.9181042313575745,16187,6209
0,0.05000000074505806,-0.07999999821186066,9.739999771118164,0.125,0,0,30.25,-29,-20.0625,-0.3962460458278656,-0.004760812036693096,0.007141217589378357,-0.9181042313575745,16197,6210
0,0.05000000074505806,-0.07999999821186066,9.779999732971191,0.0625,0,0,30.25,-29,-20.0625,-0.3962460458278656,-0.004760812036693096,0.007141217589378357,-0.9181042313575745,16207,6211
0,0.07999999821186066,-0.05999999865889549,9.739999771118164,0.0625,0,0,30.25,-29,-20.0625,-0.3962460458278656,-0.004760812036693096,0.007141217589378357,-0.9181042313575745,16214,6212
0,0.05000000074505806,-0.07999999821186066,9.739999771118164,-0.125,0.0625,0,29.5,-27.5,-19.5625,-0.3962460458278656,-0.004760812036693096,0.007141217589378357,-0.9181042313575745,16227,6213
0,0.07999999821186066,-0.09000000357627869,9.720000267028809,0,-0.3125,-0.0625,29.5,-27.5,-19.5625,-0.3962460458278656,-0.004760812036693096,0.007141217589378357,-0.9181042313575745,16237,6214
0,0.05999999865889549,-0.07999999821186066,9.729999542236328,-0.0625,0.0625,0,29.5,-27.5,-19.5625,-0.3962460458278656,-0.004760812036693096,0.007141217589378357,-0.9181042313575745,16247,6215
0,0.05999999865889549,-0.07999999821186066,9.739999771118164,-0.0625,-0.0625,0.125,29.5,-27.5,-19.5625,-0.3962460458278656,-0.004760812036693096,0.007141217589378357,-0.9181042313575745,16257,6216
0,0.05999999865889549,-0.07999999821186066,9.739999771118164,-0.0625,-0.0625,0.125,29.5,-27.5,-19.5625,-0.3962460458278656,-0.004760812036693096,0.007141217589378357,-0.9181042313575745,16264,6217
0,0.029999999329447746,-0.07999999821186066,9.729999542236328,-0.0625,-0.0625,-0.0625,30.6875,-28.6875,-18.5,-0.3962460458278656,-0.004760812036693096,0.007141217589378357,-0.9181042313575745,16277,6218
0,0.05000000074505806,-0.09000000357627869,9.710000038146973,-0.125,0.0625,0,30.6875,-28.6875,-18.5,-0.3962460458278656,-0.004760812036693096,0.007141217589378357,-0.9181042313575745,16287,6219
0,0.05000000074505806,-0.09000000357627869,9.729999542236328,0.0625,0.125,0.0625,30.6875,-28.6875,-18.5,-0.3962460458278656,-0.004760812036693096,0.007141217589378357,-0.9181042313575745,16297,6220
0,0.05000000074505806,-0.05000000074505806,9.739999771118164,0,0,-0.125,30.6875,-28.6875,-18.5,-0.3962460458278656,-0.004760812036693096,0.007141217589378357,-0.9181042313575745,16307,6221
0,0.05999999865889549,-0.07999999821186066,9.770000457763672,0,0,-0.125,30.6875,-28.6875,-18.5,-0.3962460458278656,-0.004760812036693096,0.007141217589378357,-0.9181042313575745,16314,6222
0,0.07000000029802322,-0.07999999821186066,9.729999542236328,-0.0625,0,0.0625,30.25,-25.6875,-17.5625,-0.3962460458278656,-0.004760812036693096,0.007141217589378357,-0.9181042313575745,16327,6223
0,0.05000000074505806,-0.07999999821186066,9.75,0.0625,0,-0.125,30.25,-25.6875,-17.5625,-0.3962460458278656,-0.004760812036693096,0.007141217589378357,-0.9181042313575745,16337,6224
0,0.05000000074505806,-0.07999999821186066,9.75,0.0625,-0.125,0.0625,30.25,-25.6875,-17.5625,-0.3962460458278656,-0.004760812036693096,0.007141217589378357,-0.9181042313575745,16347,6225
0,0.07000000029802322,-0.07000000029802322,9.75,-0.125,-0.125,0,30.25,-25.6875,-17.5625,-0.3962460458278656,-0.004760812036693096,0.007141217589378357,-0.9181042313575745,16357,6226
0,0.05999999865889549,-0.07999999821186066,9.75,-0.125,-0.125,0,30.25,-25.6875,-17.5625,-0.3962460458278656,-0.004760812036693096,0.007141217589378357,-0.9181042313575745,16364,6227
0,0.07000000029802322,-0.09000000357627869,9.75,0.0625,-0.0625,-0.0625,29.1875,-28.25,-18.875,-0.3962460458278656,-0.004760812036693096,0.007141217589378357,-0.9181042313575745,16377,6228
0,0.05000000074505806,-0.07999999821186066,9.770000457763672,0,0.125,0,29.1875,-28.25,-18.875,-0.3962460458278656,-0.004760812036693096,0.007141217589378357,-0.9181042313575745,16387,6229
0,0.05000000074505806,-0.07999999821186066,9.770000457763672,-0.0625,0.1875,0.0625,29.1875,-28.25,-18.875,-0.3962460458278656,-0.004760812036693096,0.007141217589378357,-0.9181042313575745,16397,6230
0,0.05000000074505806,-0.10000000149011612,9.75,-0.0625,0.0625,-0.0625,29.1875,-28.25,-18.875,-0.3962460458278656,-0.004760812036693096,0.007141217589378357,-0.9181042313575745,16407,6231
0,0.03999999910593033,-0.07999999821186066,9.770000457763672,-0.0625,0.0625,-0.0625,29.1875,-28.25,-18.875,-0.3962460458278656,-0.004760812036693096,0.007141217589378357,-0.9181042313575745,16415,6232
0,0.05000000074505806,-0.09000000357627869,9.770000457763672,-0.0625,0.0625,0,30.25,-28.25,-19.25,-0.3962460458278656,-0.004760812036693096,0.007141217589378357,-0.9181042313575745,16427,6233
0,0.05000000074505806,-0.07000000029802322,9.760000228881836,0.1875,0.1875,0,30.25,-28.25,-19.25,-0.3962460458278656,-0.004760812036693096,0.007141217589378357,-0.9181042313575745,16437,6234
0,0.03999999910593033,-0.07999999821186066,9.739999771118164,0.0625,0.0625,0.125,30.25,-28.25,-19.25,-0.3962460458278656,-0.004760812036693096,0.007141217589378357,-0.9181042313575745,16447,6235
0,0.05000000074505806,-0.07999999821186066,9.760000228881836,0,0.0625,-0.125,30.25,-28.25,-19.25,-0.3962460458278656,-0.004760812036693096,0.007141217589378357,-0.9181042313575745,16457,6236
0,0.05000000074505806,-0.10000000149011612,9.729999542236328,0,0.0625,-0.125,30.25,-28.25,-19.25,-0.3962460458278656,-0.004760812036693096,0.007141217589378357,-0.9181042313575745,16465,6237
0,0.05999999865889549,-0.07999999821186066,9.75,0.125,0,0.0625,30.25,-17.375,-18.5,-0.3962460458278656,-0.004760812036693096,0.007141217589378357,-0.9181042313575745,16477,6238
0,0.05000000074505806,-0.07999999821186066,9.729999542236328,0.0625,0,0,30.25,-17.375,-18.5,-0.3962460458278656,-0.004760812036693096,0.007141217589378357,-0.9181042313575745,16487,6239
0,0.03999999910593033,-0.10999999940395355,9.729999542236328,-0.125,0,-0.125,30.25,-17.375,-18.5,-0.3962460458278656,-0.004760812036693096,0.007141217589378357,-0.9181042313575745,16497,6240
0,0.029999999329447746,-0.07999999821186066,9.760000228881836,-0.0625,-0.0625,0,30.25,-17.375,-18.5,-0.3962460458278656,-0.004760812036693096,0.007141217589378357,-0.9181042313575745,16507,6241
0,0.05000000074505806,-0.10000000149011612,9.779999732971191,-0.0625,-0.0625,0,30.25,-17.375,-18.5,-0.3962460458278656,-0.004760812036693096,0.007141217589378357,-0.9181042313575745,16515,6242
0,0.05000000074505806,-0.05999999865889549,9.75,0.125,0,0.0625,28.75,-28.6875,-17.5625,-0.3962460458278656,-0.004760812036693096,0.007141217589378357,-0.9181042313575745,16527,6243
0,0.07000000029802322,-0.07000000029802322,9.729999542236328,-0.0625,0.0625,0,28.75,-28.6875,-17.5625,-0.3962460458278656,-0.004760812036693096,0.007141217589378357,-0.9181042313575745,16537,6244
0,0.07000000029802322,-0.10000000149011612,9.760000228881836,0,-0.1875,0,28.75,-28.6875,-17.5625,-0.3962460458278656,-0.004760812036693096,0.007141217589378357,-0.9181042313575745,16547,6245
0,0.03999999910593033,-0.07999999821186066,9.739999771118164,0,0,0.0625,28.75,-28.6875,-17.5625,-0.3962460458278656,-0.004760812036693096,0.007141217589378357,-0.9181042313575745,16557,6246
0,0.029999999329447746,-0.10000000149011612,9.75,0,0,0.0625,28.75,-28.6875,-17.5625,-0.3962460458278656,-0.004760812036693096,0.007141217589378357,-0.9181042313575745,16565,6247
0,0.05000000074505806,-0.07999999821186066,9.720000267028809,0.1875,-0.0625,-0.0625,29.1875,-29,-19.25,-0.3962460458278656,-0.004760812036693096,0.007141217589378357,-0.9181042313575745,16577,6248
0,0.029999999329447746,-0.07999999821186066,9.770000457763672,0,0.1875,-0.0625,29.1875,-29,-19.25,-0.3962460458278656,-0.004760812036693096,0.007141217589378357,-0.9181042313575745,16587,6249
0,0.05999999865889549,-0.07000000029802322,9.729999542236328,0.125,-0.1875,0.0625,29.1875,-29,-19.25,-0.3962460458278656,-0.004760812036693096,0.007141217589378357,-0.9181042313575745,16597,6250
0,0.03999999910593033,-0.07000000029802322,9.720000267028809,0.0625,0.1875,0,29.1875,-29,-19.25,-0.3962460458278656,-0.004760812036693096,0.007141217589378357,-0.9181042313575745,16607,6251
0,0.03999999910593033,-0.07999999821186066,9.739999771118164,0.0625,0.1875,0,29.1875,-29,-19.25,-0.3962460458278656,-0.004760812036693096,0.007141217589378357,-0.9181042313575745,16615,6252
0,0.05000000074505806,-0.09000000357627869,9.75,0,0.0625,0,30.25,-29.75,-19.5625,-0.3962460458278656,-0.004760812036693096,0.007141217589378357,-0.9181042313575745,16626,6253
0,0.05000000074505806,-0.07999999821186066,9.739999771118164,0.0625,0,0,30.25,-29.75,-19.5625,-0.3962460458278656,-0.004760812036693096,0.007141217589378357,-0.9181042313575745,16637,6254
0,0.05000000074505806,-0.07999999821186066,9.720000267028809,0.125,0,0,30.25,-29.75,-19.5625,-0.3962460458278656,-0.004760812036693096,0.007141217589378357,-0.9181042313575745,16647,6255
0,0.05999999865889549,-0.07999999821186066,9.729999542236328,0.125,0,-0.0625,30.25,-29.75,-19.5625,-0.3962460458278656,-0.004760812036693096,0.007141217589378357,-0.9181042313575745,16657,6256
0,0.05000000074505806,-0.09000000357627869,9.75,0.125,0,-0.0625,30.25,-29.75,-19.5625,-0.3962460458278656,-0.004760812036693096,0.007141217589378357,-0.9181042313575745,16665,6257
0,0.07000000029802322,-0.07999999821186066,9.760000228881836,0.125,0.0625,0,30.6875,-29.75,-17.6875,-0.3962460458278656,-0.004760812036693096,0.007141217589378357,-0.9181042313575745,16677,6258
0,0.03999999910593033,-0.07999999821186066,9.729999542236328,0.125,0.0625,0.0625,30.6875,-29.75,-17.6875,-0.3962460458278656,-0.004760812036693096,0.007141217589378357,-0.9181042313575745,16687,6259
0,0.05000000074505806,-0.07999999821186066,9.710000038146973,-0.0625,0.25,-0.0625,30.6875,-29.75,-17.6875,-0.3962460458278656,-0.004760812036693096,0.007141217589378357,-0.9181042313575745,16697,6260
0,0.05000000074505806,-0.10000000149011612,9.729999542236328,-0.0625,0.0625,-0.0625,30.6875,-29.75,-17.6875,-0.3962460458278656,-0.004760812036693096,0.007141217589378357,-0.9181042313575745,16707,6261
0,0.03999999910593033,-0.07000000029802322,9.760000228881836,-0.0625,0.0625,-0.0625,30.6875,-29.75,-17.6875,-0.3962460458278656,-0.004760812036693096,0.007141217589378357,-0.9181042313575745,16715,6262
0,0.05999999865889549,-0.07000000029802322,9.770000457763672,0,0,0.0625,30.25,-30.875,-18.875,-0.3962460458278656,-0.004760812036693096,0.007141217589378357,-0.9181042313575745,16727,6263
0,0.07000000029802322,-0.09000000357627869,9.729999542236328,0.0625,-0.0625,0,30.25,-30.875,-18.875,-0.3962460458278656,-0.004760812036693096,0.007141217589378357,-0.9181042313575745,16737,6264
0,0.07000000029802322,-0.05999999865889549,9.760000228881836,-0.125,0.25,0.0625,30.25,-30.875,-18.875,-0.3962460458278656,-0.004760812036693096,0.007141217589378357,-0.9181042313575745,16747,6265
0,0.07000000029802322,-0.07000000029802322,9.760000228881836,0.125,0.1875,-0.0625,30.25,-30.875,-18.875,-0.3962460458278656,-0.004760812036693096,0.007141217589378357,-0.9181042313575745,16757,6266
0,0.05000000074505806,-0.07999999821186066,9.75,0.125,0.1875,-0.0625,30.25,-30.875,-18.875,-0.3962460458278656,-0.004760812036693096,0.007141217589378357,-0.9181042313575745,16765,6267
0,0.05000000074505806,-0.07999999821186066,9.760000228881836,0,-0.125,0.0625,29.875,-31.25,-18.5,-0.3962460458278656,-0.004760812036693096,0.007141217589378357,-0.9181042313575745,16776,6268
0,0.05000000074505806,-0.09000000357627869,9.699999809265137,0,-0.125,0.0625,29.875,-31.25,-18.5,-0.3962460458278656,-0.004760812036693096,0.007141217589378357,-0.9181042313575745,16786,6269
0,0.03999999910593033,-0.07000000029802322,9.729999542236328,0.1875,-0.0625,0.0625,29.875,-31.25,-18.5,-0.3962460458278656,-0.004760812036693096,0.007141217589378357,-0.9181042313575745,16796,6270
0,0.05999999865889549,-0.09000000357627869,9.75,0,0,0,29.875,-31.25,-18.5,-0.3962460458278656,-0.004760812036693096,0.007141217589378357,-0.9181042313575745,16807,6271
0,0.05000000074505806,-0.07000000029802322,9.75,0,0,0,29.875,-31.25,-18.5,-0.3962460458278656,-0.004760812036693096,0.007141217589378357,-0.9181042313575745,16815,6272
0,0.05000000074505806,-0.10000000149011612,9.720000267028809,0,-0.125,0,29.875,-27.875,-18.875,-0.3962460458278656,-0.004760812036693096,0.007141217589378357,-0.9181042313575745,16826,6273
0,0.03999999910593033,-0.07999999821186066,9.75,0.0625,0.125,0,29.875,-27.875,-18.875,-0.3962460458278656,-0.004760812036693096,0.007141217589378357,-0.9181042313575745,16836,6274
0,0.05999999865889549,-0.09000000357627869,9.710000038146973,0,-0.0625,0.125,29.875,-27.875,-18.875,-0.3962460458278656,-0.004760812036693096,0.007141217589378357,-0.9181042313575745,16846,6275
0,0.05000000074505806,-0.05999999865889549,9.75,0.0625,0.0625,-0.0625,29.875,-27.875,-18.875,-0.3962460458278656,-0.004760812036693096,0.007141217589378357,-0.9181042313575745,16857,6276
0,0.05000000074505806,-0.05999999865889549,9.760000228881836,0.0625,0.0625,-0.0625,29.875,-27.875,-18.875,-0.3962460458278656,-0.004760812036693096,0.007141217589378357,-0.9181042313575745,16865,6277
0,0.05000000074505806,-0.07000000029802322,9.760000228881836,0,-0.3125,0.0625,31,-29.375,-18.5,-0.3962460458278656,-0.004760812036693096,0.007141217589378357,-0.9181042313575745,16876,6278
0,0.07999999821186066,-0.09000000357627869,9.739999771118164,0.125,-0.25,0,31,-29.375,-18.5,-0.3962460458278656,-0.004760812036693096,0.007141217589378357,-0.9181042313575745,16886,6279
0,0.03999999910593033,-0.05999999865889549,9.729999542236328,0,0.125,-0.0625,31,-29.375,-18.5,-0.3962460458278656,-0.004760812036693096,0.007141217589378357,-0.9181042313575745,16896,6280
0,0.05000000074505806,-0.07999999821186066,9.75,0.0625,0,0,31,-29.375,-18.5,-0.3962460458278656,-0.004760812036693096,0.007141217589378357,-0.9181042313575745,16906,6281
0,0.07000000029802322,-0.07000000029802322,9.75,0.0625,0,0,31,-29.375,-18.5,-0.3962460458278656,-0.004760812036693096,0.007141217589378357,-0.9181042313575745,16915,6282
0,0.05999999865889549,-0.07000000029802322,9.760000228881836,0,0.125,0,30.25,-30.875,-18.875,-0.3962460458278656,-0.004760812036693096,0.007141217589378357,-0.9181042313575745,16926,6283
0,0.07000000029802322,-0.07000000029802322,9.75,0.125,-0.125,0.0625,30.25,-30.875,-18.875,-0.3962460458278656,-0.004760812036693096,0.007141217589378357,-0.9181042313575745,16936,6284
0,0.03999999910593033,-0.10000000149011612,9.729999542236328,0.0625,0.0625,0.0625,30.25,-30.875,-18.875,-0.3962460458278656,-0.004760812036693096,0.007141217589378357,-0.9181042313575745,16946,6285
0,0.05999999865889549,-0.07999999821186066,9.729999542236328,0.0625,0.1875,0,30.25,-30.875,-18.875,-0.3962460458278656,-0.004760812036693096,0.007141217589378357,-0.9181042313575745,16956,6286
0,0.03999999910593033,-0.07000000029802322,9.739999771118164,0.0625,0.1875,0,30.25,-30.875,-18.875,-0.3962460458278656,-0.004760812036693096,0.007141217589378357,-0.9181042313575745,16965,6287
0,0.05999999865889549,-0.07999999821186066,9.760000228881836,0.0625,0,-0.0625,29.5,-28.25,-18.0625,-0.3962460458278656,-0.004760812036693096,0.007141217589378357,-0.9181042313575745,16976,6288
0,0.05000000074505806,-0.07999999821186066,9.739999771118164,-0.0625,0.125,-0.0625,29.5,-28.25,-18.0625,-0.3962460458278656,-0.004760812036693096,0.007141217589378357,-0.9181042313575745,16986,6289
0,0.05000000074505806,-0.07999999821186066,9.729999542236328,0,-0.0625,0.0625,29.5,-28.25,-18.0625,-0.3962460458278656,-0.004760812036693096,0.007141217589378357,-0.9181042313575745,16996,6290
0,0.05000000074505806,-0.05999999865889549,9.739999771118164,-0.0625,-0.0625,-0.0625,29.5,-28.25,-18.0625,-0.3962460458278656,-0.004760812036693096,0.007141217589378357,-0.9181042313575745,17006,6291
0,0.05000000074505806,-0.07000000029802322,9.760000228881836,0.125,-0.0625,0.0625,29.5,-28.25,-18.0625,-0.3962460458278656,-0.004760812036693096,0.007141217589378357,-0.9181042313575745,17015,6292
0,0.07000000029802322,-0.09000000357627869,9.760000228881836,0,0.125,0,29.875,-29,-19.5625,-0.3962460458278656,-0.004760812036693096,0.007141217589378357,-0.9181042313575745,17026,6293
0,0.05000000074505806,-0.07999999821186066,9.760000228881836,0,0.1875,-0.0625,29.875,-29,-19.5625,-0.3962460458278656,-0.004760812036693096,0.007141217589378357,-0.9181042313575745,17036,6294
0,0.07999999821186066,-0.10000000149011612,9.710000038146973,0,0,-0.0625,29.875,-29,-19.5625,-0.3962460458278656,-0.004760812036693096,0.007141217589378357,-0.9181042313575745,17046,6295
0,0.05999999865889549,-0.07999999821186066,9.739999771118164,0.0625,-0.0625,0.0625,29.875,-29,-19.5625,-0.3962460458278656,-0.004760812036693096,0.007141217589378357,-0.9181042313575745,17056,6296
0,0.05000000074505806,-0.07999999821186066,9.729999542236328,0.0625,-0.125,-0.0625,29.875,-29,-19.5625,-0.3962460458278656,-0.004760812036693096,0.007141217589378357,-0.9181042313575745,17065,6297
0,0.07000000029802322,-0.09000000357627869,9.779999732971191,0.0625,-0.0625,-0.0625,29.5,-28.25,-20.0625,-0.3962460458278656,-0.004760812036693096,0.007141217589378357,-0.9181042313575745,17076,6298
0,0.05999999865889549,-0.09000000357627869,9.729999542236328,0.0625,0,0.1875,29.5,-28.25,-20.0625,-0.3962460458278656,-0.004760812036693096,0.007141217589378357,-0.9181042313575745,17086,6299
0,0.05999999865889549,-0.07999999821186066,9.739999771118164,0,0,-0.0625,29.5,-28.25,-20.0625,-0.3962460458278656,-0.004760812036693096,0.007141217589378357,-0.9181042313575745,17096,6300
0,0.07000000029802322,-0.07999999821186066,9.75,0,0.0625,0.0625,29.5,-28.25,-20.0625,-0.3962460458278656,-0.004760812036693096,0.007141217589378357,-0.9181042313575745,17106,6301
0,0.05999999865889549,-0.07000000029802322,9.75,0,0.0625,0.0625,29.5,-28.25,-20.0625,-0.3962460458278656,-0.004760812036693096,0.007141217589378357,-0.9181042313575745,17115,6302
0,0.03999999910593033,-0.09000000357627869,9.770000457763672,-0.0625,0.0625,-0.0625,29.875,-29,-18.0625,-0.3962460458278656,-0.004760812036693096,0.007141217589378357,-0.9181042313575745,17126,6303
0,0.05000000074505806,-0.07999999821186066,9.739999771118164,-0.1875,0.125,0,29.875,-29,-18.0625,-0.3962460458278656,-0.004760812036693096,0.007141217589378357,-0.9181042313575745,17136,6304
0,0.03999999910593033,-0.07999999821186066,9.729999542236328,-0.0625,0.0625,0.0625,29.875,-29,-18.0625,-0.3962460458278656,-0.004760812036693096,0.007141217589378357,-0.9181042313575745,17146,6305
0,0.05999999865889549,-0.09000000357627869,9.739999771118164,-0.0625,-0.125,0.0625,29.875,-29,-18.0625,-0.3962460458278656,-0.004760812036693096,0.007141217589378357,-0.9181042313575745,17156,6306
0,0.05999999865889549,-0.07999999821186066,9.75,0,0.125,0.0625,29.875,-29,-18.0625,-0.3962460458278656,-0.004760812036693096,0.007141217589378357,-0.9181042313575745,17165,6307
0,0.03999999910593033,-0.05999999865889549,9.760000228881836,-0.0625,0.0625,0.0625,31,-28.6875,-19.25,-0.3962460458278656,-0.004760812036693096,0.007141217589378357,-0.9181042313575745,17176,6308
0,0.05000000074505806,-0.07999999821186066,9.720000267028809,-0.0625,0.1875,0.0625,31,-28.6875,-19.25,-0.3962460458278656,-0.004760812036693096,0.007141217589378357,-0.9181042313575745,17186,6309
0,0.05999999865889549,-0.07000000029802322,9.739999771118164,0.0625,-0.0625,0.125,31,-28.6875,-19.25,-0.3962460458278656,-0.004760812036693096,0.007141217589378357,-0.9181042313575745,17196,6310
0,0.05000000074505806,-0.07999999821186066,9.729999542236328,0,-0.0625,-0.0625,31,-28.6875,-19.25,-0.3962460458278656,-0.004760812036693096,0.007141217589378357,-0.9181042313575745,17206,6311
0,0.03999999910593033,-0.07000000029802322,9.739999771118164,0.0625,0.125,0.0625,31,-28.6875,-19.25,-0.3962460458278656,-0.004760812036693096,0.007141217589378357,-0.9181042313575745,17215,6312
0,0.05000000074505806,-0.09000000357627869,9.75,-0.125,0.0625,-0.125,29.5,-29.375,-18.5,-0.3962460458278656,-0.004760812036693096,0.007141217589378357,-0.9181042313575745,17226,6313
0,0.05999999865889549,-0.07999999821186066,9.760000228881836,-0.0625,-0.0625,0,29.5,-29.375,-18.5,-0.3962460458278656,-0.004760812036693096,0.007141217589378357,-0.9181042313575745,17236,6314
0,0.05000000074505806,-0.09000000357627869,9.710000038146973,0.0625,0.0625,-0.0625,29.5,-29.375,-18.5,-0.3962460458278656,-0.004760812036693096,0.007141217589378357,-0.9181042313575745,17246,6315
0,0.03999999910593033,-0.07000000029802322,9.739999771118164,-0.25,0.25,0,29.5,-29.375,-18.5,-0.3962460458278656,-0.004760812036693096,0.007141217589378357,-0.9181042313575745,17256,6316
0,0.05999999865889549,-0.07999999821186066,9.720000267028809,-0.0625,0.125,0,29.5,-29.375,-18.5,-0.3962460458278656,-0.004760812036693096,0.007141217589378357,-0.9181042313575745,17265,6317
0,0.03999999910593033,-0.09000000357627869,9.729999542236328,0.0625,0,0,31.375,-29.75,-18.5,-0.3962460458278656,-0.004760812036693096,0.007141217589378357,-0.9181042313575745,17276,6318
0,0.05999999865889549,-0.07000000029802322,9.729999542236328,-0.1875,0,0.1875,31.375,-29.75,-18.5,-0.3962460458278656,-0.004760812036693096,0.007141217589378357,-0.9181042313575745,17286,6319
0,0.05000000074505806,-0.07000000029802322,9.729999542236328,0,0.0625,-0.0625,31.375,-29.75,-18.5,-0.3962460458278656,-0.004760812036693096,0.007141217589378357,-0.9181042313575745,17296,6320
0,0.05000000074505806,-0.07999999821186066,9.75,-0.1875,0.25,0.0625,31.375,-29.75,-18.5,-0.3962460458278656,-0.004760812036693096,0.007141217589378357,-0.9181042313575745,17306,6321
0,0.05000000074505806,-0.09000000357627869,9.729999542236328,-0.0625,-0.0625,0,31.375,-29.75,-18.5,-0.3962460458278656,-0.004760812036693096,0.007141217589378357,-0.9181042313575745,17315,6322
0,0.029999999329447746,-0.07999999821186066,9.779999732971191,0,0.0625,0,30.6875,-30.5,-19.25,-0.3962460458278656,-0.004760812036693096,0.007141217589378357,-0.9181042313575745,17326,6323
0,0.05999999865889549,-0.05000000074505806,9.710000038146973,0.0625,0.0625,-0.125,30.6875,-30.5,-19.25,-0.3962460458278656,-0.004760812036693096,0.007141217589378357,-0.9181042313575745,17336,6324
0,0.05000000074505806,-0.09000000357627869,9.729999542236328,0.0625,0,0,30.6875,-30.5,-19.25,-0.3962460458278656,-0.004760812036693096,0.007141217589378357,-0.9181042313575745,17346,6325
0,0.05000000074505806,-0.10000000149011612,9.760000228881836,-0.125,0.0625,0.125,30.6875,-30.5,-19.25,-0.3962460458278656,-0.004760812036693096,0.007141217589378357,-0.9181042313575745,17356,6326
0,0.05000000074505806,-0.10999999940395355,9.720000267028809,0.0625,-0.1875,-0.0625,30.6875,-30.5,-19.25,-0.3962460458278656,-0.004760812036693096,0.007141217589378357,-0.9181042313575745,17365,6327
0,0.03999999910593033,-0.09000000357627869,9.729999542236328,-0.0625,0,0.0625,29.875,-30.875,-18.875,-0.3962460458278656,-0.004760812036693096,0.007141217589378357,-0.9181042313575745,17376,6328
0,0.05000000074505806,-0.07999999821186066,9.720000267028809,-0.125,0.125,-0.0625,29.875,-30.875,-18.875,-0.3962460458278656,-0.004760812036693096,0.007141217589378357,-0.9181042313575745,17386,6329
0,0.05000000074505806,-0.07999999821186066,9.710000038146973,0,0.125,0,29.875,-30.875,-18.875,-0.3962460458278656,-0.004760812036693096,0.007141217589378357,-0.9181042313575745,17396,6330
0,0.05000000074505806,-0.05000000074505806,9.770000457763672,-0.1875,0.125,0,29.875,-30.875,-18.875,-0.3962460458278656,-0.004760812036693096,0.007141217589378357,-0.9181042313575745,17406,6331
0,0.05000000074505806,-0.07000000029802322,9.739999771118164,0.0625,0,0,29.875,-30.875,-18.875,-0.3962460458278656,-0.004760812036693096,0.007141217589378357,-0.9181042313575745,17415,6332
0,0.05000000074505806,-0.07000000029802322,9.770000457763672,-0.0625,0,0,30.6875,-30.1875,-18.0625,-0.3962460458278656,-0.004760812036693096,0.007141217589378357,-0.9181042313575745,17426,6333
0,0.05000000074505806,-0.10999999940395355,9.739999771118164,0,0.125,0,30.6875,-30.1875,-18.0625,-0.3962460458278656,-0.004760812036693096,0.007141217589378357,-0.9181042313575745,17436,6334
0,0.03999999910593033,-0.09000000357627869,9.739999771118164,0,0.1875,-0.0625,30.6875,-30.1875,-18.0625,-0.3962460458278656,-0.004760812036693096,0.007141217589378357,-0.9181042313575745,17446,6335
0,0.03999999910593033,-0.09000000357627869,9.770000457763672,-0.0625,0,0.0625,30.6875,-30.1875,-18.0625,-0.3962460458278656,-0.004760812036693096,0.007141217589378357,-0.9181042313575745,17456,6336
0,0.05000000074505806,-0.10000000149011612,9.739999771118164,0.0625,-0.0625,0.0625,30.6875,-30.1875,-18.0625,-0.3962460458278656,-0.004760812036693096,0.007141217589378357,-0.9181042313575745,17465,6337
0,0.05999999865889549,-0.07000000029802322,9.739999771118164,-0.1875,0,0,30.6875,-29.75,-18.875,-0.3962460458278656,-0.004760812036693096,0.007141217589378357,-0.9181042313575745,17476,6338
0,0.07000000029802322,-0.05999999865889549,9.729999542236328,-0.0625,0.125,0.0625,30.6875,-29.75,-18.875,-0.3962460458278656,-0.004760812036693096,0.007141217589378357,-0.9181042313575745,17486,6339
0,0.05999999865889549,-0.07999999821186066,9.739999771118164,-0.125,0.25,-0.0625,30.6875,-29.75,-18.875,-0.3962460458278656,-0.004760812036693096,0.007141217589378357,-0.9181042313575745,17496,6340
0,0.05000000074505806,-0.05999999865889549,9.729999542236328,0,-0.1875,0.0625,30.6875,-29.75,-18.875,-0.3962460458278656,-0.004760812036693096,0.007141217589378357,-0.9181042313575745,17506,6341
0,0.05999999865889549,-0.07000000029802322,9.739999771118164,0.0625,-0.0625,0.0625,29.5,-29.75,-18.0625,-0.3962460458278656,-0.004760812036693096,0.007141217589378357,-0.9181042313575745,17515,6342
0,0.05999999865889549,-0.07999999821186066,9.760000228881836,-0.125,-0.3125,0.125,29.5,-29.75,-18.0625,-0.3962460458278656,-0.004760812036693096,0.007141217589378357,-0.9181042313575745,17526,6343
0,0.05999999865889549,-0.09000000357627869,9.739999771118164,-0.125,-0.125,0,29.5,-29.75,-18.0625,-0.3962460458278656,-0.004760812036693096,0.007141217589378357,-0.9181042313575745,17536,6344
0,0.05999999865889549,-0.07000000029802322,9.75,-0.0625,0.0625,0.0625,29.5,-29.75,-18.0625,-0.3962460458278656,-0.004760812036693096,0.007141217589378357,-0.9181042313575745,17546,6345
0,0.07000000029802322,-0.09000000357627869,9.739999771118164,-0.0625,0.0625,0,29.5,-29.75,-18.0625,-0.3962460458278656,-0.004760812036693096,0.007141217589378357,-0.9181042313575745,17556,6346
0,0.07000000029802322,-0.07999999821186066,9.729999542236328,-0.125,0,-0.0625,29.875,-30.5,-18.875,-0.3962460458278656,-0.004760812036693096,0.007141217589378357,-0.9181042313575745,17565,6347
0,0.07000000029802322,-0.09000000357627869,9.760000228881836,-0.0625,0,0,29.875,-30.5,-18.875,-0.3962460458278656,-0.004760812036693096,0.007141217589378357,-0.9181042313575745,17576,6348
0,0.03999999910593033,-0.07999999821186066,9.739999771118164,0,-0.1875,0.0625,29.875,-30.5,-18.875,-0.3962460458278656,-0.004760812036693096,0.007141217589378357,-0.9181042313575745,17586,6349
0,0.05999999865889549,-0.07000000029802322,9.739999771118164,0,-0.3125,0.0625,29.875,-30.5,-18.875,-0.3962460458278656,-0.004760812036693096,0.007141217589378357,-0.9181042313575745,17596,6350
0,0.05999999865889549,-0.07999999821186066,9.75,-0.0625,-0.0625,0.0625,29.875,-30.5,-18.875,-0.3962460458278656,-0.004760812036693096,0.007141217589378357,-0.9181042313575745,17606,6351
0,0.05000000074505806,-0.09000000357627869,9.739999771118164,-0.125,0,0,29.875,-30.5,-18.875,-0.3962460458278656,-0.004760812036693096,0.007141217589378357,-0.9181042313575745,17615,6352
0,0.05999999865889549,-0.07999999821186066,9.760000228881836,0,0.0625,0,30.25,-30.1875,-19.5625,-0.3962460458278656,-0.004760812036693096,0.007141217589378357,-0.9181042313575745,17625,6353
0,0.05000000074505806,-0.10000000149011612,9.75,0.125,-0.0625,0,30.25,-30.1875,-19.5625,-0.3962460458278656,-0.004760812036693096,0.007141217589378357,-0.9181042313575745,17635,6354
0,0.05000000074505806,-0.07000000029802322,9.760000228881836,0.0625,-0.125,0.125,30.25,-30.1875,-19.5625,-0.3962460458278656,-0.004760812036693096,0.007141217589378357,-0.9181042313575745,17645,6355
0,0.05000000074505806,-0.09000000357627869,9.720000267028809,0.0625,0.125,0,30.25,-30.1875,-19.5625,-0.3962460458278656,-0.004760812036693096,0.007141217589378357,-0.9181042313575745,17656,6356
0,0.05000000074505806,-0.09000000357627869,9.729999542236328,0.125,0,0.0625,29.875,-28.6875,-18.0625,-0.3962460458278656,-0.004760812036693096,0.007141217589378357,-0.9181042313575745,17665,6357
0,0.05000000074505806,-0.09000000357627869,9.729999542236328,-0.125,0,0,29.875,-28.6875,-18.0625,-0.3962460458278656,-0.004760812036693096,0.007141217589378357,-0.9181042313575745,17675,6358
0,0.05000000074505806,-0.07999999821186066,9.75,-0.125,-0.0625,0,29.875,-28.6875,-18.0625,-0.3962460458278656,-0.004760812036693096,0.007141217589378357,-0.9181042313575745,17685,6359
0,0.05000000074505806,-0.05999999865889549,9.739999771118164,0.1875,0.0625,0.125,29.875,-28.6875,-18.0625,-0.3962460458278656,-0.004760812036693096,0.007141217589378357,-0.9181042313575745,17695,6360
0,0.05999999865889549,-0.07000000029802322,9.75,0.1875,0.125,0.0625,29.875,-28.6875,-18.0625,-0.3962460458278656,-0.004760812036693096,0.007141217589378357,-0.9181042313575745,17706,6361
0,0.03999999910593033,-0.07000000029802322,9.720000267028809,0.0625,0.1875,0,29.5,-29,-18.0625,-0.3962460458278656,-0.004760812036693096,0.007141217589378357,-0.9181042313575745,17715,6362
0,0.05999999865889549,-0.09000000357627869,9.720000267028809,0.125,0.125,0,29.5,-29,-18.0625,-0.3962460458278656,-0.004760812036693096,0.007141217589378357,-0.9181042313575745,17725,6363
0,0.05999999865889549,-0.09000000357627869,9.739999771118164,0,0.125,0.0625,29.5,-29,-18.0625,-0.3962460458278656,-0.004760812036693096,0.007141217589378357,-0.9181042313575745,17735,6364
0,0.05000000074505806,-0.10000000149011612,9.739999771118164,0.125,0.125,-0.0625,29.5,-29,-18.0625,-0.3962460458278656,-0.004760812036693096,0.007141217589378357,-0.9181042313575745,17745,6365
0,0.03999999910593033,-0.05999999865889549,9.75,-0.0625,0.125,-0.125,29.5,-29,-18.0625,-0.3962460458278656,-0.004760812036693096,0.007141217589378357,-0.9181042313575745,17756,6366
0,0.03999999910593033,-0.10000000149011612,9.739999771118164,0,0,0.0625,29.5,-29,-18.5,-0.3962460458278656,-0.004760812036693096,0.007141217589378357,-0.9181042313575745,17765,6367
0,0.05999999865889549,-0.07999999821186066,9.729999542236328,-0.0625,-0.0625,0,29.5,-29,-18.5,-0.3962460458278656,-0.004760812036693096,0.007141217589378357,-0.9181042313575745,17775,6368
0,0.03999999910593033,-0.07999999821186066,9.739999771118164,-0.0625,0.125,0,29.5,-29,-18.5,-0.3962460458278656,-0.004760812036693096,0.007141217589378357,-0.9181042313575745,17785,6369
0,0.07000000029802322,-0.07000000029802322,9.75,0.125,-0.0625,0.0625,29.5,-29,-18.5,-0.3962460458278656,-0.004760812036693096,0.007141217589378357,-0.9181042313575745,17795,6370
0,0.03999999910593033,-0.09000000357627869,9.75,0,0.125,0,29.5,-29,-18.5,-0.3962460458278656,-0.004760812036693096,0.007141217589378357,-0.9181042313575745,17806,6371
0,0.05999999865889549,-0.09000000357627869,9.729999542236328,0,0,0.0625,29.875,-27.875,-18.75,-0.3962460458278656,-0.004760812036693096,0.007141217589378357,-0.9181042313575745,17815,6372
0,0.05999999865889549,-0.09000000357627869,9.760000228881836,0.0625,0.0625,0,29.875,-27.875,-18.75,-0.3962460458278656,-0.004760812036693096,0.007141217589378357,-0.9181042313575745,17825,6373
0,0.05000000074505806,-0.07999999821186066,9.729999542236328,0.125,0.0625,0.0625,29.875,-27.875,-18.75,-0.3962460458278656,-0.004760812036693096,0.007141217589378357,-0.9181042313575745,17835,6374
0,0.05000000074505806,-0.07000000029802322,9.760000228881836,0.125,-0.0625,-0.0625,29.875,-27.875,-18.75,-0.3962460458278656,-0.004760812036693096,0.007141217589378357,-0.9181042313575745,17845,6375
0,0.03999999910593033,-0.07999999821186066,9.720000267028809,0.0625,0.0625,-0.125,29.875,-27.875,-18.75,-0.3962460458278656,-0.004760812036693096,0.007141217589378357,-0.9181042313575745,17856,6376
0,0.03999999910593033,-0.09000000357627869,9.739999771118164,0,0.125,-0.0625,29.875,-28.6875,-18.5,-0.3962460458278656,-0.004760812036693096,0.007141217589378357,-0.9181042313575745,17865,6377
0,0.05000000074505806,-0.09000000357627869,9.720000267028809,-0.0625,0.1875,0.0625,29.875,-28.6875,-18.5,-0.3962460458278656,-0.004760812036693096,0.007141217589378357,-0.9181042313575745,17875,6378
0,0.05000000074505806,-0.09000000357627869,9.739999771118164,0.125,0.3125,-0.125,29.875,-28.6875,-18.5,-0.3962460458278656,-0.004760812036693096,0.007141217589378357,-0.9181042313575745,17885,6379
0,0.07000000029802322,-0.09000000357627869,9.729999542236328,-0.1875,0,0.0625,29.875,-28.6875,-18.5,-0.3962460458278656,-0.004760812036693096,0.007141217589378357,-0.9181042313575745,17895,6380
0,0.03999999910593033,-0.07000000029802322,9.770000457763672,-0.0625,0,-0.0625,29.875,-28.6875,-18.5,-0.3962460458278656,-0.004760812036693096,0.007141217589378357,-0.9181042313575745,17905,6381
0,0.05000000074505806,-0.07999999821186066,9.760000228881836,0,0.25,0,31,-29,-17.25,-0.3962460458278656,-0.004760812036693096,0.007141217589378357,-0.9181042313575745,17915,6382
0,0.05000000074505806,-0.09000000357627869,9.770000457763672,0.0625,0.25,0,31,-29,-17.25,-0.3962460458278656,-0.004760812036693096,0.007141217589378357,-0.9181042313575745,17925,6383
0,0.05999999865889549,-0.07999999821186066,9.75,-0.0625,-0.125,0.0625,31,-29,-17.25,-0.3962460458278656,-0.004760812036693096,0.007141217589378357,-0.9181042313575745,17935,6384
0,0.05000000074505806,-0.07999999821186066,9.699999809265137,0,0.1875,-0.0625,31,-29,-17.25,-0.3962460458278656,-0.004760812036693096,0.007141217589378357,-0.9181042313575745,17945,6385
0,0.05999999865889549,-0.07000000029802322,9.710000038146973,0,-0.0625,0.0625,31,-29,-17.25,-0.3962460458278656,-0.004760812036693096,0.007141217589378357,-0.9181042313575745,17955,6386
0,0.05999999865889549,-0.07999999821186066,9.770000457763672,0,-0.0625,-0.0625,29.875,-29.75,-18.875,-0.3962460458278656,-0.004760812036693096,0.007141217589378357,-0.9181042313575745,17965,6387
0,0.05000000074505806,-0.07000000029802322,9.760000228881836,0.0625,0,-0.0625,29.875,-29.75,-18.875,-0.3962460458278656,-0.004760812036693096,0.007141217589378357,-0.9181042313575745,17975,6388
0,0.03999999910593033,-0.10000000149011612,9.729999542236328,0.125,0.0625,0.125,29.875,-29.75,-18.875,-0.3962460458278656,-0.004760812036693096,0.007141217589378357,-0.9181042313575745,17985,6389
0,0.05000000074505806,-0.07000000029802322,9.720000267028809,-0.0625,0.0625,0.0625,29.875,-29.75,-18.875,-0.3962460458278656,-0.004760812036693096,0.007141217589378357,-0.9181042313575745,17995,6390
0,0.03999999910593033,-0.07000000029802322,9.739999771118164,0.125,-0.125,0.1875,29.875,-29.75,-18.875,-0.3962460458278656,-0.004760812036693096,0.007141217589378357,-0.9181042313575745,18005,6391
0,0.05000000074505806,-0.07000000029802322,9.760000228881836,-0.0625,0,0.125,30.25,-29.75,-19.25,-0.3962460458278656,-0.004760812036693096,0.007141217589378357,-0.9181042313575745,18015,6392
0,0.03999999910593033,-0.07999999821186066,9.75,-0.0625,0,0.0625,30.25,-29.75,-19.25,-0.3962460458278656,-0.004760812036693096,0.007141217589378357,-0.9181042313575745,18025,6393
0,0.03999999910593033,-0.10000000149011612,9.710000038146973,-0.0625,0.0625,0,30.25,-29.75,-19.25,-0.3962460458278656,-0.004760812036693096,0.007141217589378357,-0.9181042313575745,18035,6394
0,0.05999999865889549,-0.05999999865889549,9.729999542236328,0,0.1875,0,30.25,-29.75,-19.25,-0.3962460458278656,-0.004760812036693096,0.007141217589378357,-0.9181042313575745,18045,6395
0,0.07000000029802322,-0.05000000074505806,9.739999771118164,0.0625,0.125,-0.0625,30.25,-29.75,-19.25,-0.3962460458278656,-0.004760812036693096,0.007141217589378357,-0.9181042313575745,18055,6396
0,0.05000000074505806,-0.07000000029802322,9.75,0.125,0,-0.0625,29.1875,-29.375,-18.75,-0.3962460458278656,-0.004760812036693096,0.007141217589378357,-0.9181042313575745,18065,6397
0,0.05000000074505806,-0.07999999821186066,9.739999771118164,0,0.1875,0,29.1875,-29.375,-18.75,-0.3962460458278656,-0.004760812036693096,0.007141217589378357,-0.9181042313575745,18075,6398
0,0.03999999910593033,-0.09000000357627869,9.739999771118164,0,0.1875,0,29.1875,-29.375,-18.75,-0.3962460458278656,-0.004760812036693096,0.007141217589378357,-0.9181042313575745,18085,6399
0,0.05000000074505806,-0.07000000029802322,9.729999542236328,0,0.125,-0.0625,29.1875,-29.375,-18.75,-0.3962460458278656,-0.004760812036693096,0.007141217589378357,-0.9181042313575745,18095,6400
0,0.03999999910593033,-0.07000000029802322,9.729999542236328,0,-0.0625,-0.0625,29.1875,-29.375,-18.75,-0.3962460458278656,-0.004760812036693096,0.007141217589378357,-0.9181042313575745,18105,6401
0,0.03999999910593033,-0.07000000029802322,9.729999542236328,-0.125,0.0625,0,29.1875,-31.25,-18.875,-0.3962460458278656,-0.004760812036693096,0.007141217589378357,-0.9181042313575745,18115,6402
0,0.05000000074505806,-0.07000000029802322,9.729999542236328,-0.125,0.25,0,29.1875,-31.25,-18.875,-0.3962460458278656,-0.004760812036693096,0.007141217589378357,-0.9181042313575745,18125,6403
0,0.05000000074505806,-0.07999999821186066,9.720000267028809,0,0.0625,0,29.1875,-31.25,-18.875,-0.3962460458278656,-0.004760812036693096,0.007141217589378357,-0.9181042313575745,18135,6404
0,0.019999999552965164,-0.07999999821186066,9.710000038146973,0,0.0625,0,29.1875,-31.25,-18.875,-0.3962460458278656,-0.004760812036693096,0.007141217589378357,-0.9181042313575745,18145,6405
0,0.07999999821186066,-0.07000000029802322,9.729999542236328,0.1875,-0.1875,0.125,29.1875,-31.25,-18.875,-0.3962460458278656,-0.004760812036693096,0.007141217589378357,-0.9181042313575745,18155,6406
0,0.05999999865889549,-0.05000000074505806,9.75,-0.0625,-0.0625,0,30.25,-30.875,-19.25,-0.3962460458278656,-0.004760812036693096,0.007141217589378357,-0.9181042313575745,18165,6407
0,0.03999999910593033,-0.07999999821186066,9.75,0,0.1875,0,30.25,-30.875,-19.25,-0.3962460458278656,-0.004760812036693096,0.007141217589378357,-0.9181042313575745,18175,6408
0,0.07000000029802322,-0.07000000029802322,9.75,0.0625,-0.0625,0,30.25,-30.875,-19.25,-0.3962460458278656,-0.004760812036693096,0.007141217589378357,-0.9181042313575745,18185,6409
0,0.05999999865889549,-0.07000000029802322,9.729999542236328,0.0625,-0.125,-0.0625,30.25,-30.875,-19.25,-0.3962460458278656,-0.004760812036693096,0.007141217589378357,-0.9181042313575745,18195,6410
0,0.05000000074505806,-0.07000000029802322,9.770000457763672,-0.0625,-0.0625,0.0625,30.25,-30.875,-19.25,-0.3962460458278656,-0.004760812036693096,0.007141217589378357,-0.9181042313575745,18205,6411
0,0.05999999865889549,-0.07999999821186066,9.739999771118164,-0.0625,0.125,0,30.6875,-30.5,-18.5,-0.3962460458278656,-0.004760812036693096,0.007141217589378357,-0.9181042313575745,18215,6412
0,0.03999999910593033,-0.07999999821186066,9.75,0.0625,-0.125,0,30.6875,-30.5,-18.5,-0.3962460458278656,-0.004760812036693096,0.007141217589378357,-0.9181042313575745,18225,6413
0,0.07000000029802322,-0.07000000029802322,9.739999771118164,0,-0.0625,0.125,30.6875,-30.5,-18.5,-0.3962460458278656,-0.004760812036693096,0.007141217589378357,-0.9181042313575745,18235,6414
0,0.05000000074505806,-0.09000000357627869,9.6899995803833,0,0.125,-0.0625,30.6875,-30.5,-18.5,-0.3962460458278656,-0.004760812036693096,0.007141217589378357,-0.9181042313575745,18245,6415
0,0.05000000074505806,-0.07000000029802322,9.729999542236328,0.0625,0,0,30.6875,-30.5,-18.5,-0.3962460458278656,-0.004760812036693096,0.007141217589378357,-0.9181042313575745,18255,6416
0,0.05000000074505806,-0.09000000357627869,9.760000228881836,0,0.1875,-0.0625,29.1875,-30.875,-19.5625,-0.3962460458278656,-0.004760812036693096,0.007141217589378357,-0.9181042313575745,18265,6417
0,0.05999999865889549,-0.07000000029802322,9.75,0,0.0625,0.0625,29.1875,-30.875,-19.5625,-0.3962460458278656,-0.004760812036693096,0.007141217589378357,-0.9181042313575745,18275,6418
0,0.07000000029802322,-0.09000000357627869,9.710000038146973,0.125,-0.1875,0.125,29.1875,-30.875,-19.5625,-0.3962460458278656,-0.004760812036693096,0.007141217589378357,-0.9181042313575745,18285,6419
0,0.05000000074505806,-0.05999999865889549,9.729999542236328,0.0625,-0.0625,0,29.1875,-30.875,-19.5625,-0.3962460458278656,-0.004760812036693096,0.007141217589378357,-0.9181042313575745,18295,6420
0,0.05999999865889549,-0.10000000149011612,9.739999771118164,-0.0625,-0.0625,0,29.1875,-30.875,-19.5625,-0.3962460458278656,-0.004760812036693096,0.007141217589378357,-0.9181042313575745,18305,6421
0,0.05000000074505806,-0.07000000029802322,9.770000457763672,0,-0.0625,0,29.5,-30.875,-18.0625,-0.3962460458278656,-0.004760812036693096,0.007141217589378357,-0.9181042313575745,18315,6422
0,0.05000000074505806,-0.07000000029802322,9.710000038146973,0.0625,-0.0625,0.0625,29.5,-30.875,-18.0625,-0.3962460458278656,-0.004760812036693096,0.007141217589378357,-0.9181042313575745,18325,6423
0,0.029999999329447746,-0.09000000357627869,9.720000267028809,0.0625,-0.0625,0,29.5,-30.875,-18.0625,-0.3962460458278656,-0.004760812036693096,0.007141217589378357,-0.9181042313575745,18335,6424
0,0.05999999865889549,-0.07000000029802322,9.75,0.125,-0.0625,-0.0625,29.5,-30.875,-18.0625,-0.3962460458278656,-0.004760812036693096,0.007141217589378357,-0.9181042313575745,18345,6425
0,0.03999999910593033,-0.07999999821186066,9.739999771118164,-0.0625,0.0625,0,29.5,-30.875,-18.0625,-0.3962460458278656,-0.004760812036693096,0.007141217589378357,-0.9181042313575745,18355,6426
0,0.05000000074505806,-0.07000000029802322,9.720000267028809,0,-0.125,0,29.875,-26.75,-20.0625,-0.3962460458278656,-0.004760812036693096,0.007141217589378357,-0.9181042313575745,18365,6427
0,0.029999999329447746,-0.07999999821186066,9.739999771118164,0,0,-0.0625,29.875,-26.75,-20.0625,-0.3962460458278656,-0.004760812036693096,0.007141217589378357,-0.9181042313575745,18375,6428
0,0.05000000074505806,-0.09000000357627869,9.739999771118164,0.125,-0.125,0,29.875,-26.75,-20.0625,-0.3962460458278656,-0.004760812036693096,0.007141217589378357,-0.9181042313575745,18385,6429
0,0.05000000074505806,-0.07000000029802322,9.720000267028809,0,-0.125,0.0625,29.875,-26.75,-20.0625,-0.3962460458278656,-0.004760812036693096,0.007141217589378357,-0.9181042313575745,18395,6430
0,0.05000000074505806,-0.07999999821186066,9.760000228881836,0.125,0.0625,-0.0625,29.875,-26.75,-20.0625,-0.3962460458278656,-0.004760812036693096,0.007141217589378357,-0.9181042313575745,18405,6431
0,0.03999999910593033,-0.07000000029802322,9.75,0,-0.1875,-0.125,28.75,-29.375,-18.0625,-0.3962460458278656,-0.004760812036693096,0.007141217589378357,-0.9181042313575745,18415,6432
0,0.029999999329447746,-0.09000000357627869,9.729999542236328,0.125,-0.125,0.125,28.75,-29.375,-18.0625,-0.3962460458278656,-0.004760812036693096,0.007141217589378357,-0.9181042313575745,18425,6433
0,0.05000000074505806,-0.07999999821186066,9.75,0,-0.0625,0.0625,28.75,-29.375,-18.0625,-0.3962460458278656,-0.004760812036693096,0.007141217589378357,-0.9181042313575745,18435,6434
0,0.03999999910593033,-0.07999999821186066,9.75,-0.1875,-0.125,0.0625,28.75,-29.375,-18.0625,-0.3962460458278656,-0.004760812036693096,0.007141217589378357,-0.9181042313575745,18445,6435
0,0.05000000074505806,-0.09000000357627869,9.729999542236328,-0.1875,-0.125,0.0625,28.75,-29.375,-18.0625,-0.3962460458278656,-0.004760812036693096,0.007141217589378357,-0.9181042313575745,18455,6436
0,0.05000000074505806,-0.09000000357627869,9.720000267028809,0,0,0.0625,29.1875,-28.6875,-19.5625,-0.3962460458278656,-0.004760812036693096,0.007141217589378357,-0.9181042313575745,18465,6437
0,0.05000000074505806,-0.07999999821186066,9.729999542236328,0,0,0.0625,29.1875,-28.6875,-19.5625,-0.3962460458278656,-0.004760812036693096,0.007141217589378357,-0.9181042313575745,18475,6438
0,0.05000000074505806,-0.07000000029802322,9.739999771118164,0,0.0625,-0.0625,29.1875,-28.6875,-19.5625,-0.3962460458278656,-0.004760812036693096,0.007141217589378357,-0.9181042313575745,18485,6439
0,0.05000000074505806,-0.07999999821186066,9.75,-0.0625,0.1875,0,29.1875,-28.6875,-19.5625,-0.3962460458278656,-0.004760812036693096,0.007141217589378357,-0.9181042313575745,18495,6440
0,0.07000000029802322,-0.05999999865889549,9.75,-0.0625,-0.1875,0.0625,29.1875,-28.6875,-19.5625,-0.3962460458278656,-0.004760812036693096,0.007141217589378357,-0.9181042313575745,18505,6441
0,0.05000000074505806,-0.09000000357627869,9.739999771118164,0,-0.125,0,28.75,-28.25,-18.75,-0.3962460458278656,-0.004760812036693096,0.007141217589378357,-0.9181042313575745,18515,6442
0,0.05000000074505806,-0.10000000149011612,9.729999542236328,0,-0.125,0,28.75,-28.25,-18.75,-0.3962460458278656,-0.004760812036693096,0.007141217589378357,-0.9181042313575745,18525,6443
0,0.03999999910593033,-0.09000000357627869,9.720000267028809,-0.0625,0.125,0.0625,28.75,-28.25,-18.75,-0.3962460458278656,-0.004760812036693096,0.007141217589378357,-0.9181042313575745,18535,6444
0,0.05000000074505806,-0.09000000357627869,9.760000228881836,-0.0625,-0.0625,0,28.75,-28.25,-18.75,-0.3962460458278656,-0.004760812036693096,0.007141217589378357,-0.9181042313575745,18545,6445
0,0.05999999865889549,-0.07000000029802322,9.75,0,0,0,28.75,-28.25,-18.75,-0.3962460458278656,-0.004760812036693096,0.007141217589378357,-0.9181042313575745,18555,6446
0,0.03999999910593033,-0.07999999821186066,9.729999542236328,0,0.125,-0.125,29.5,-29,-18.0625,-0.3962460458278656,-0.004760812036693096,0.007141217589378357,-0.9181042313575745,18565,6447
0,0.05000000074505806,-0.07000000029802322,9.760000228881836,0,0.125,-0.125,29.5,-29,-18.0625,-0.3962460458278656,-0.004760812036693096,0.007141217589378357,-0.9181042313575745,18575,6448
0,0.05999999865889549,-0.07999999821186066,9.729999542236328,0,-0.0625,0.0625,29.5,-29,-18.0625,-0.3962460458278656,-0.004760812036693096,0.007141217589378357,-0.9181042313575745,18585,6449
0,0.07000000029802322,-0.07000000029802322,9.760000228881836,0.0625,-0.25,0,29.5,-29,-18.0625,-0.3962460458278656,-0.004760812036693096,0.007141217589378357,-0.9181042313575745,18595,6450
0,0.03999999910593033,-0.09000000357627869,9.75,-0.125,-0.0625,0.0625,29.5,-29,-18.0625,-0.3962460458278656,-0.004760812036693096,0.007141217589378357,-0.9181042313575745,18605,6451
0,0.03999999910593033,-0.07999999821186066,9.739999771118164,0,0.125,0,29.875,-29,-18.0625,-0.3962460458278656,-0.004760812036693096,0.007141217589378357,-0.9181042313575745,18615,6452
0,0.05000000074505806,-0.09000000357627869,9.75,0.0625,0,-0.125,29.875,-29,-18.0625,-0.3962460458278656,-0.004760812036693096,0.007141217589378357,-0.9181042313575745,18625,6453
0,0.05000000074505806,-0.09000000357627869,9.75,0,-0.0625,0.0625,29.875,-29,-18.0625,-0.3962460458278656,-0.004760812036693096,0.007141217589378357,-0.9181042313575745,18635,6454
0,0.05999999865889549,-0.09000000357627869,9.720000267028809,-0.0625,0,-0.0625,29.875,-29,-18.0625,-0.3962460458278656,-0.004760812036693096,0.007141217589378357,-0.9181042313575745,18645,6455
0,0.05999999865889549,-0.09000000357627869,9.760000228881836,0.125,-0.125,-0.1875,29.875,-29,-18.0625,-0.3962460458278656,-0.004760812036693096,0.007141217589378357,-0.9181042313575745,18655,6456
0,0.05999999865889549,-0.05999999865889549,9.75,0.0625,0,0.125,30.25,-29.75,-17.5625,-0.3962460458278656,-0.004760812036693096,0.007141217589378357,-0.9181042313575745,18665,6457
0,0.03999999910593033,-0.07999999821186066,9.760000228881836,0.125,-0.0625,0.125,30.25,-29.75,-17.5625,-0.3962460458278656,-0.004760812036693096,0.007141217589378357,-0.9181042313575745,18675,6458
0,0.05000000074505806,-0.10000000149011612,9.729999542236328,0,-0.125,0,30.25,-29.75,-17.5625,-0.3962460458278656,-0.004760812036693096,0.007141217589378357,-0.9181042313575745,18685,6459
0,0.05000000074505806,-0.10000000149011612,9.710000038146973,0,-0.1875,0,30.25,-29.75,-17.5625,-0.3962460458278656,-0.004760812036693096,0.007141217589378357,-0.9181042313575745,18695,6460
0,0.07000000029802322,-0.07999999821186066,9.739999771118164,0,-0.1875,0.125,30.25,-29.75,-17.5625,-0.3962460458278656,-0.004760812036693096,0.007141217589378357,-0.9181042313575745,18705,6461
0,0.05000000074505806,-0.07000000029802322,9.75,0,0.0625,0,29.5,-28.6875,-18.5,-0.3962460458278656,-0.004760812036693096,0.007141217589378357,-0.9181042313575745,18715,6462
0,0.07000000029802322,-0.10999999940395355,9.739999771118164,0,-0.0625,0,29.5,-28.6875,-18.5,-0.3962460458278656,-0.004760812036693096,0.007141217589378357,-0.9181042313575745,18725,6463
0,0.05000000074505806,-0.05999999865889549,9.720000267028809,-0.0625,0.125,0,29.5,-28.6875,-18.5,-0.3962460458278656,-0.004760812036693096,0.007141217589378357,-0.9181042313575745,18735,6464
0,0.03999999910593033,-0.07000000029802322,9.770000457763672,0.0625,0.0625,-0.125,29.5,-28.6875,-18.5,-0.3962460458278656,-0.004760812036693096,0.007141217589378357,-0.9181042313575745,18745,6465
0,0.03999999910593033,-0.05999999865889549,9.770000457763672,0.0625,0,0.0625,29.5,-28.6875,-18.5,-0.3962460458278656,-0.004760812036693096,0.007141217589378357,-0.9181042313575745,18755,6466
0,0.05999999865889549,-0.09000000357627869,9.729999542236328,0.125,0.0625,0,30.6875,-29.375,-19.5625,-0.3962460458278656,-0.004760812036693096,0.007141217589378357,-0.9181042313575745,18765,6467
0,0.07000000029802322,-0.07000000029802322,9.739999771118164,0,0.0625,0.0625,30.6875,-29.375,-19.5625,-0.3962460458278656,-0.004760812036693096,0.007141217589378357,-0.9181042313575745,18775,6468
0,0.03999999910593033,-0.09000000357627869,9.75,0,0.125,-0.0625,30.6875,-29.375,-19.5625,-0.3962460458278656,-0.004760812036693096,0.007141217589378357,-0.9181042313575745,18785,6469
0,0.05000000074505806,-0.07000000029802322,9.739999771118164,0.0625,-0.0625,0.0625,30.6875,-29.375,-19.5625,-0.3962460458278656,-0.004760812036693096,0.007141217589378357,-0.9181042313575745,18795,6470
0,0.05000000074505806,-0.09000000357627869,9.760000228881836,0.125,-0.0625,-0.0625,30.6875,-29.375,-19.5625,-0.3962460458278656,-0.004760812036693096,0.007141217589378357,-0.9181042313575745,18805,6471
0,0.07000000029802322,-0.07000000029802322,9.75,0,0.25,0.0625,28.75,-29.75,-19.25,-0.3962460458278656,-0.004760812036693096,0.007141217589378357,-0.9181042313575745,18815,6472
0,0.03999999910593033,-0.05999999865889549,9.729999542236328,0.0625,0,-0.0625,28.75,-29.75,-19.25,-0.3962460458278656,-0.004760812036693096,0.007141217589378357,-0.9181042313575745,18824,6473
0,0.03999999910593033,-0.07000000029802322,9.729999542236328,0.125,-0.125,-0.0625,28.75,-29.75,-19.25,-0.3962460458278656,-0.004760812036693096,0.007141217589378357,-0.9181042313575745,18834,6474
0,0.03999999910593033,-0.07999999821186066,9.739999771118164,0,-0.0625,0,28.75,-29.75,-19.25,-0.3962460458278656,-0.004760812036693096,0.007141217589378357,-0.9181042313575745,18844,6475
0,0.05999999865889549,-0.05999999865889549,9.739999771118164,0.0625,0,0.0625,28.75,-29.75,-19.25,-0.3962460458278656,-0.004760812036693096,0.007141217589378357,-0.9181042313575745,18855,6476
0,0.05000000074505806,-0.07000000029802322,9.75,0,0.0625,0.0625,30.6875,-27.875,-19.25,-0.3962460458278656,-0.004760812036693096,0.007141217589378357,-0.9181042313575745,18864,6477
0,0.05000000074505806,-0.09000000357627869,9.75,0,0.0625,-0.0625,30.6875,-27.875,-19.25,-0.3962460458278656,-0.004760812036693096,0.007141217589378357,-0.9181042313575745,18874,6478
0,0.03999999910593033,-0.09000000357627869,9.760000228881836,0.125,-0.125,0.0625,30.6875,-27.875,-19.25,-0.3962460458278656,-0.004760812036693096,0.007141217589378357,-0.9181042313575745,18884,6479
0,0.05000000074505806,-0.09000000357627869,9.729999542236328,0,-0.0625,0.0625,30.6875,-27.875,-19.25,-0.3962460458278656,-0.004760812036693096,0.007141217589378357,-0.9181042313575745,18894,6480
0,0.07000000029802322,-0.07999999821186066,9.75,-0.0625,0,0,30.6875,-27.875,-19.25,-0.3962460458278656,-0.004760812036693096,0.007141217589378357,-0.9181042313575745,18905,6481
0,0.07000000029802322,-0.07000000029802322,9.779999732971191,0,-0.0625,-0.0625,29.875,-30.1875,-17.25,-0.3962460458278656,-0.004760812036693096,0.007141217589378357,-0.9181042313575745,18914,6482
0,0.05000000074505806,-0.09000000357627869,9.760000228881836,-0.0625,0.0625,0.0625,29.875,-30.1875,-17.25,-0.3962460458278656,-0.004760812036693096,0.007141217589378357,-0.9181042313575745,18924,6483
0,0.03999999910593033,-0.07999999821186066,9.710000038146973,0,0.0625,0,29.875,-30.1875,-17.25,-0.3962460458278656,-0.004760812036693096,0.007141217589378357,-0.9181042313575745,18934,6484
0,0.05000000074505806,-0.05999999865889549,9.710000038146973,0,-0.0625,0.0625,29.875,-30.1875,-17.25,-0.3962460458278656,-0.004760812036693096,0.007141217589378357,-0.9181042313575745,18944,6485
0,0.03999999910593033,-0.07999999821186066,9.770000457763672,0,0,0,29.875,-30.1875,-17.25,-0.3962460458278656,-0.004760812036693096,0.007141217589378357,-0.9181042313575745,18954,6486
0,0.05000000074505806,-0.09000000357627869,9.739999771118164,0,-0.0625,-0.0625,29.1875,-30.5,-18.875,-0.3962460458278656,-0.004760812036693096,0.007141217589378357,-0.9181042313575745,18964,6487
0,0.05000000074505806,-0.09000000357627869,9.75,-0.0625,-0.25,0,29.1875,-30.5,-18.875,-0.3962460458278656,-0.004760812036693096,0.007141217589378357,-0.9181042313575745,18974,6488
0,0.05999999865889549,-0.07999999821186066,9.720000267028809,0.0625,-0.0625,0.0625,29.1875,-30.5,-18.875,-0.3962460458278656,-0.004760812036693096,0.007141217589378357,-0.9181042313575745,18984,6489
0,0.03999999910593033,-0.07999999821186066,9.739999771118164,0.0625,-0.125,0,29.1875,-30.5,-18.875,-0.3962460458278656,-0.004760812036693096,0.007141217589378357,-0.9181042313575745,18994,6490
0,0.07000000029802322,-0.07000000029802322,9.729999542236328,0.0625,0.0625,0,29.1875,-30.5,-18.875,-0.3962460458278656,-0.004760812036693096,0.007141217589378357,-0.9181042313575745,19005,6491
0,0.05000000074505806,-0.07000000029802322,9.729999542236328,-0.1875,0.125,-0.125,30.25,-29,-19.25,-0.3962460458278656,-0.004760812036693096,0.007141217589378357,-0.9181042313575745,19014,6492
0,0.05000000074505806,-0.07999999821186066,9.770000457763672,0,0,0.0625,30.25,-29,-19.25,-0.3962460458278656,-0.004760812036693096,0.007141217589378357,-0.9181042313575745,19024,6493
0,0.03999999910593033,-0.07999999821186066,9.739999771118164,0.0625,-0.1875,0,30.25,-29,-19.25,-0.3962460458278656,-0.004760812036693096,0.007141217589378357,-0.9181042313575745,19034,6494
0,0.05999999865889549,-0.10000000149011612,9.739999771118164,0,-0.125,0.0625,30.25,-29,-19.25,-0.3962460458278656,-0.004760812036693096,0.007141217589378357,-0.9181042313575745,19044,6495
0,0.05999999865889549,-0.07999999821186066,9.75,-0.0625,0.125,-0.0625,30.25,-29,-19.25,-0.3962460458278656,-0.004760812036693096,0.007141217589378357,-0.9181042313575745,19054,6496
0,0.05999999865889549,-0.07000000029802322,9.729999542236328,0,-0.125,0.125,30.25,-29.375,-18.5,-0.3962460458278656,-0.004760812036693096,0.007141217589378357,-0.9181042313575745,19064,6497
0,0.07000000029802322,-0.09000000357627869,9.739999771118164,0.125,-0.1875,0,30.25,-29.375,-18.5,-0.3962460458278656,-0.004760812036693096,0.007141217589378357,-0.9181042313575745,19074,6498
0,0.03999999910593033,-0.07000000029802322,9.760000228881836,0.125,-0.125,0.0625,30.25,-29.375,-18.5,-0.3962460458278656,-0.004760812036693096,0.007141217589378357,-0.9181042313575745,19084,6499
0,0.05000000074505806,-0.07999999821186066,9.720000267028809,0,-0.125,0.0625,30.25,-29.375,-18.5,-0.3962460458278656,-0.004760812036693096,0.007141217589378357,-0.9181042313575745,19094,6500
0,0.05999999865889549,-0.05999999865889549,9.760000228881836,-0.0625,0,-0.0625,30.25,-29.375,-18.5,-0.3962460458278656,-0.004760812036693096,0.007141217589378357,-0.9181042313575745,19104,6501
0,0.05000000074505806,-0.10000000149011612,9.739999771118164,-0.0625,-0.1875,0,31.375,-29.75,-19.25,-0.3962460458278656,-0.004760812036693096,0.007141217589378357,-0.9181042313575745,19114,6502
0,0.05999999865889549,-0.05999999865889549,9.729999542236328,-0.125,0,0,31.375,-29.75,-19.25,-0.3962460458278656,-0.004760812036693096,0.007141217589378357,-0.9181042313575745,19124,6503
0,0.029999999329447746,-0.09000000357627869,9.720000267028809,0,0.125,0.125,31.375,-29.75,-19.25,-0.3962460458278656,-0.004760812036693096,0.007141217589378357,-0.9181042313575745,19134,6504
0,0.05999999865889549,-0.07999999821186066,9.770000457763672,-0.0625,-0.0625,-0.0625,31.375,-29.75,-19.25,-0.3962460458278656,-0.004760812036693096,0.007141217589378357,-0.9181042313575745,19144,6505
0,0.05000000074505806,-0.10000000149011612,9.720000267028809,0,-0.125,-0.125,31.375,-29.75,-19.25,-0.3962460458278656,-0.004760812036693096,0.007141217589378357,-0.9181042313575745,19154,6506
0,0.05000000074505806,-0.05999999865889549,9.710000038146973,0.0625,-0.0625,0,29.5,-27.875,-18.875,-0.3962460458278656,-0.004760812036693096,0.007141217589378357,-0.9181042313575745,19164,6507
0,0.03999999910593033,-0.07000000029802322,9.739999771118164,-0.0625,0.1875,0,29.5,-27.875,-18.875,-0.3962460458278656,-0.004760812036693096,0.007141217589378357,-0.9181042313575745,19174,6508
0,0.03999999910593033,-0.07000000029802322,9.739999771118164,0.125,-0.1875,0.125,29.5,-27.875,-18.875,-0.3962460458278656,-0.004760812036693096,0.007141217589378357,-0.9181042313575745,19184,6509
0,0.05000000074505806,-0.07999999821186066,9.720000267028809,0.1875,-0.125,0,29.5,-27.875,-18.875,-0.3962460458278656,-0.004760812036693096,0.007141217589378357,-0.9181042313575745,19194,6510
0,0.07000000029802322,-0.07999999821186066,9.770000457763672,0,0,0,29.5,-27.875,-18.875,-0.3962460458278656,-0.004760812036693096,0.007141217589378357,-0.9181042313575745,19204,6511
0,0.05999999865889549,-0.07000000029802322,9.729999542236328,0,0.125,-0.0625,30.25,-26,-18.75,-0.3962460458278656,-0.004760812036693096,0.007141217589378357,-0.9181042313575745,19214,6512
0,0.05999999865889549,-0.10000000149011612,9.75,0,0.125,0.125,30.25,-26,-18.75,-0.3962460458278656,-0.004760812036693096,0.007141217589378357,-0.9181042313575745,19224,6513
0,0.05000000074505806,-0.10000000149011612,9.720000267028809,0.125,0.0625,-0.0625,30.25,-26,-18.75,-0.3962460458278656,-0.004760812036693096,0.007141217589378357,-0.9181042313575745,19234,6514
0,0.05000000074505806,-0.07999999821186066,9.75,-0.125,0.125,-0.0625,30.25,-26,-18.75,-0.3962460458278656,-0.004760812036693096,0.007141217589378357,-0.9181042313575745,19244,6515
0,0.05000000074505806,-0.10000000149011612,9.760000228881836,0.0625,0,0,30.25,-26,-18.75,-0.3962460458278656,-0.004760812036693096,0.007141217589378357,-0.9181042313575745,19254,6516
0,0.05000000074505806,-0.09000000357627869,9.770000457763672,0.125,0,-0.0625,31.375,-28.25,-20.0625,-0.3962460458278656,-0.004760812036693096,0.007141217589378357,-0.9181042313575745,19264,6517
0,0.05000000074505806,-0.05999999865889549,9.760000228881836,0.125,-0.0625,-0.0625,31.375,-28.25,-20.0625,-0.3962460458278656,-0.004760812036693096,0.007141217589378357,-0.9181042313575745,19274,6518
0,0.05999999865889549,-0.05999999865889549,9.710000038146973,-0.0625,0,0,31.375,-28.25,-20.0625,-0.3962460458278656,-0.004760812036693096,0.007141217589378357,-0.9181042313575745,19284,6519
0,0.05999999865889549,-0.10000000149011612,9.760000228881836,-0.125,0.0625,0,31.375,-28.25,-20.0625,-0.3962460458278656,-0.004760812036693096,0.007141217589378357,-0.9181042313575745,19294,6520
0,0.05000000074505806,-0.07999999821186066,9.739999771118164,0,-0.125,0.0625,31.375,-28.25,-20.0625,-0.3962460458278656,-0.004760812036693096,0.007141217589378357,-0.9181042313575745,19304,6521
0,0.05999999865889549,-0.07999999821186066,9.729999542236328,0,0,0,29.1875,-28.25,-18.75,-0.3962460458278656,-0.004760812036693096,0.007141217589378357,-0.9181042313575745,19314,6522
0,0.05000000074505806,-0.07999999821186066,9.739999771118164,0.125,-0.0625,0.0625,29.1875,-28.25,-18.75,-0.3962460458278656,-0.004760812036693096,0.007141217589378357,-0.9181042313575745,19324,6523
0,0.03999999910593033,-0.10000000149011612,9.739999771118164,-0.0625,-0.125,-0.0625,29.1875,-28.25,-18.75,-0.3962460458278656,-0.004760812036693096,0.007141217589378357,-0.9181042313575745,19334,6524
0,0.05000000074505806,-0.07999999821186066,9.720000267028809,0.0625,-0.1875,0.0625,29.1875,-28.25,-18.75,-0.3962460458278656,-0.004760812036693096,0.007141217589378357,-0.9181042313575745,19344,6525
0,0.03999999910593033,-0.09000000357627869,9.75,-0.0625,0.0625,-0.125,29.1875,-28.25,-18.75,-0.3962460458278656,-0.004760812036693096,0.007141217589378357,-0.9181042313575745,19354,6526
0,0.05000000074505806,-0.07000000029802322,9.75,-0.0625,0.0625,0,29.875,-28.25,-18.75,-0.3962460458278656,-0.004760812036693096,0.007141217589378357,-0.9181042313575745,19364,6527
0,0.05999999865889549,-0.05999999865889549,9.720000267028809,-0.125,-0.125,0.0625,29.875,-28.25,-18.75,-0.3962460458278656,-0.004760812036693096,0.007141217589378357,-0.9181042313575745,19374,6528
0,0.03999999910593033,-0.07000000029802322,9.710000038146973,0,0.125,0.0625,29.875,-28.25,-18.75,-0.3962460458278656,-0.004760812036693096,0.007141217589378357,-0.9181042313575745,19384,6529
0,0.05999999865889549,-0.07999999821186066,9.739999771118164,0.0625,0.25,0,29.875,-28.25,-18.75,-0.3962460458278656,-0.004760812036693096,0.007141217589378357,-0.9181042313575745,19394,6530
0,0.05999999865889549,-0.09000000357627869,9.760000228881836,0.0625,-0.0625,0,29.875,-28.25,-18.75,-0.3962460458278656,-0.004760812036693096,0.007141217589378357,-0.9181042313575745,19404,6531
0,0.05999999865889549,-0.05999999865889549,9.770000457763672,0.0625,-0.125,0.0625,29.5,-28.6875,-20.0625,-0.3962460458278656,-0.004760812036693096,0.007141217589378357,-0.9181042313575745,19414,6532
0,0.05000000074505806,-0.09000000357627869,9.720000267028809,-0.0625,-0.0625,-0.0625,29.5,-28.6875,-20.0625,-0.3962460458278656,-0.004760812036693096,0.007141217589378357,-0.9181042313575745,19424,6533
0,0.05999999865889549,-0.10000000149011612,9.729999542236328,0,-0.25,0.0625,29.5,-28.6875,-20.0625,-0.3962460458278656,-0.004760812036693096,0.007141217589378357,-0.9181042313575745,19434,6534
0,0.05999999865889549,-0.05000000074505806,9.739999771118164,0.125,-0.0625,0,29.5,-28.6875,-20.0625,-0.3962460458278656,-0.004760812036693096,0.007141217589378357,-0.9181042313575745,19444,6535
0,0.05000000074505806,-0.05999999865889549,9.760000228881836,-0.125,0.0625,0,29.5,-28.6875,-20.0625,-0.3962460458278656,-0.004760812036693096,0.007141217589378357,-0.9181042313575745,19454,6536
0,0.05999999865889549,-0.09000000357627869,9.739999771118164,-0.0625,0,0,29.5,-29,-19.5625,-0.3962460458278656,-0.004760812036693096,0.007141217589378357,-0.9181042313575745,19464,6537
0,0.05000000074505806,-0.07000000029802322,9.760000228881836,0.0625,0.125,0,29.5,-29,-19.5625,-0.3962460458278656,-0.004760812036693096,0.007141217589378357,-0.9181042313575745,19474,6538
0,0.05999999865889549,-0.07999999821186066,9.75,0,0,0.0625,29.5,-29,-19.5625,-0.3962460458278656,-0.004760812036693096,0.007141217589378357,-0.9181042313575745,19484,6539
0,0.05999999865889549,-0.07999999821186066,9.739999771118164,0.125,-0.0625,0.0625,29.5,-29,-19.5625,-0.3962460458278656,-0.004760812036693096,0.007141217589378357,-0.9181042313575745,19494,6540
0,0.07000000029802322,-0.07000000029802322,9.739999771118164,0,0.125,-0.125,29.5,-29,-19.5625,-0.3962460458278656,-0.004760812036693096,0.007141217589378357,-0.9181042313575745,19504,6541
0,0.07000000029802322,-0.10000000149011612,9.729999542236328,0,0.125,0,29.5,-27.5,-19.5625,-0.3962460458278656,-0.004760812036693096,0.007141217589378357,-0.9181042313575745,19514,6542
0,0.05999999865889549,-0.10000000149011612,9.770000457763672,0,0.1875,0.125,29.5,-27.5,-19.5625,-0.3962460458278656,-0.004760812036693096,0.007141217589378357,-0.9181042313575745,19524,6543
0,0.05000000074505806,-0.07999999821186066,9.710000038146973,-0.0625,0.0625,0,29.5,-27.5,-19.5625,-0.3962460458278656,-0.004760812036693096,0.007141217589378357,-0.9181042313575745,19534,6544
0,0.05000000074505806,-0.07000000029802322,9.739999771118164,-0.0625,0.0625,-0.0625,29.5,-27.5,-19.5625,-0.3962460458278656,-0.004760812036693096,0.007141217589378357,-0.9181042313575745,19544,6545
0,0.05000000074505806,-0.07000000029802322,9.75,0,0,0,29.5,-27.5,-19.5625,-0.3962460458278656,-0.004760812036693096,0.007141217589378357,-0.9181042313575745,19554,6546
0,0.05000000074505806,-0.07000000029802322,9.760000228881836,0.0625,-0.0625,-0.0625,29.875,-29.375,-18.5,-0.3962460458278656,-0.004760812036693096,0.007141217589378357,-0.9181042313575745,19564,6547
0,0.03999999910593033,-0.07999999821186066,9.760000228881836,-0.125,-0.0625,0.0625,29.875,-29.375,-18.5,-0.3962460458278656,-0.004760812036693096,0.007141217589378357,-0.9181042313575745,19574,6548
0,0.07000000029802322,-0.07000000029802322,9.75,-0.0625,0,0.0625,29.875,-29.375,-18.5,-0.3962460458278656,-0.004760812036693096,0.007141217589378357,-0.9181042313575745,19584,6549
0,0.05000000074505806,-0.07999999821186066,9.729999542236328,0,0.0625,-0.0625,29.875,-29.375,-18.5,-0.3962460458278656,-0.004760812036693096,0.007141217589378357,-0.9181042313575745,19594,6550
0,0.07000000029802322,-0.07999999821186066,9.720000267028809,-0.0625,0.0625,0,29.875,-29.375,-18.5,-0.3962460458278656,-0.004760812036693096,0.007141217589378357,-0.9181042313575745,19604,6551
0,0.03999999910593033,-0.09000000357627869,9.739999771118164,-0.0625,-0.1875,0,31.75,-29.75,-19.25,-0.3962460458278656,-0.004760812036693096,0.007141217589378357,-0.9181042313575745,19614,6552
0,0.05000000074505806,-0.07999999821186066,9.75,0,0.0625,0.0625,31.75,-29.75,-19.25,-0.3962460458278656,-0.004760812036693096,0.007141217589378357,-0.9181042313575745,19624,6553
0,0.05999999865889549,-0.07999999821186066,9.6899995803833,0,0,-0.0625,31.75,-29.75,-19.25,-0.3962460458278656,-0.004760812036693096,0.007141217589378357,-0.9181042313575745,19634,6554
0,0.03999999910593033,-0.07999999821186066,9.760000228881836,-0.125,-0.0625,0,31.75,-29.75,-19.25,-0.3962460458278656,-0.004760812036693096,0.007141217589378357,-0.9181042313575745,19644,6555
0,0.019999999552965164,-0.07999999821186066,9.739999771118164,-0.0625,0.25,-0.125,31.75,-29.75,-19.25,-0.3962460458278656,-0.004760812036693096,0.007141217589378357,-0.9181042313575745,19654,6556
0,0.05000000074505806,-0.07000000029802322,9.75,-0.125,0,-0.0625,29.5,-29.75,-19.5625,-0.3962460458278656,-0.004760812036693096,0.007141217589378357,-0.9181042313575745,19664,6557
0,0.05999999865889549,-0.07999999821186066,9.739999771118164,-0.125,-0.1875,0,29.5,-29.75,-19.5625,-0.3962460458278656,-0.004760812036693096,0.007141217589378357,-0.9181042313575745,19674,6558
0,0.05999999865889549,-0.07000000029802322,9.739999771118164,0.125,-0.125,0.125,29.5,-29.75,-19.5625,-0.3962460458278656,-0.004760812036693096,0.007141217589378357,-0.9181042313575745,19684,6559
0,0.05000000074505806,-0.07999999821186066,9.760000228881836,-0.0625,0,-0.0625,29.5,-29.75,-19.5625,-0.3962460458278656,-0.004760812036693096,0.007141217589378357,-0.9181042313575745,19694,6560
0,0.03999999910593033,-0.05999999865889549,9.739999771118164,-0.0625,0.0625,0,29.5,-29.75,-19.5625,-0.3962460458278656,-0.004760812036693096,0.007141217589378357,-0.9181042313575745,19704,6561
0,0.05999999865889549,-0.09000000357627869,9.739999771118164,0.0625,-0.125,0.125,29.875,-29.375,-20.0625,-0.3962460458278656,-0.004760812036693096,0.007141217589378357,-0.9181042313575745,19714,6562
0,0.05999999865889549,-0.05999999865889549,9.739999771118164,0.0625,-0.125,-0.0625,29.875,-29.375,-20.0625,-0.3962460458278656,-0.004760812036693096,0.007141217589378357,-0.9181042313575745,19724,6563
0,0.03999999910593033,-0.09000000357627869,9.75,0.0625,0,0.125,29.875,-29.375,-20.0625,-0.3962460458278656,-0.004760812036693096,0.007141217589378357,-0.9181042313575745,19734,6564
0,0.05999999865889549,-0.09000000357627869,9.739999771118164,0,-0.125,-0.0625,29.875,-29.375,-20.0625,-0.3962460458278656,-0.004760812036693096,0.007141217589378357,-0.9181042313575745,19744,6565
0,0.05000000074505806,-0.10000000149011612,9.760000228881836,0.0625,-0.125,0.0625,29.875,-29.375,-20.0625,-0.3962460458278656,-0.004760812036693096,0.007141217589378357,-0.9181042313575745,19754,6566
0,0.05000000074505806,-0.09000000357627869,9.739999771118164,-0.125,0.25,0,29.875,-29.75,-20.0625,-0.3962460458278656,-0.004760812036693096,0.007141217589378357,-0.9181042313575745,19764,6567
0,0.07999999821186066,-0.05999999865889549,9.729999542236328,-0.125,0.1875,-0.0625,29.875,-29.75,-20.0625,-0.3962460458278656,-0.004760812036693096,0.007141217589378357,-0.9181042313575745,19774,6568
0,0.03999999910593033,-0.07000000029802322,9.739999771118164,-0.0625,-0.0625,0.0625,29.875,-29.75,-20.0625,-0.3962460458278656,-0.004760812036693096,0.007141217589378357,-0.9181042313575745,19784,6569
0,0.05999999865889549,-0.09000000357627869,9.75,0.125,0.0625,-0.0625,29.875,-29.75,-20.0625,-0.3962460458278656,-0.004760812036693096,0.007141217589378357,-0.9181042313575745,19794,6570
0,0.05000000074505806,-0.07999999821186066,9.739999771118164,0.0625,-0.0625,0.0625,29.875,-29.75,-20.0625,-0.3962460458278656,-0.004760812036693096,0.007141217589378357,-0.9181042313575745,19804,6571
0,0.03999999910593033,-0.09000000357627869,9.75,-0.0625,0,-0.0625,29.5,-28.6875,-19.5625,-0.3962460458278656,-0.004760812036693096,0.007141217589378357,-0.9181042313575745,19814,6572
0,0.05000000074505806,-0.09000000357627869,9.739999771118164,0.0625,-0.125,0.0625,29.5,-28.6875,-19.5625,-0.3962460458278656,-0.004760812036693096,0.007141217589378357,-0.9181042313575745,19824,6573
0,0.03999999910593033,-0.07000000029802322,9.729999542236328,0.0625,-0.3125,0.0625,29.5,-28.6875,-19.5625,-0.3962460458278656,-0.004760812036693096,0.007141217589378357,-0.9181042313575745,19834,6574
0,0.05000000074505806,-0.07000000029802322,9.75,0.125,-0.0625,0,29.5,-28.6875,-19.5625,-0.3962460458278656,-0.004760812036693096,0.007141217589378357,-0.9181042313575745,19844,6575
0,0.05999999865889549,-0.07000000029802322,9.760000228881836,0,0,0.0625,29.5,-28.6875,-19.5625,-0.3962460458278656,-0.004760812036693096,0.007141217589378357,-0.9181042313575745,19854,6576
0,0.03999999910593033,-0.07000000029802322,9.710000038146973,0,0.0625,0,29.875,-28.25,-20.0625,-0.3962460458278656,-0.004760812036693096,0.007141217589378357,-0.9181042313575745,19864,6577
0,0.03999999910593033,-0.09000000357627869,9.729999542236328,0,0,0,29.875,-28.25,-20.0625,-0.3962460458278656,-0.004760812036693096,0.007141217589378357,-0.9181042313575745,19874,6578
0,0.05000000074505806,-0.05999999865889549,9.75,0.1875,-0.1875,0,29.875,-28.25,-20.0625,-0.3962460458278656,-0.004760812036693096,0.007141217589378357,-0.9181042313575745,19884,6579
0,0.03999999910593033,-0.07000000029802322,9.760000228881836,0,0.0625,-0.0625,29.875,-28.25,-20.0625,-0.3962460458278656,-0.004760812036693096,0.007141217589378357,-0.9181042313575745,19894,6580
0,0.05000000074505806,-0.07000000029802322,9.729999542236328,0.125,0,0.0625,29.875,-28.25,-20.0625,-0.3962460458278656,-0.004760812036693096,0.007141217589378357,-0.9181042313575745,19904,6581
0,0.05000000074505806,-0.07999999821186066,9.770000457763672,0,-0.125,0,29.5,-27.5,-19.5625,-0.3962460458278656,-0.004760812036693096,0.007141217589378357,-0.9181042313575745,19914,6582
0,0.03999999910593033,-0.09000000357627869,9.729999542236328,-0.0625,-0.0625,-0.0625,29.5,-27.5,-19.5625,-0.3962460458278656,-0.004760812036693096,0.007141217589378357,-0.9181042313575745,19924,6583
0,0.05000000074505806,-0.09000000357627869,9.729999542236328,-0.125,-0.0625,0.125,29.5,-27.5,-19.5625,-0.3962460458278656,-0.004760812036693096,0.007141217589378357,-0.9181042313575745,19934,6584
0,0.05000000074505806,-0.10000000149011612,9.729999542236328,-0.0625,0.125,-0.0625,29.5,-27.5,-19.5625,-0.3962460458278656,-0.004760812036693096,0.007141217589378357,-0.9181042313575745,19944,6585
0,0.05000000074505806,-0.09000000357627869,9.760000228881836,-0.125,0.125,0.0625,29.5,-27.5,-19.5625,-0.3962460458278656,-0.004760812036693096,0.007141217589378357,-0.9181042313575745,19954,6586
0,0.03999999910593033,-0.10000000149011612,9.739999771118164,0.0625,-0.0625,-0.0625,31.375,-28.6875,-19.25,-0.3962460458278656,-0.004760812036693096,0.007141217589378357,-0.9181042313575745,19964,6587
0,0.05000000074505806,-0.10000000149011612,9.729999542236328,0.0625,0,0.0625,31.375,-28.6875,-19.25,-0.3962460458278656,-0.004760812036693096,0.007141217589378357,-0.9181042313575745,19974,6588
0,0.05000000074505806,-0.09000000357627869,9.75,0.0625,-0.0625,-0.0625,31.375,-28.6875,-19.25,-0.3962460458278656,-0.004760812036693096,0.007141217589378357,-0.9181042313575745,19984,6589
0,0.07000000029802322,-0.07999999821186066,9.720000267028809,0.0625,0,0,31.375,-28.6875,-19.25,-0.3962460458278656,-0.004760812036693096,0.007141217589378357,-0.9181042313575745,19994,6590
0,0.05999999865889549,-0.10000000149011612,9.770000457763672,-0.0625,0.125,0,31.375,-28.6875,-19.25,-0.3962460458278656,-0.004760812036693096,0.007141217589378357,-0.9181042313575745,20004,6591
0,0.07999999821186066,-0.10999999940395355,9.75,-0.0625,0.0625,0,29.875,-27.875,-18.5,-0.3962460458278656,-0.004760812036693096,0.007141217589378357,-0.9181042313575745,20014,6592
0,0.03999999910593033,-0.07999999821186066,9.760000228881836,0,-0.125,-0.0625,29.875,-27.875,-18.5,-0.3962460458278656,-0.004760812036693096,0.007141217589378357,-0.9181042313575745,20024,6593
0,0.05999999865889549,-0.07999999821186066,9.729999542236328,-0.0625,0,-0.0625,29.875,-27.875,-18.5,-0.3962460458278656,-0.004760812036693096,0.007141217589378357,-0.9181042313575745,20034,6594
0,0.05999999865889549,-0.10000000149011612,9.75,0,-0.0625,0,29.875,-27.875,-18.5,-0.3962460458278656,-0.004760812036693096,0.007141217589378357,-0.9181042313575745,20044,6595
0,0.05999999865889549,-0.07000000029802322,9.729999542236328,0.0625,-0.125,0,29.875,-27.875,-18.5,-0.3962460458278656,-0.004760812036693096,0.007141217589378357,-0.9181042313575745,20054,6596
0,0.05000000074505806,-0.07999999821186066,9.75,0.0625,-0.1875,0.0625,30.6875,-27.1875,-20.0625,-0.3962460458278656,-0.004760812036693096,0.007141217589378357,-0.9181042313575745,20064,6597
0,0.05999999865889549,-0.07000000029802322,9.75,0.1875,-0.125,-0.0625,30.6875,-27.1875,-20.0625,-0.3962460458278656,-0.004760812036693096,0.007141217589378357,-0.9181042313575745,20074,6598
0,0.07999999821186066,-0.07000000029802322,9.75,0.0625,-0.1875,0,30.6875,-27.1875,-20.0625,-0.3962460458278656,-0.004760812036693096,0.007141217589378357,-0.9181042313575745,20084,6599
0,0.07000000029802322,-0.09000000357627869,9.75,0,0,0,30.6875,-27.1875,-20.0625,-0.3962460458278656,-0.004760812036693096,0.007141217589378357,-0.9181042313575745,20094,6600
0,0.05999999865889549,-0.07000000029802322,9.770000457763672,-0.0625,-0.1875,-0.0625,30.6875,-27.1875,-20.0625,-0.3962460458278656,-0.004760812036693096,0.007141217589378357,-0.9181042313575745,20104,6601
0,0.05000000074505806,-0.10000000149011612,9.760000228881836,0,0,-0.125,31,-28.25,-18.875,-0.3962460458278656,-0.004760812036693096,0.007141217589378357,-0.9181042313575745,20114,6602
0,0.05999999865889549,-0.07000000029802322,9.779999732971191,-0.0625,0.125,-0.0625,31,-28.25,-18.875,-0.3962460458278656,-0.004760812036693096,0.007141217589378357,-0.9181042313575745,20124,6603
0,0.029999999329447746,-0.07999999821186066,9.710000038146973,0.0625,0.125,0.0625,31,-28.25,-18.875,-0.3962460458278656,-0.004760812036693096,0.007141217589378357,-0.9181042313575745,20134,6604
0,0.05999999865889549,-0.07999999821186066,9.729999542236328,0.125,0.1875,0.0625,31,-28.25,-18.875,-0.3962460458278656,-0.004760812036693096,0.007141217589378357,-0.9181042313575745,20144,6605
0,0.05000000074505806,-0.07999999821186066,9.729999542236328,0,0.0625,-0.0625,31,-28.25,-18.875,-0.3962460458278656,-0.004760812036693096,0.007141217589378357,-0.9181042313575745,20154,6606
0,0.07000000029802322,-0.07000000029802322,9.739999771118164,0,0.0625,0,30.25,-27.875,-19.5625,-0.3962460458278656,-0.004760812036693096,0.007141217589378357,-0.9181042313575745,20164,6607
0,0.05999999865889549,-0.09000000357627869,9.720000267028809,-0.125,0.0625,0,30.25,-27.875,-19.5625,-0.3962460458278656,-0.004760812036693096,0.007141217589378357,-0.9181042313575745,20174,6608
0,0.07999999821186066,-0.10000000149011612,9.720000267028809,-0.125,0,0,30.25,-27.875,-19.5625,-0.3962460458278656,-0.004760812036693096,0.007141217589378357,-0.9181042313575745,20184,6609
0,0.03999999910593033,-0.05000000074505806,9.75,0.0625,0,0.0625,30.25,-27.875,-19.5625,-0.3962460458278656,-0.004760812036693096,0.007141217589378357,-0.9181042313575745,20194,6610
0,0.05999999865889549,-0.05999999865889549,9.760000228881836,0,0.125,-0.0625,30.25,-27.875,-19.5625,-0.3962460458278656,-0.004760812036693096,0.007141217589378357,-0.9181042313575745,20204,6611
0,0.05000000074505806,-0.09000000357627869,9.710000038146973,-0.1875,0.125,0,29.5,-26.75,-18.875,-0.3962460458278656,-0.004760812036693096,0.007141217589378357,-0.9181042313575745,20214,6612
0,0.05999999865889549,-0.07999999821186066,9.729999542236328,0.0625,0.1875,0,29.5,-26.75,-18.875,-0.3962460458278656,-0.004760812036693096,0.007141217589378357,-0.9181042313575745,20224,6613
0,0.05000000074505806,-0.07000000029802322,9.720000267028809,0,0.125,0,29.5,-26.75,-18.875,-0.3962460458278656,-0.004760812036693096,0.007141217589378357,-0.9181042313575745,20234,6614
0,0.05999999865889549,-0.07000000029802322,9.710000038146973,-0.0625,0.125,-0.0625,29.5,-26.75,-18.875,-0.3962460458278656,-0.004760812036693096,0.007141217589378357,-0.9181042313575745,20244,6615
0,0.05000000074505806,-0.09000000357627869,9.720000267028809,0.0625,0.125,0,29.5,-26.75,-18.875,-0.3962460458278656,-0.004760812036693096,0.007141217589378357,-0.9181042313575745,20254,6616
0,0.03999999910593033,-0.07000000029802322,9.760000228881836,0.0625,0.0625,0.0625,30.25,-28.6875,-18.75,-0.3962460458278656,-0.004760812036693096,0.007141217589378357,-0.9181042313575745,20264,6617
0,0.07000000029802322,-0.05999999865889549,9.75,0,0.0625,-0.0625,30.25,-28.6875,-18.75,-0.3962460458278656,-0.004760812036693096,0.007141217589378357,-0.9181042313575745,20274,6618
0,0.07999999821186066,-0.09000000357627869,9.720000267028809,0.0625,0.125,0,30.25,-28.6875,-18.75,-0.3962460458278656,-0.004760812036693096,0.007141217589378357,-0.9181042313575745,20284,6619
0,0.05000000074505806,-0.09000000357627869,9.760000228881836,0,0.0625,-0.0625,30.25,-28.6875,-18.75,-0.3962460458278656,-0.004760812036693096,0.007141217589378357,-0.9181042313575745,20294,6620
0,0.05000000074505806,-0.07000000029802322,9.75,0.0625,0.125,0.0625,30.25,-28.6875,-18.75,-0.3962460458278656,-0.004760812036693096,0.007141217589378357,-0.9181042313575745,20304,6621
0,0.05000000074505806,-0.07999999821186066,9.739999771118164,0.0625,0.0625,0,29.5,-28.6875,-19.25,-0.3962460458278656,-0.004760812036693096,0.007141217589378357,-0.9181042313575745,20314,6622
0,0.03999999910593033,-0.07999999821186066,9.770000457763672,0.0625,0.25,0.0625,29.5,-28.6875,-19.25,-0.3962460458278656,-0.004760812036693096,0.007141217589378357,-0.9181042313575745,20324,6623
0,0.05000000074505806,-0.09000000357627869,9.739999771118164,0,-0.125,0.0625,29.5,-28.6875,-19.25,-0.3962460458278656,-0.004760812036693096,0.007141217589378357,-0.9181042313575745,20334,6624
0,0.05999999865889549,-0.05999999865889549,9.739999771118164,0.1875,-0.0625,0,29.5,-28.6875,-19.25,-0.3962460458278656,-0.004760812036693096,0.007141217589378357,-0.9181042313575745,20344,6625
0,0.05000000074505806,-0.07000000029802322,9.729999542236328,0.0625,0,0,29.5,-28.6875,-19.25,-0.3962460458278656,-0.004760812036693096,0.007141217589378357,-0.9181042313575745,20354,6626
0,0.05000000074505806,-0.09000000357627869,9.760000228881836,-0.0625,0.125,-0.0625,29.875,-29.75,-20.0625,-0.3962460458278656,-0.004760812036693096,0.007141217589378357,-0.9181042313575745,20364,6627
0,0.05999999865889549,-0.07000000029802322,9.760000228881836,0.0625,0.0625,-0.125,29.875,-29.75,-20.0625,-0.3962460458278656,-0.004760812036693096,0.007141217589378357,-0.9181042313575745,20374,6628
0,0.05999999865889549,-0.09000000357627869,9.699999809265137,0.0625,0,-0.0625,29.875,-29.75,-20.0625,-0.3962460458278656,-0.004760812036693096,0.007141217589378357,-0.9181042313575745,20384,6629
0,0.05000000074505806,-0.07000000029802322,9.729999542236328,0,0.0625,0,29.875,-29.75,-20.0625,-0.3962460458278656,-0.004760812036693096,0.007141217589378357,-0.9181042313575745,20394,6630
0,0.03999999910593033,-0.05000000074505806,9.739999771118164,0,-0.125,0.0625,29.875,-29.75,-20.0625,-0.3962460458278656,-0.004760812036693096,0.007141217589378357,-0.9181042313575745,20404,6631
0,0.05000000074505806,-0.10000000149011612,9.729999542236328,0,-0.125,-0.125,29.875,-29,-19.25,-0.3962460458278656,-0.004760812036693096,0.007141217589378357,-0.9181042313575745,20414,6632
0,0.07000000029802322,-0.09000000357627869,9.729999542236328,0,0.0625,0,29.875,-29,-19.25,-0.3962460458278656,-0.004760812036693096,0.007141217589378357,-0.9181042313575745,20424,6633
0,0.07000000029802322,-0.10000000149011612,9.739999771118164,0.0625,0,0,29.875,-29,-19.25,-0.3962460458278656,-0.004760812036693096,0.007141217589378357,-0.9181042313575745,20434,6634
0,0.07000000029802322,-0.07999999821186066,9.739999771118164,0.125,0.0625,0,29.875,-29,-19.25,-0.3962460458278656,-0.004760812036693096,0.007141217589378357,-0.9181042313575745,20444,6635
0,0.05000000074505806,-0.07999999821186066,9.739999771118164,0,0,-0.0625,29.875,-29,-19.25,-0.3962460458278656,-0.004760812036693096,0.007141217589378357,-0.9181042313575745,20454,6636
0,0.05999999865889549,-0.09000000357627869,9.75,0.1875,0,0.125,30.25,-28.6875,-19.25,-0.3962460458278656,-0.004760812036693096,0.007141217589378357,-0.9181042313575745,20464,6637
0,0.05000000074505806,-0.07999999821186066,9.760000228881836,0,-0.1875,0,30.25,-28.6875,-19.25,-0.3962460458278656,-0.004760812036693096,0.007141217589378357,-0.9181042313575745,20474,6638
0,0.029999999329447746,-0.07999999821186066,9.710000038146973,0,-0.0625,0,30.25,-28.6875,-19.25,-0.3962460458278656,-0.004760812036693096,0.007141217589378357,-0.9181042313575745,20484,6639
0,0.029999999329447746,-0.09000000357627869,9.739999771118164,0,0.0625,0.0625,30.25,-28.6875,-19.25,-0.3962460458278656,-0.004760812036693096,0.007141217589378357,-0.9181042313575745,20494,6640
0,0.05000000074505806,-0.07999999821186066,9.739999771118164,-0.0625,0,0.1875,30.25,-28.6875,-19.25,-0.3962460458278656,-0.004760812036693096,0.007141217589378357,-0.9181042313575745,20504,6641
0,0.03999999910593033,-0.07999999821186066,9.75,0.0625,0.1875,-0.0625,28.75,-29.375,-19.5625,-0.3962460458278656,-0.004760812036693096,0.007141217589378357,-0.9181042313575745,20514,6642
0,0.03999999910593033,-0.10000000149011612,9.75,0.0625,-0.3125,0.0625,28.75,-29.375,-19.5625,-0.3962460458278656,-0.004760812036693096,0.007141217589378357,-0.9181042313575745,20524,6643
0,0.05000000074505806,-0.07000000029802322,9.760000228881836,0.0625,0.0625,0,28.75,-29.375,-19.5625,-0.3962460458278656,-0.004760812036693096,0.007141217589378357,-0.9181042313575745,20534,6644
0,0.05000000074505806,-0.09000000357627869,9.729999542236328,0,0,0,28.75,-29.375,-19.5625,-0.3962460458278656,-0.004760812036693096,0.007141217589378357,-0.9181042313575745,20544,6645
0,0.05999999865889549,-0.09000000357627869,9.760000228881836,0.0625,0,0.0625,28.75,-29.375,-19.5625,-0.3962460458278656,-0.004760812036693096,0.007141217589378357,-0.9181042313575745,20554,6646
0,0.03999999910593033,-0.05999999865889549,9.760000228881836,-0.0625,0.1875,0,31.375,-29,-18.875,-0.3962460458278656,-0.004760812036693096,0.007141217589378357,-0.9181042313575745,20564,6647
0,0.05000000074505806,-0.07000000029802322,9.729999542236328,0.0625,-0.0625,0.0625,31.375,-29,-18.875,-0.3962460458278656,-0.004760812036693096,0.007141217589378357,-0.9181042313575745,20575,6648
0,0.03999999910593033,-0.05000000074505806,9.75,0,0.25,-0.125,31.375,-29,-18.875,-0.3962460458278656,-0.004760812036693096,0.007141217589378357,-0.9181042313575745,20584,6649
0,0.07000000029802322,-0.07000000029802322,9.760000228881836,0,0.0625,-0.125,31.375,-29,-18.875,-0.3962460458278656,-0.004760812036693096,0.007141217589378357,-0.9181042313575745,20594,6650
0,0.05000000074505806,-0.07999999821186066,9.739999771118164,0.0625,0,-0.0625,31.375,-29,-18.875,-0.3962460458278656,-0.004760812036693096,0.007141217589378357,-0.9181042313575745,20604,6651
0,0.05000000074505806,-0.09000000357627869,9.739999771118164,0.0625,0.125,-0.0625,29.875,-28.25,-19.5625,-0.3962460458278656,-0.004760812036693096,0.007141217589378357,-0.9181042313575745,20614,6652
0,0.05000000074505806,-0.10999999940395355,9.75,0.125,0.125,0.125,29.875,-28.25,-19.5625,-0.3962460458278656,-0.004760812036693096,0.007141217589378357,-0.9181042313575745,20625,6653
0,0.05999999865889549,-0.09000000357627869,9.739999771118164,0,0.125,0,29.875,-28.25,-19.5625,-0.3962460458278656,-0.004760812036693096,0.007141217589378357,-0.9181042313575745,20635,6654
0,0.05000000074505806,-0.09000000357627869,9.75,0,-0.125,0,29.875,-28.25,-19.5625,-0.3962460458278656,-0.004760812036693096,0.007141217589378357,-0.9181042313575745,20644,6655
0,0.05999999865889549,-0.05999999865889549,9.75,-0.1875,0.0625,0,29.875,-28.25,-19.5625,-0.3962460458278656,-0.004760812036693096,0.007141217589378357,-0.9181042313575745,20654,6656
0,0.05999999865889549,-0.09000000357627869,9.770000457763672,0,-0.125,0.0625,29.875,-28.25,-17.5625,-0.3962460458278656,-0.004760812036693096,0.007141217589378357,-0.9181042313575745,20665,6657
0,0.03999999910593033,-0.09000000357627869,9.739999771118164,-0.0625,0,-0.0625,29.875,-28.25,-17.5625,-0.3962460458278656,-0.004760812036693096,0.007141217589378357,-0.9181042313575745,20674,6658
0,0.05999999865889549,-0.07999999821186066,9.720000267028809,-0.1875,0.0625,0.0625,29.875,-28.25,-17.5625,-0.3962460458278656,-0.004760812036693096,0.007141217589378357,-0.9181042313575745,20685,6659
0,0.05999999865889549,-0.05999999865889549,9.710000038146973,-0.0625,0.125,0.0625,29.875,-28.25,-17.5625,-0.3962460458278656,-0.004760812036693096,0.007141217589378357,-0.9181042313575745,20695,6660
0,0.05000000074505806,-0.09000000357627869,9.729999542236328,0,0,0,29.875,-28.25,-17.5625,-0.3962460458278656,-0.004760812036693096,0.007141217589378357,-0.9181042313575745,20704,6661
0,0.05000000074505806,-0.05999999865889549,9.710000038146973,0.0625,0.0625,0.0625,29.5,-27.875,-18.5,-0.3962460458278656,-0.004760812036693096,0.007141217589378357,-0.9181042313575745,20715,6662
0,0.07000000029802322,-0.07999999821186066,9.720000267028809,0.0625,-0.0625,-0.125,29.5,-27.875,-18.5,-0.3962460458278656,-0.004760812036693096,0.007141217589378357,-0.9181042313575745,20725,6663
0,0.05999999865889549,-0.09000000357627869,9.75,-0.125,0.125,0,29.5,-27.875,-18.5,-0.3962460458278656,-0.004760812036693096,0.007141217589378357,-0.9181042313575745,20735,6664
0,0.05999999865889549,-0.09000000357627869,9.75,0.0625,0,0,29.5,-27.875,-18.5,-0.3962460458278656,-0.004760812036693096,0.007141217589378357,-0.9181042313575745,20744,6665
0,0.05000000074505806,-0.07999999821186066,9.760000228881836,0,0.1875,-0.125,29.5,-27.875,-18.5,-0.3962460458278656,-0.004760812036693096,0.007141217589378357,-0.9181042313575745,20754,6666
0,0.05999999865889549,-0.09000000357627869,9.770000457763672,0.0625,0.125,0,31,-27.1875,-20.0625,-0.3962460458278656,-0.004760812036693096,0.007141217589378357,-0.9181042313575745,20765,6667
0,0.05999999865889549,-0.07000000029802322,9.739999771118164,-0.0625,-0.0625,0,31,-27.1875,-20.0625,-0.3962460458278656,-0.004760812036693096,0.007141217589378357,-0.9181042313575745,20775,6668
0,0.05000000074505806,-0.09000000357627869,9.729999542236328,0.0625,0.0625,-0.0625,31,-27.1875,-20.0625,-0.3962460458278656,-0.004760812036693096,0.007141217589378357,-0.9181042313575745,20785,6669
0,0.05999999865889549,-0.07999999821186066,9.729999542236328,-0.0625,-0.0625,0,31,-27.1875,-20.0625,-0.3962460458278656,-0.004760812036693096,0.007141217589378357,-0.9181042313575745,20795,6670
0,0.05999999865889549,-0.07000000029802322,9.739999771118164,-0.125,0.0625,-0.0625,31,-27.1875,-20.0625,-0.3962460458278656,-0.004760812036693096,0.007141217589378357,-0.9181042313575745,20804,6671
0,0.07000000029802322,-0.09000000357627869,9.770000457763672,-0.125,0.25,-0.0625,30.25,-27.875,-19.5625,-0.3962460458278656,-0.004760812036693096,0.007141217589378357,-0.9181042313575745,20815,6672
0,0.03999999910593033,-0.07000000029802322,9.739999771118164,0,0.0625,0,30.25,-27.875,-19.5625,-0.3962460458278656,-0.004760812036693096,0.007141217589378357,-0.9181042313575745,20825,6673
0,0.07000000029802322,-0.10000000149011612,9.710000038146973,-0.1875,0.125,0,30.25,-27.875,-19.5625,-0.3962460458278656,-0.004760812036693096,0.007141217589378357,-0.9181042313575745,20835,6674
0,0.07999999821186066,-0.07999999821186066,9.729999542236328,-0.0625,0.125,0,30.25,-27.875,-19.5625,-0.3962460458278656,-0.004760812036693096,0.007141217589378357,-0.9181042313575745,20844,6675
0,0.07000000029802322,-0.07999999821186066,9.75,-0.0625,0.0625,0.0625,30.25,-27.875,-19.5625,-0.3962460458278656,-0.004760812036693096,0.007141217589378357,-0.9181042313575745,20854,6676
0,0.07000000029802322,-0.09000000357627869,9.739999771118164,0.0625,0.25,0.0625,31,-27.5,-19.5625,-0.3962460458278656,-0.004760812036693096,0.007141217589378357,-0.9181042313575745,20865,6677
0,0.05000000074505806,-0.09000000357627869,9.739999771118164,-0.0625,0.1875,-0.0625,31,-27.5,-19.5625,-0.3962460458278656,-0.004760812036693096,0.007141217589378357,-0.9181042313575745,20875,6678
0,0.05000000074505806,-0.05999999865889549,9.75,-0.125,0.0625,0,31,-27.5,-19.5625,-0.3962460458278656,-0.004760812036693096,0.007141217589378357,-0.9181042313575745,20885,6679
0,0.029999999329447746,-0.07000000029802322,9.760000228881836,0,0,-0.0625,31,-27.5,-19.5625,-0.3962460458278656,-0.004760812036693096,0.007141217589378357,-0.9181042313575745,20895,6680
0,0.05000000074505806,-0.07000000029802322,9.720000267028809,-0.1875,-0.0625,0.0625,31,-27.5,-19.5625,-0.3962460458278656,-0.004760812036693096,0.007141217589378357,-0.9181042313575745,20904,6681
0,0.05000000074505806,-0.07999999821186066,9.729999542236328,0.0625,0.0625,0,30.25,-27.5,-18.5,-0.3962460458278656,-0.004760812036693096,0.007141217589378357,-0.9181042313575745,20915,6682
0,0.05000000074505806,-0.05999999865889549,9.75,-0.125,0.125,-0.0625,30.25,-27.5,-18.5,-0.3962460458278656,-0.004760812036693096,0.007141217589378357,-0.9181042313575745,20925,6683
0,0.05000000074505806,-0.07999999821186066,9.710000038146973,0.0625,0.0625,-0.0625,30.25,-27.5,-18.5,-0.3962460458278656,-0.004760812036693096,0.007141217589378357,-0.9181042313575745,20935,6684
0,0.07999999821186066,-0.10000000149011612,9.720000267028809,0,-0.1875,-0.125,30.25,-27.5,-18.5,-0.3962460458278656,-0.004760812036693096,0.007141217589378357,-0.9181042313575745,20944,6685
0,0.05000000074505806,-0.07999999821186066,9.760000228881836,0.125,-0.125,0.0625,30.25,-27.5,-18.5,-0.3962460458278656,-0.004760812036693096,0.007141217589378357,-0.9181042313575745,20954,6686
0,0.03999999910593033,-0.07999999821186066,9.760000228881836,-0.0625,0.1875,0.0625,29.1875,-28.6875,-19.5625,-0.3962460458278656,-0.004760812036693096,0.007141217589378357,-0.9181042313575745,20965,6687
0,0.05999999865889549,-0.09000000357627869,9.739999771118164,-0.0625,-0.0625,0,29.1875,-28.6875,-19.5625,-0.3962460458278656,-0.004760812036693096,0.007141217589378357,-0.9181042313575745,20975,6688
0,0.03999999910593033,-0.09000000357627869,9.739999771118164,0,0,0.0625,29.1875,-28.6875,-19.5625,-0.3962460458278656,-0.004760812036693096,0.007141217589378357,-0.9181042313575745,20985,6689
0,0.029999999329447746,-0.07999999821186066,9.739999771118164,0.0625,0.125,0,29.1875,-28.6875,-19.5625,-0.3962460458278656,-0.004760812036693096,0.007141217589378357,-0.9181042313575745,20995,6690
0,0.05999999865889549,-0.09000000357627869,9.729999542236328,-0.1875,0.1875,0,29.1875,-28.6875,-19.5625,-0.3962460458278656,-0.004760812036693096,0.007141217589378357,-0.9181042313575745,21004,6691
0,0.05000000074505806,-0.07000000029802322,9.739999771118164,0,0,0.0625,29.5,-27.1875,-19.5625,-0.3962460458278656,-0.004760812036693096,0.007141217589378357,-0.9181042313575745,21015,6692
0,0.05999999865889549,-0.07999999821186066,9.710000038146973,0.0625,-0.125,0.0625,29.5,-27.1875,-19.5625,-0.3962460458278656,-0.004760812036693096,0.007141217589378357,-0.9181042313575745,21025,6693
0,0.05999999865889549,-0.07999999821186066,9.710000038146973,-0.0625,-0.25,0.0625,29.5,-27.1875,-19.5625,-0.3962460458278656,-0.004760812036693096,0.007141217589378357,-0.9181042313575745,21035,6694
0,0.05999999865889549,-0.09000000357627869,9.75,0,-0.125,0,29.5,-27.1875,-19.5625,-0.3962460458278656,-0.004760812036693096,0.007141217589378357,-0.9181042313575745,21045,6695
0,0.05999999865889549,-0.09000000357627869,9.729999542236328,0,0.0625,0.0625,29.5,-27.1875,-19.5625,-0.3962460458278656,-0.004760812036693096,0.007141217589378357,-0.9181042313575745,21054,6696
0,0.03999999910593033,-0.07000000029802322,9.729999542236328,0.0625,0.125,-0.0625,28.75,-27.875,-19.5625,-0.3962460458278656,-0.004760812036693096,0.007141217589378357,-0.9181042313575745,21066,6697
0,0.05000000074505806,-0.07999999821186066,9.760000228881836,-0.0625,0,0.0625,28.75,-27.875,-19.5625,-0.3962460458278656,-0.004760812036693096,0.007141217589378357,-0.9181042313575745,21076,6698
0,0.05000000074505806,-0.09000000357627869,9.729999542236328,0,0,0.0625,28.75,-27.875,-19.5625,-0.3962460458278656,-0.004760812036693096,0.007141217589378357,-0.9181042313575745,21085,6699
0,0.05999999865889549,-0.07999999821186066,9.75,-0.0625,-0.125,0,28.75,-27.875,-19.5625,-0.3962460458278656,-0.004760812036693096,0.007141217589378357,-0.9181042313575745,21095,6700
0,0.05999999865889549,-0.09000000357627869,9.720000267028809,0.0625,-0.125,0.125,28.75,-27.875,-19.5625,-0.3962460458278656,-0.004760812036693096,0.007141217589378357,-0.9181042313575745,21104,6701
0,0.05999999865889549,-0.07000000029802322,9.739999771118164,-0.125,0.125,-0.125,29.5,-28.25,-20.0625,-0.3962460458278656,-0.004760812036693096,0.007141217589378357,-0.9181042313575745,21115,6702
0,0.07000000029802322,-0.05999999865889549,9.739999771118164,-0.0625,0.25,0,29.5,-28.25,-20.0625,-0.3962460458278656,-0.004760812036693096,0.007141217589378357,-0.9181042313575745,21125,6703
0,0.05999999865889549,-0.05999999865889549,9.75,0.125,-0.0625,0.0625,29.5,-28.25,-20.0625,-0.3962460458278656,-0.004760812036693096,0.007141217589378357,-0.9181042313575745,21136,6704
0,0.05000000074505806,-0.07999999821186066,9.760000228881836,0,-0.125,0.0625,29.5,-28.25,-20.0625,-0.3962460458278656,-0.004760812036693096,0.007141217589378357,-0.9181042313575745,21145,6705
0,0.05999999865889549,-0.07000000029802322,9.720000267028809,0,0.125,0,29.5,-28.25,-20.0625,-0.3962460458278656,-0.004760812036693096,0.007141217589378357,-0.9181042313575745,21154,6706
0,0.03999999910593033,-0.10000000149011612,9.75,-0.1875,0,0.0625,30.6875,-27.875,-19.25,-0.3962460458278656,-0.004760812036693096,0.007141217589378357,-0.9181042313575745,21166,6707
0,0.07000000029802322,-0.09000000357627869,9.760000228881836,0.0625,0,0,30.6875,-27.875,-19.25,-0.3962460458278656,-0.004760812036693096,0.007141217589378357,-0.9181042313575745,21176,6708
0,0.05000000074505806,-0.07999999821186066,9.710000038146973,0,0,0,30.6875,-27.875,-19.25,-0.3962460458278656,-0.004760812036693096,0.007141217589378357,-0.9181042313575745,21186,6709
0,0.05999999865889549,-0.09000000357627869,9.760000228881836,-0.125,-0.1875,-0.0625,30.6875,-27.875,-19.25,-0.3962460458278656,-0.004760812036693096,0.007141217589378357,-0.9181042313575745,21196,6710
0,0.05999999865889549,-0.09000000357627869,9.760000228881836,-0.1875,0.0625,0,30.6875,-27.875,-19.25,-0.3962460458278656,-0.004760812036693096,0.007141217589378357,-0.9181042313575745,21204,6711
0,0.05999999865889549,-0.07000000029802322,9.720000267028809,0.0625,0.0625,0.0625,29.875,-29,-18.0625,-0.3962460458278656,-0.004760812036693096,0.007141217589378357,-0.9181042313575745,21216,6712
0,0.05000000074505806,-0.07000000029802322,9.729999542236328,-0.125,0.125,0,29.875,-29,-18.0625,-0.3962460458278656,-0.004760812036693096,0.007141217589378357,-0.9181042313575745,21226,6713
0,0.05999999865889549,-0.07999999821186066,9.739999771118164,-0.0625,0,-0.125,29.875,-29,-18.0625,-0.3962460458278656,-0.004760812036693096,0.007141217589378357,-0.9181042313575745,21236,6714
0,0.07000000029802322,-0.07999999821186066,9.720000267028809,-0.0625,0.1875,0,29.875,-29,-18.0625,-0.3962460458278656,-0.004760812036693096,0.007141217589378357,-0.9181042313575745,21245,6715
0,0.07000000029802322,-0.07999999821186066,9.75,-0.0625,0.5,-0.125,29.875,-29,-18.0625,-0.3962460458278656,-0.004760812036693096,0.007141217589378357,-0.9181042313575745,21254,6716
0,0.03999999910593033,-0.05999999865889549,9.779999732971191,0.0625,0,0.125,30.25,-29,-18.5,-0.3962460458278656,-0.004760812036693096,0.007141217589378357,-0.9181042313575745,21266,6717
0,0.07000000029802322,-0.09000000357627869,9.739999771118164,-0.0625,0,0,30.25,-29,-18.5,-0.3962460458278656,-0.004760812036693096,0.007141217589378357,-0.9181042313575745,21276,6718
0,0.07000000029802322,-0.07999999821186066,9.720000267028809,0,-0.0625,0,30.25,-29,-18.5,-0.3962460458278656,-0.004760812036693096,0.007141217589378357,-0.9181042313575745,21286,6719
0,0.03999999910593033,-0.07000000029802322,9.710000038146973,-0.125,0.0625,-0.0625,30.25,-29,-18.5,-0.3962460458278656,-0.004760812036693096,0.007141217589378357,-0.9181042313575745,21296,6720
0,0.05999999865889549,-0.09000000357627869,9.770000457763672,0.0625,-0.25,0,30.25,-29,-18.5,-0.3962460458278656,-0.004760812036693096,0.007141217589378357,-0.9181042313575745,21304,6721
0,0.03999999910593033,-0.05999999865889549,9.710000038146973,-0.0625,-0.125,0,29.875,-28.25,-20.5,-0.3962460458278656,-0.004760812036693096,0.007141217589378357,-0.9181042313575745,21316,6722
0,0.029999999329447746,-0.07999999821186066,9.75,0,-0.125,0.0625,29.875,-28.25,-20.5,-0.3962460458278656,-0.004760812036693096,0.007141217589378357,-0.9181042313575745,21326,6723
0,0.03999999910593033,-0.07000000029802322,9.720000267028809,-0.1875,0.125,-0.0625,29.875,-28.25,-20.5,-0.3962460458278656,-0.004760812036693096,0.007141217589378357,-0.9181042313575745,21336,6724
0,0.05000000074505806,-0.05999999865889549,9.739999771118164,-0.0625,0,0.0625,29.875,-28.25,-20.5,-0.3962460458278656,-0.004760812036693096,0.007141217589378357,-0.9181042313575745,21345,6725
0,0.05999999865889549,-0.10000000149011612,9.729999542236328,0,0,0.0625,29.875,-28.25,-20.5,-0.3962460458278656,-0.004760812036693096,0.007141217589378357,-0.9181042313575745,21354,6726
0,0.07000000029802322,-0.09000000357627869,9.739999771118164,0.0625,0.0625,0,30.25,-24.5,-19.25,-0.3962460458278656,-0.004760812036693096,0.007141217589378357,-0.9181042313575745,21366,6727
0,0.05000000074505806,-0.07000000029802322,9.75,-0.125,0.125,0.0625,30.25,-24.5,-19.25,-0.3962460458278656,-0.004760812036693096,0.007141217589378357,-0.9181042313575745,21376,6728
0,0.07999999821186066,-0.07999999821186066,9.720000267028809,0,-0.1875,0.125,30.25,-24.5,-19.25,-0.3962460458278656,-0.004760812036693096,0.007141217589378357,-0.9181042313575745,21386,6729
0,0.03999999910593033,-0.07999999821186066,9.699999809265137,0,-0.25,0.0625,30.25,-24.5,-19.25,-0.3962460458278656,-0.004760812036693096,0.007141217589378357,-0.9181042313575745,21396,6730
0,0.07999999821186066,-0.05999999865889549,9.729999542236328,0,0.0625,0,30.25,-24.5,-19.25,-0.3962460458278656,-0.004760812036693096,0.007141217589378357,-0.9181042313575745,21404,6731
0,0.05999999865889549,-0.07999999821186066,9.729999542236328,0,0.125,0,30.6875,-27.1875,-19.5625,-0.3962460458278656,-0.004760812036693096,0.007141217589378357,-0.9181042313575745,21416,6732
0,0.07000000029802322,-0.05999999865889549,9.720000267028809,-0.0625,0.0625,-0.0625,30.6875,-27.1875,-19.5625,-0.3962460458278656,-0.004760812036693096,0.007141217589378357,-0.9181042313575745,21426,6733
0,0.05000000074505806,-0.07999999821186066,9.729999542236328,-0.0625,0,-0.0625,30.6875,-27.1875,-19.5625,-0.3962460458278656,-0.004760812036693096,0.007141217589378357,-0.9181042313575745,21436,6734
0,0.05999999865889549,-0.10000000149011612,9.760000228881836,-0.25,0.0625,0,30.6875,-27.1875,-19.5625,-0.3962460458278656,-0.004760812036693096,0.007141217589378357,-0.9181042313575745,21445,6735
0,0.05999999865889549,-0.07000000029802322,9.75,-0.0625,0,0,30.6875,-27.1875,-19.5625,-0.3962460458278656,-0.004760812036693096,0.007141217589378357,-0.9181042313575745,21454,6736
0,0.05999999865889549,-0.09000000357627869,9.739999771118164,0,0.0625,0,30.25,-27.1875,-19.25,-0.3962460458278656,-0.004760812036693096,0.007141217589378357,-0.9181042313575745,21466,6737
0,0.05000000074505806,-0.07999999821186066,9.739999771118164,0,0.0625,-0.0625,30.25,-27.1875,-19.25,-0.3962460458278656,-0.004760812036693096,0.007141217589378357,-0.9181042313575745,21476,6738
0,0.05000000074505806,-0.05000000074505806,9.729999542236328,-0.0625,0.0625,-0.0625,30.25,-27.1875,-19.25,-0.3962460458278656,-0.004760812036693096,0.007141217589378357,-0.9181042313575745,21486,6739
0,0.07000000029802322,-0.09000000357627869,9.760000228881836,0.125,0.1875,0.0625,30.25,-27.1875,-19.25,-0.3962460458278656,-0.004760812036693096,0.007141217589378357,-0.9181042313575745,21496,6740
0,0.07999999821186066,-0.09000000357627869,9.729999542236328,-0.0625,0.0625,0,30.25,-27.1875,-19.25,-0.3962460458278656,-0.004760812036693096,0.007141217589378357,-0.9181042313575745,21504,6741
0,0.05999999865889549,-0.09000000357627869,9.760000228881836,-0.125,0.0625,0,31,-26.75,-20.75,-0.3962460458278656,-0.004760812036693096,0.007141217589378357,-0.9181042313575745,21516,6742
0,0.05000000074505806,-0.05000000074505806,9.760000228881836,-0.0625,-0.125,0,31,-26.75,-20.75,-0.3962460458278656,-0.004760812036693096,0.007141217589378357,-0.9181042313575745,21526,6743
0,0.05999999865889549,-0.07999999821186066,9.729999542236328,-0.125,0.0625,0,31,-26.75,-20.75,-0.3962460458278656,-0.004760812036693096,0.007141217589378357,-0.9181042313575745,21536,6744
0,0.05000000074505806,-0.07999999821186066,9.720000267028809,-0.125,0.0625,0.0625,31,-26.75,-20.75,-0.3962460458278656,-0.004760812036693096,0.007141217589378357,-0.9181042313575745,21545,6745
0,0.05000000074505806,-0.09000000357627869,9.739999771118164,-0.125,0.125,0.0625,31,-26.75,-20.75,-0.3962460458278656,-0.004760812036693096,0.007141217589378357,-0.9181042313575745,21554,6746
0,0.05000000074505806,-0.07999999821186066,9.75,-0.0625,0,0,30.25,-26.75,-19.5625,-0.3962460458278656,-0.004760812036693096,0.007141217589378357,-0.9181042313575745,21567,6747
0,0.05000000074505806,-0.07000000029802322,9.739999771118164,-0.0625,-0.125,-0.0625,30.25,-26.75,-19.5625,-0.3962460458278656,-0.004760812036693096,0.007141217589378357,-0.9181042313575745,21576,6748
0,0.05999999865889549,-0.07000000029802322,9.739999771118164,0.0625,-0.1875,-0.0625,30.25,-26.75,-19.5625,-0.3962460458278656,-0.004760812036693096,0.007141217589378357,-0.9181042313575745,21587,6749
0,0.05000000074505806,-0.07999999821186066,9.75,0.0625,0,0.125,30.25,-26.75,-19.5625,-0.3962460458278656,-0.004760812036693096,0.007141217589378357,-0.9181042313575745,21597,6750
0,0.05999999865889549,-0.07999999821186066,9.75,-0.1875,0.1875,-0.0625,30.25,-26.75,-19.5625,-0.3962460458278656,-0.004760812036693096,0.007141217589378357,-0.9181042313575745,21604,6751
0,0.05000000074505806,-0.09000000357627869,9.770000457763672,-0.125,0.0625,0,31,-26.75,-19.5625,-0.3962460458278656,-0.004760812036693096,0.007141217589378357,-0.9181042313575745,21617,6752
0,0.03999999910593033,-0.07000000029802322,9.739999771118164,-0.125,0.0625,0,31,-26.75,-19.5625,-0.3962460458278656,-0.004760812036693096,0.007141217589378357,-0.9181042313575745,21627,6753
0,0.03999999910593033,-0.07000000029802322,9.720000267028809,0.0625,-0.25,-0.0625,31,-26.75,-19.5625,-0.3962460458278656,-0.004760812036693096,0.007141217589378357,-0.9181042313575745,21637,6754
0,0.05999999865889549,-0.09000000357627869,9.75,0,-0.0625,0.0625,31,-26.75,-19.5625,-0.3962460458278656,-0.004760812036693096,0.007141217589378357,-0.9181042313575745,21646,6755
0,0.05999999865889549,-0.09000000357627869,9.739999771118164,-0.1875,0.125,-0.125,31,-26.75,-19.5625,-0.3962460458278656,-0.004760812036693096,0.007141217589378357,-0.9181042313575745,21654,6756
0,0.05000000074505806,-0.07999999821186066,9.75,0.0625,0.1875,-0.0625,29.5,-26.375,-19.25,-0.3962460458278656,-0.004760812036693096,0.007141217589378357,-0.9181042313575745,21667,6757
0,0.05000000074505806,-0.09000000357627869,9.75,0.0625,0.1875,-0.0625,29.5,-26.375,-19.25,-0.3962460458278656,-0.004760812036693096,0.007141217589378357,-0.9181042313575745,21677,6758
0,0.05000000074505806,-0.07999999821186066,9.75,-0.125,-0.0625,0.125,29.5,-26.375,-19.25,-0.3962460458278656,-0.004760812036693096,0.007141217589378357,-0.9181042313575745,21687,6759
0,0.05000000074505806,-0.09000000357627869,9.739999771118164,-0.0625,0.0625,0,29.5,-26.375,-19.25,-0.3962460458278656,-0.004760812036693096,0.007141217589378357,-0.9181042313575745,21697,6760
0,0.05000000074505806,-0.05999999865889549,9.729999542236328,-0.0625,0,0.125,29.5,-26.375,-19.25,-0.3962460458278656,-0.004760812036693096,0.007141217589378357,-0.9181042313575745,21704,6761
0,0.05999999865889549,-0.09000000357627869,9.739999771118164,0,-0.0625,0,29.875,-28.25,-19.25,-0.3962460458278656,-0.004760812036693096,0.007141217589378357,-0.9181042313575745,21717,6762
0,0.05000000074505806,-0.07000000029802322,9.779999732971191,-0.125,-0.0625,-0.0625,29.875,-28.25,-19.25,-0.3962460458278656,-0.004760812036693096,0.007141217589378357,-0.9181042313575745,21727,6763
0,0.03999999910593033,-0.05999999865889549,9.739999771118164,-0.0625,-0.1875,0,29.875,-28.25,-19.25,-0.3962460458278656,-0.004760812036693096,0.007141217589378357,-0.9181042313575745,21737,6764
0,0.05000000074505806,-0.05999999865889549,9.699999809265137,-0.125,0.125,0,29.875,-28.25,-19.25,-0.3962460458278656,-0.004760812036693096,0.007141217589378357,-0.9181042313575745,21746,6765
0,0.029999999329447746,-0.07999999821186066,9.760000228881836,0.125,-0.0625,0,29.875,-28.25,-19.25,-0.3962460458278656,-0.004760812036693096,0.007141217589378357,-0.9181042313575745,21754,6766
0,0.05000000074505806,-0.07999999821186066,9.739999771118164,-0.0625,0.125,0,29.1875,-27.5,-20.0625,-0.3962460458278656,-0.004760812036693096,0.007141217589378357,-0.9181042313575745,21767,6767
0,0.05000000074505806,-0.07000000029802322,9.739999771118164,0,0.0625,-0.0625,29.1875,-27.5,-20.0625,-0.3962460458278656,-0.004760812036693096,0.007141217589378357,-0.9181042313575745,21777,6768
0,0.05000000074505806,-0.07000000029802322,9.720000267028809,-0.125,0.125,0.125,29.1875,-27.5,-20.0625,-0.3962460458278656,-0.004760812036693096,0.007141217589378357,-0.9181042313575745,21787,6769
0,0.03999999910593033,-0.10000000149011612,9.760000228881836,0.0625,-0.125,0,29.1875,-27.5,-20.0625,-0.3962460458278656,-0.004760812036693096,0.007141217589378357,-0.9181042313575745,21797,6770
0,0.07000000029802322,-0.09000000357627869,9.739999771118164,-0.0625,0,-0.0625,29.1875,-27.5,-20.0625,-0.3962460458278656,-0.004760812036693096,0.007141217589378357,-0.9181042313575745,21804,6771
0,0.03999999910593033,-0.07000000029802322,9.739999771118164,0,-0.0625,0.0625,29.1875,-27.5,-18.875,-0.3962460458278656,-0.004760812036693096,0.007141217589378357,-0.9181042313575745,21817,6772
0,0.03999999910593033,-0.07999999821186066,9.729999542236328,-0.0625,0.0625,0,29.1875,-27.5,-18.875,-0.3962460458278656,-0.004760812036693096,0.007141217589378357,-0.9181042313575745,21827,6773
0,0.05999999865889549,-0.07000000029802322,9.739999771118164,-0.125,0.0625,-0.0625,29.1875,-27.5,-18.875,-0.3962460458278656,-0.004760812036693096,0.007141217589378357,-0.9181042313575745,21837,6774
0,0.03999999910593033,-0.07000000029802322,9.739999771118164,-0.0625,-0.0625,0,29.1875,-27.5,-18.875,-0.3962460458278656,-0.004760812036693096,0.007141217589378357,-0.9181042313575745,21846,6775
0,0.05000000074505806,-0.07999999821186066,9.75,-0.125,0,0,29.1875,-27.5,-18.875,-0.3962460458278656,-0.004760812036693096,0.007141217589378357,-0.9181042313575745,21854,6776
0,0.05999999865889549,-0.05999999865889549,9.729999542236328,0.0625,0.125,0.0625,30.6875,-29,-19.5625,-0.3962460458278656,-0.004760812036693096,0.007141217589378357,-0.9181042313575745,21867,6777
0,0.05999999865889549,-0.07999999821186066,9.720000267028809,-0.0625,0.0625,0.0625,30.6875,-29,-19.5625,-0.3962460458278656,-0.004760812036693096,0.007141217589378357,-0.9181042313575745,21877,6778
0,0.03999999910593033,-0.07999999821186066,9.739999771118164,-0.125,-0.1875,0,30.6875,-29,-19.5625,-0.3962460458278656,-0.004760812036693096,0.007141217589378357,-0.9181042313575745,21887,6779
0,0.03999999910593033,-0.07000000029802322,9.760000228881836,-0.0625,-0.1875,0,30.6875,-29,-19.5625,-0.3962460458278656,-0.004760812036693096,0.007141217589378357,-0.9181042313575745,21897,6780
